  -2.8634e+06
  -2.8682e+06
  -2.8607e+06
  -2.8621e+06
  -2.8632e+06
  -2.8192e+06
  -2.8135e+06
  -2.8226e+06
  -2.8236e+06
  -2.8220e+06
  -2.8201e+06
  -2.8053e+06
  -2.8229e+06
  -2.7942e+06
  -2.7929e+06
  -2.7956e+06
  -2.8451e+06
  -2.7832e+06
  -2.7769e+06
  -2.7750e+06
  -2.7559e+06
  -2.7538e+06
  -2.7610e+06
  -2.7493e+06
  -2.7514e+06
  -2.7539e+06
  -2.7445e+06
  -2.7361e+06
  -2.7345e+06
  -2.7371e+06
  -2.7333e+06
  -2.7272e+06
  -2.7186e+06
  -2.7237e+06
  -2.7108e+06
  -2.7151e+06
  -2.7184e+06
  -2.7075e+06
  -2.7047e+06
  -2.6919e+06
  -2.6859e+06
  -2.6832e+06
  -2.6802e+06
  -2.6740e+06
  -2.6688e+06
  -2.6647e+06
  -2.6632e+06
  -2.6568e+06
  -2.6538e+06
  -2.6479e+06
  -2.6458e+06
  -2.6413e+06
  -2.6304e+06
  -2.6329e+06
  -2.6317e+06
  -2.6301e+06
  -2.6271e+06
  -2.6252e+06
  -2.6222e+06
  -2.6218e+06
  -2.6233e+06
  -2.6133e+06
  -2.6120e+06
  -2.6108e+06
  -2.6051e+06
  -2.6018e+06
  -2.5988e+06
  -2.5927e+06
  -2.5941e+06
  -2.5902e+06
  -2.5906e+06
  -2.5884e+06
  -2.5814e+06
  -2.5770e+06
  -2.5689e+06
  -2.5646e+06
  -2.5601e+06
  -2.5541e+06
  -2.5475e+06
  -2.5338e+06
  -2.5363e+06
  -2.5306e+06
  -2.5349e+06
  -2.5258e+06
  -2.5240e+06
  -2.5230e+06
  -2.5183e+06
  -2.5115e+06
  -2.5132e+06
  -2.5256e+06
  -2.5066e+06
  -2.4995e+06
  -2.4984e+06
  -2.4862e+06
  -2.4868e+06
  -2.4806e+06
  -2.4797e+06
  -2.4565e+06
  -2.4643e+06
  -2.4680e+06
  -2.4627e+06
  -2.4593e+06
  -2.4438e+06
  -2.4380e+06
  -2.4408e+06
  -2.4258e+06
  -2.4326e+06
  -2.4338e+06
  -2.4188e+06
  -2.4322e+06
  -2.4320e+06
  -2.4184e+06
  -2.4222e+06
  -2.4260e+06
  -2.4382e+06
  -2.4333e+06
  -2.4244e+06
  -2.4190e+06
  -2.3952e+06
  -2.3871e+06
  -2.3785e+06
  -2.3545e+06
  -2.3355e+06
  -2.3233e+06
  -2.3061e+06
  -2.2855e+06
  -2.2817e+06
  -2.2654e+06
  -2.2589e+06
  -2.2459e+06
  -2.2392e+06
  -2.2388e+06
  -2.2285e+06
  -2.2268e+06
  -2.2269e+06
  -2.2173e+06
  -2.2117e+06
  -2.2126e+06
  -2.2158e+06
  -2.2162e+06
  -2.2143e+06
  -2.2132e+06
  -2.2133e+06
  -2.2116e+06
  -2.2133e+06
  -2.2048e+06
  -2.2079e+06
  -2.2030e+06
  -2.2004e+06
  -2.1998e+06
  -2.1976e+06
  -2.1987e+06
  -2.1941e+06
  -2.1931e+06
  -2.1924e+06
  -2.1915e+06
  -2.1930e+06
  -2.1908e+06
  -2.1884e+06
  -2.1898e+06
  -2.1893e+06
  -2.1889e+06
  -2.1846e+06
  -2.1843e+06
  -2.1849e+06
  -2.1834e+06
  -2.1825e+06
  -2.1824e+06
  -2.1804e+06
  -2.1792e+06
  -2.1800e+06
  -2.1801e+06
  -2.1798e+06
  -2.1792e+06
  -2.1800e+06
  -2.1793e+06
  -2.1809e+06
  -2.1802e+06
  -2.1781e+06
  -2.1774e+06
  -2.1781e+06
  -2.1770e+06
  -2.1769e+06
  -2.1734e+06
  -2.1737e+06
  -2.1731e+06
  -2.1727e+06
  -2.1750e+06
  -2.1746e+06
  -2.1713e+06
  -2.1718e+06
  -2.1737e+06
  -2.1732e+06
  -2.1752e+06
  -2.1757e+06
  -2.1749e+06
  -2.1751e+06
  -2.1742e+06
  -2.1736e+06
  -2.1749e+06
  -2.1747e+06
  -2.1743e+06
  -2.1715e+06
  -2.1715e+06
  -2.1724e+06
  -2.1698e+06
  -2.1699e+06
  -2.1691e+06
  -2.1699e+06
  -2.1698e+06
  -2.1694e+06
  -2.1698e+06
  -2.1693e+06
  -2.1691e+06
  -2.1695e+06
  -2.1679e+06
  -2.1697e+06
  -2.1701e+06
  -2.1684e+06
  -2.1682e+06
  -2.1679e+06
  -2.1674e+06
  -2.1708e+06
  -2.1699e+06
  -2.1701e+06
  -2.1689e+06
  -2.1701e+06
  -2.1689e+06
  -2.1681e+06
  -2.1691e+06
  -2.1679e+06
  -2.1680e+06
  -2.1669e+06
  -2.1663e+06
  -2.1666e+06
  -2.1644e+06
  -2.1637e+06
  -2.1642e+06
  -2.1641e+06
  -2.1648e+06
  -2.1623e+06
  -2.1613e+06
  -2.1611e+06
  -2.1581e+06
  -2.1595e+06
  -2.1580e+06
  -2.1577e+06
  -2.1576e+06
  -2.1589e+06
  -2.1562e+06
  -2.1556e+06
  -2.1556e+06
  -2.1543e+06
  -2.1545e+06
  -2.1533e+06
  -2.1542e+06
  -2.1535e+06
  -2.1539e+06
  -2.1528e+06
  -2.1522e+06
  -2.1520e+06
  -2.1554e+06
  -2.1520e+06
  -2.1550e+06
  -2.1533e+06
  -2.1552e+06
  -2.1520e+06
  -2.1519e+06
  -2.1508e+06
  -2.1532e+06
  -2.1535e+06
  -2.1497e+06
  -2.1505e+06
  -2.1487e+06
  -2.1445e+06
  -2.1414e+06
  -2.1433e+06
  -2.1398e+06
  -2.1368e+06
  -2.1378e+06
  -2.1350e+06
  -2.1338e+06
  -2.1309e+06
  -2.1322e+06
  -2.1336e+06
  -2.1372e+06
  -2.1405e+06
  -2.1373e+06
  -2.1389e+06
  -2.1374e+06
  -2.1365e+06
  -2.1359e+06
  -2.1348e+06
  -2.1345e+06
  -2.1338e+06
  -2.1332e+06
  -2.1324e+06
  -2.1341e+06
  -2.1314e+06
  -2.1379e+06
  -2.1446e+06
  -2.1316e+06
  -2.1328e+06
  -2.1325e+06
  -2.1314e+06
  -2.1298e+06
  -2.1267e+06
  -2.1266e+06
  -2.1237e+06
  -2.1292e+06
  -2.1285e+06
  -2.1283e+06
  -2.1282e+06
  -2.1265e+06
  -2.1249e+06
  -2.1266e+06
  -2.1266e+06
  -2.1270e+06
  -2.1214e+06
  -2.1236e+06
  -2.1228e+06
  -2.1221e+06
  -2.1219e+06
  -2.1235e+06
  -2.1190e+06
  -2.1169e+06
  -2.1160e+06
  -2.1188e+06
  -2.1178e+06
  -2.1164e+06
  -2.1109e+06
  -2.1106e+06
  -2.1130e+06
  -2.1118e+06
  -2.1121e+06
  -2.1121e+06
  -2.1110e+06
  -2.1121e+06
  -2.1133e+06
  -2.1129e+06
  -2.1116e+06
  -2.1126e+06
  -2.1108e+06
  -2.1111e+06
  -2.1104e+06
  -2.1107e+06
  -2.1087e+06
  -2.1086e+06
  -2.1091e+06
  -2.1091e+06
  -2.1058e+06
  -2.1117e+06
  -2.1025e+06
  -2.1021e+06
  -2.0998e+06
  -2.1004e+06
  -2.0977e+06
  -2.0983e+06
  -2.0970e+06
  -2.0976e+06
  -2.0922e+06
  -2.0932e+06
  -2.0942e+06
  -2.0947e+06
  -2.0923e+06
  -2.0929e+06
  -2.0897e+06
  -2.0888e+06
  -2.0893e+06
  -2.0909e+06
  -2.0907e+06
  -2.0902e+06
  -2.0905e+06
  -2.0893e+06
  -2.0892e+06
  -2.0893e+06
  -2.0891e+06
  -2.0890e+06
  -2.0886e+06
  -2.0871e+06
  -2.0909e+06
  -2.0896e+06
  -2.0860e+06
  -2.0870e+06
  -2.0825e+06
  -2.0827e+06
  -2.0805e+06
  -2.0815e+06
  -2.0806e+06
  -2.0833e+06
  -2.0844e+06
  -2.0815e+06
  -2.0827e+06
  -2.0841e+06
  -2.0825e+06
  -2.0802e+06
  -2.0802e+06
  -2.0808e+06
  -2.0792e+06
  -2.0797e+06
  -2.0795e+06
  -2.0812e+06
  -2.0809e+06
  -2.0843e+06
  -2.0822e+06
  -2.0836e+06
  -2.0825e+06
  -2.0792e+06
  -2.0776e+06
  -2.0773e+06
  -2.0776e+06
  -2.0739e+06
  -2.0727e+06
  -2.0748e+06
  -2.0775e+06
  -2.0787e+06
  -2.0781e+06
  -2.0766e+06
  -2.0775e+06
  -2.0772e+06
  -2.0770e+06
  -2.0800e+06
  -2.0794e+06
  -2.0788e+06
  -2.0763e+06
  -2.0730e+06
  -2.0724e+06
  -2.0719e+06
  -2.0639e+06
  -2.0652e+06
  -2.0626e+06
  -2.0623e+06
  -2.0708e+06
  -2.0676e+06
  -2.0669e+06
  -2.0670e+06
  -2.0633e+06
  -2.0571e+06
  -2.0558e+06
  -2.0512e+06
  -2.0493e+06
  -2.0495e+06
  -2.0459e+06
  -2.0465e+06
  -2.0391e+06
  -2.0469e+06
  -2.0494e+06
  -2.0460e+06
  -2.0374e+06
  -2.0396e+06
  -2.0440e+06
  -2.0443e+06
  -2.0375e+06
  -2.0397e+06
  -2.0353e+06
  -2.0309e+06
  -2.0254e+06
  -2.0258e+06
  -2.0250e+06
  -2.0245e+06
  -2.0251e+06
  -2.0264e+06
  -2.0224e+06
  -2.0263e+06
  -2.0253e+06
  -2.0275e+06
  -2.0247e+06
  -2.0267e+06
  -2.0245e+06
  -2.0232e+06
  -2.0215e+06
  -2.0196e+06
  -2.0186e+06
  -2.0170e+06
  -2.0168e+06
  -2.0136e+06
  -2.0136e+06
  -2.0111e+06
  -2.0073e+06
  -2.0047e+06
  -2.0034e+06
  -1.9992e+06
  -1.9987e+06
  -1.9975e+06
  -1.9976e+06
  -1.9993e+06
  -1.9939e+06
  -1.9957e+06
  -1.9966e+06
  -1.9994e+06
  -1.9969e+06
  -1.9865e+06
  -1.9821e+06
  -1.9825e+06
  -1.9848e+06
  -1.9855e+06
  -1.9841e+06
  -1.9881e+06
  -1.9845e+06
  -1.9849e+06
  -1.9839e+06
  -1.9840e+06
  -1.9844e+06
  -1.9829e+06
  -1.9815e+06
  -1.9843e+06
  -1.9830e+06
  -1.9869e+06
  -1.9856e+06
  -1.9843e+06
  -1.9850e+06
  -1.9828e+06
  -1.9855e+06
  -1.9836e+06
  -1.9828e+06
  -1.9809e+06
  -1.9750e+06
  -1.9756e+06
  -1.9732e+06
  -1.9752e+06
  -1.9725e+06
  -1.9726e+06
  -1.9735e+06
  -1.9703e+06
  -1.9700e+06
  -1.9699e+06
  -1.9670e+06
  -1.9667e+06
  -1.9668e+06
  -1.9613e+06
  -1.9586e+06
  -1.9599e+06
  -1.9588e+06
  -1.9559e+06
  -1.9529e+06
  -1.9523e+06
  -1.9497e+06
  -1.9487e+06
  -1.9507e+06
  -1.9499e+06
  -1.9504e+06
  -1.9511e+06
  -1.9522e+06
  -1.9527e+06
  -1.9513e+06
  -1.9494e+06
  -1.9489e+06
  -1.9487e+06
  -1.9512e+06
  -1.9473e+06
  -1.9499e+06
  -1.9389e+06
  -1.9394e+06
