  -2.8634e+06
  -2.8635e+06
  -2.8623e+06
  -2.8626e+06
  -2.8509e+06
  -2.7856e+06
  -2.7899e+06
  -2.8022e+06
  -2.7943e+06
  -2.7759e+06
  -2.7487e+06
  -4.8821e+05
   6.0870e+06
   6.3029e+06
   6.9039e+06
   7.0470e+06
   7.2763e+06
   7.3223e+06
   7.4332e+06
   7.9127e+06
   9.2733e+06
   9.4057e+06
   9.4224e+06
   9.7004e+06
   1.0563e+07
   1.0633e+07
   1.0730e+07
   1.1518e+07
   1.3740e+07
   1.3882e+07
   1.3959e+07
   1.3978e+07
   1.4106e+07
   1.4481e+07
   1.4732e+07
   1.5210e+07
   1.5224e+07
   1.5329e+07
   1.5679e+07
   1.5734e+07
   1.5738e+07
   1.5743e+07
   1.5771e+07
   1.5823e+07
   1.5976e+07
   1.6023e+07
   1.6043e+07
   1.6115e+07
   1.6263e+07
   1.6266e+07
   1.6298e+07
   1.6414e+07
   1.6808e+07
   1.6976e+07
   1.7098e+07
   1.7126e+07
   1.7142e+07
   1.7147e+07
   1.7159e+07
   1.7168e+07
   1.7193e+07
   1.7197e+07
   1.7218e+07
   1.7219e+07
   1.7218e+07
   1.7226e+07
   1.7239e+07
   1.7247e+07
   1.7249e+07
   1.7261e+07
   1.7300e+07
   1.7302e+07
   1.7316e+07
   1.7324e+07
   1.7330e+07
   1.7332e+07
   1.7341e+07
   1.7351e+07
   1.7364e+07
   1.7369e+07
   1.7375e+07
   1.7444e+07
   1.7644e+07
   1.7717e+07
   1.7935e+07
   1.7936e+07
   1.7937e+07
   1.7956e+07
   1.7963e+07
   1.7969e+07
   1.7990e+07
   1.8297e+07
   1.9223e+07
   1.9226e+07
   1.9228e+07
   1.9663e+07
   2.0901e+07
   2.0936e+07
   2.0992e+07
   2.1002e+07
   2.1016e+07
   2.1017e+07
   2.1023e+07
   2.1032e+07
   2.1080e+07
   2.1085e+07
   2.1105e+07
   2.1134e+07
   2.1155e+07
   2.1234e+07
   2.1360e+07
   2.1360e+07
   2.1354e+07
   2.1353e+07
   2.1382e+07
   2.1391e+07
   2.1399e+07
   2.1427e+07
   2.1441e+07
   2.1480e+07
   2.1483e+07
   2.1500e+07
   2.1554e+07
   2.1668e+07
   2.1673e+07
   2.1684e+07
   2.1693e+07
   2.1706e+07
   2.1717e+07
   2.1734e+07
   2.1738e+07
   2.1744e+07
   2.1749e+07
   2.1748e+07
   2.1750e+07
   2.1781e+07
   2.1831e+07
   2.1851e+07
   2.1851e+07
   2.1853e+07
   2.1860e+07
   2.1861e+07
   2.1872e+07
   2.1876e+07
   2.1877e+07
   2.1873e+07
   2.1873e+07
   2.1876e+07
   2.1878e+07
   2.1876e+07
   2.1878e+07
   2.1878e+07
   2.1879e+07
   2.1884e+07
   2.1891e+07
   2.1892e+07
   2.1893e+07
   2.1890e+07
   2.1892e+07
   2.1891e+07
   2.1894e+07
   2.1891e+07
   2.1890e+07
   2.1892e+07
   2.1894e+07
   2.1894e+07
   2.1912e+07
   2.1913e+07
   2.1913e+07
   2.1910e+07
   2.1911e+07
   2.1911e+07
   2.1913e+07
   2.1911e+07
   2.1913e+07
   2.1914e+07
   2.1916e+07
   2.1907e+07
   2.1916e+07
   2.1916e+07
   2.1923e+07
   2.1934e+07
   2.1936e+07
   2.1936e+07
   2.1938e+07
   2.1938e+07
   2.1939e+07
   2.1941e+07
   2.1943e+07
   2.1941e+07
   2.1942e+07
   2.1944e+07
   2.1944e+07
   2.1983e+07
   2.2115e+07
   2.2116e+07
   2.2117e+07
   2.2114e+07
   2.2115e+07
   2.2115e+07
   2.2118e+07
   2.2115e+07
   2.2117e+07
   2.2117e+07
   2.2118e+07
   2.2116e+07
   2.2122e+07
   2.2122e+07
   2.2127e+07
   2.2124e+07
   2.2126e+07
   2.2126e+07
   2.2127e+07
   2.2125e+07
   2.2126e+07
   2.2126e+07
   2.2127e+07
   2.2124e+07
   2.2126e+07
   2.2126e+07
   2.2127e+07
   2.2124e+07
   2.2125e+07
   2.2125e+07
   2.2128e+07
   2.2125e+07
   2.2126e+07
   2.2127e+07
   2.2130e+07
   2.2127e+07
   2.2128e+07
   2.2128e+07
   2.2129e+07
   2.2127e+07
   2.2128e+07
   2.2129e+07
   2.2130e+07
   2.2127e+07
   2.2129e+07
   2.2129e+07
   2.2130e+07
   2.2127e+07
   2.2129e+07
   2.2129e+07
   2.2131e+07
   2.2128e+07
   2.2129e+07
   2.2129e+07
   2.2131e+07
   2.2128e+07
   2.2129e+07
   2.2140e+07
   2.2142e+07
   2.2139e+07
   2.2141e+07
   2.2141e+07
   2.2142e+07
   2.2139e+07
   2.2141e+07
   2.2141e+07
   2.2142e+07
   2.2139e+07
   2.2141e+07
   2.2141e+07
   2.2144e+07
   2.2155e+07
   2.2156e+07
   2.2155e+07
   2.2156e+07
   2.2154e+07
   2.2163e+07
   2.2190e+07
   2.2193e+07
   2.2190e+07
   2.2191e+07
   2.2191e+07
   2.2193e+07
   2.2191e+07
   2.2192e+07
   2.2192e+07
   2.2194e+07
   2.2192e+07
   2.2195e+07
   2.2199e+07
   2.2201e+07
   2.2198e+07
   2.2200e+07
   2.2200e+07
   2.2205e+07
   2.2210e+07
   2.2212e+07
   2.2215e+07
   2.2216e+07
   2.2213e+07
   2.2214e+07
   2.2214e+07
   2.2215e+07
   2.2212e+07
   2.2214e+07
   2.2214e+07
   2.2215e+07
   2.2213e+07
   2.2214e+07
   2.2214e+07
   2.2215e+07
   2.2213e+07
   2.2214e+07
   2.2214e+07
   2.2216e+07
   2.2214e+07
   2.2215e+07
   2.2215e+07
   2.2219e+07
   2.2219e+07
   2.2228e+07
   2.2228e+07
   2.2230e+07
   2.2227e+07
   2.2229e+07
   2.2227e+07
   2.2230e+07
   2.2227e+07
   2.2229e+07
   2.2229e+07
   2.2230e+07
   2.2227e+07
   2.2229e+07
   2.2229e+07
   2.2229e+07
   2.2227e+07
   2.2228e+07
   2.2228e+07
   2.2230e+07
   2.2226e+07
   2.2228e+07
   2.2228e+07
   2.2247e+07
   2.2318e+07
   2.2346e+07
   2.2347e+07
   2.2348e+07
   2.2345e+07
   2.2346e+07
   2.2347e+07
   2.2356e+07
   2.2353e+07
   2.2354e+07
   2.2354e+07
   2.2357e+07
   2.2354e+07
   2.2355e+07
   2.2356e+07
   2.2357e+07
   2.2354e+07
   2.2355e+07
   2.2355e+07
   2.2356e+07
   2.2353e+07
   2.2354e+07
   2.2355e+07
   2.2356e+07
   2.2353e+07
   2.2355e+07
   2.2355e+07
   2.2356e+07
   2.2354e+07
   2.2355e+07
   2.2355e+07
   2.2356e+07
   2.2354e+07
   2.2355e+07
   2.2355e+07
   2.2356e+07
   2.2354e+07
   2.2354e+07
   2.2358e+07
   2.2359e+07
   2.2356e+07
   2.2357e+07
   2.2358e+07
   2.2362e+07
   2.2361e+07
   2.2363e+07
   2.2364e+07
   2.2365e+07
   2.2363e+07
   2.2363e+07
   2.2364e+07
   2.2366e+07
   2.2363e+07
   2.2363e+07
   2.2364e+07
   2.2365e+07
   2.2363e+07
   2.2365e+07
   2.2366e+07
   2.2368e+07
   2.2367e+07
   2.2368e+07
   2.2369e+07
   2.2370e+07
   2.2368e+07
   2.2369e+07
   2.2370e+07
   2.2371e+07
   2.2368e+07
   2.2369e+07
   2.2369e+07
   2.2370e+07
   2.2367e+07
   2.2369e+07
   2.2370e+07
   2.2371e+07
   2.2370e+07
   2.2372e+07
   2.2372e+07
   2.2373e+07
   2.2371e+07
   2.2372e+07
   2.2372e+07
   2.2373e+07
   2.2371e+07
   2.2372e+07
   2.2373e+07
   2.2374e+07
   2.2373e+07
   2.2374e+07
   2.2375e+07
   2.2386e+07
   2.2439e+07
   2.2440e+07
   2.2440e+07
   2.2441e+07
   2.2439e+07
   2.2440e+07
   2.2440e+07
   2.2441e+07
   2.2440e+07
   2.2441e+07
   2.2441e+07
   2.2442e+07
   2.2440e+07
   2.2441e+07
   2.2441e+07
   2.2442e+07
   2.2441e+07
   2.2441e+07
   2.2442e+07
   2.2443e+07
   2.2441e+07
   2.2442e+07
   2.2442e+07
   2.2443e+07
   2.2441e+07
   2.2441e+07
   2.2442e+07
   2.2442e+07
   2.2441e+07
   2.2443e+07
   2.2444e+07
   2.2444e+07
   2.2443e+07
   2.2443e+07
   2.2445e+07
   2.2445e+07
   2.2443e+07
   2.2442e+07
   2.2444e+07
   2.2447e+07
   2.2446e+07
   2.2446e+07
   2.2447e+07
   2.2447e+07
   2.2445e+07
   2.2446e+07
   2.2446e+07
   2.2447e+07
   2.2445e+07
   2.2446e+07
   2.2447e+07
   2.2447e+07
   2.2446e+07
   2.2447e+07
   2.2448e+07
   2.2448e+07
   2.2446e+07
   2.2446e+07
   2.2447e+07
   2.2447e+07
   2.2446e+07
   2.2446e+07
   2.2448e+07
   2.2453e+07
   2.2452e+07
   2.2452e+07
   2.2453e+07
   2.2453e+07
   2.2452e+07
   2.2452e+07
   2.2453e+07
   2.2453e+07
   2.2452e+07
   2.2452e+07
   2.2453e+07
   2.2453e+07
   2.2452e+07
   2.2452e+07
   2.2453e+07
   2.2453e+07
   2.2452e+07
   2.2452e+07
   2.2453e+07
   2.2453e+07
   2.2452e+07
   2.2452e+07
   2.2453e+07
   2.2453e+07
   2.2452e+07
   2.2452e+07
   2.2453e+07
   2.2453e+07
   2.2452e+07
   2.2453e+07
   2.2454e+07
   2.2461e+07
   2.2489e+07
   2.2490e+07
   2.2491e+07
   2.2491e+07
   2.2488e+07
   2.2493e+07
   2.2494e+07
   2.2494e+07
   2.2492e+07
   2.2493e+07
   2.2494e+07
   2.2495e+07
   2.2494e+07
   2.2494e+07
   2.2495e+07
   2.2496e+07
   2.2494e+07
   2.2495e+07
   2.2495e+07
   2.2496e+07
