   1.0000e+03
   1.0000e+03
   1.0000e+03
   1.0000e+03
   1.0000e+03
   9.9800e+02
   9.9800e+02
   9.9800e+02
   9.9800e+02
   9.9800e+02
   9.9800e+02
   9.9800e+02
   9.9800e+02
   9.9800e+02
   9.9800e+02
   9.9800e+02
   9.9800e+02
   9.9800e+02
   9.9800e+02
   9.9800e+02
   9.9800e+02
   9.9800e+02
   9.9800e+02
   9.9800e+02
   9.9800e+02
   9.9800e+02
   9.9800e+02
   9.9800e+02
   9.9800e+02
   9.9800e+02
   9.9800e+02
   9.9800e+02
   9.9800e+02
   9.9800e+02
   9.9700e+02
   9.9700e+02
   9.9700e+02
   9.9700e+02
   9.9700e+02
   9.9600e+02
   9.9600e+02
   9.9600e+02
   9.9600e+02
   9.9500e+02
   9.9500e+02
   9.9300e+02
   9.9400e+02
   9.9400e+02
   9.9300e+02
   9.9200e+02
   9.9200e+02
   9.9000e+02
   9.8900e+02
   9.8900e+02
   9.9000e+02
   9.8900e+02
   9.8800e+02
   9.8600e+02
   9.8600e+02
   9.8700e+02
   9.8400e+02
   9.8500e+02
   9.8300e+02
   9.8400e+02
   9.8000e+02
   9.7500e+02
   9.7700e+02
   9.7500e+02
   9.7500e+02
   9.7000e+02
   9.6800e+02
   9.6900e+02
   9.6900e+02
   9.6600e+02
   9.6200e+02
   9.6000e+02
   9.5700e+02
   9.5300e+02
   9.4800e+02
   9.3800e+02
   9.3100e+02
   9.2200e+02
   9.1200e+02
   9.0000e+02
   8.9300e+02
   8.9000e+02
   8.7800e+02
   8.7700e+02
   8.7800e+02
   8.7200e+02
   8.6200e+02
   8.5300e+02
   8.4100e+02
   8.3200e+02
   8.1600e+02
   8.0600e+02
   7.9800e+02
   7.9300e+02
   7.8400e+02
   7.8400e+02
   7.7100e+02
   7.6000e+02
   7.5400e+02
   7.4100e+02
   7.3400e+02
   7.3000e+02
   7.2500e+02
   7.2200e+02
   7.1800e+02
   7.1400e+02
   7.1100e+02
   7.1300e+02
   7.1300e+02
   7.1300e+02
   7.2200e+02
   7.1400e+02
   7.0200e+02
   7.0200e+02
   7.0100e+02
   6.9700e+02
   6.9900e+02
   6.9700e+02
   7.0100e+02
   7.0000e+02
   6.9300e+02
   6.8200e+02
   6.7500e+02
   6.7900e+02
   6.8700e+02
   6.8500e+02
   6.9600e+02
   6.9800e+02
   7.0400e+02
   7.0300e+02
   7.0500e+02
   7.0400e+02
   7.0500e+02
   7.1300e+02
   7.1800e+02
   7.1700e+02
   7.2100e+02
   7.2600e+02
   7.3100e+02
   7.2700e+02
   7.3200e+02
   7.3600e+02
   7.4000e+02
   7.4200e+02
   7.5200e+02
   7.5700e+02
   7.5900e+02
   7.6400e+02
   7.6400e+02
   7.6700e+02
   7.6900e+02
   7.7500e+02
   7.7800e+02
   7.7900e+02
   7.8200e+02
   7.8500e+02
   7.8600e+02
   7.9100e+02
   7.9600e+02
   7.9900e+02
   7.9900e+02
   8.0300e+02
   8.0300e+02
   8.0700e+02
   8.1300e+02
   8.1500e+02
   8.2200e+02
   8.2700e+02
   8.2800e+02
   8.3300e+02
   8.3500e+02
   8.3800e+02
   8.3900e+02
   8.4200e+02
   8.4500e+02
   8.4700e+02
   8.5100e+02
   8.5700e+02
   8.5800e+02
   8.6100e+02
   8.6300e+02
   8.6900e+02
   8.7000e+02
   8.7100e+02
   8.7100e+02
   8.7400e+02
   8.7800e+02
   8.7800e+02
   8.7900e+02
   8.8200e+02
   8.8600e+02
   8.8500e+02
   8.8600e+02
   8.8600e+02
   8.8800e+02
   8.9100e+02
   8.9500e+02
   8.9900e+02
   9.0000e+02
   9.0200e+02
   9.0300e+02
   9.0200e+02
   9.0100e+02
   9.0300e+02
   9.0100e+02
   9.0100e+02
   9.0200e+02
   9.0300e+02
   9.0400e+02
   9.0400e+02
   9.0500e+02
   9.0500e+02
   9.0800e+02
   9.0800e+02
   9.0900e+02
   9.0800e+02
   9.0700e+02
   9.0800e+02
   9.1000e+02
   9.0900e+02
   9.1000e+02
   9.1200e+02
   9.1200e+02
   9.1200e+02
   9.1400e+02
   9.1500e+02
   9.1400e+02
   9.1400e+02
   9.1700e+02
   9.1800e+02
   9.1700e+02
   9.1900e+02
   9.1900e+02
   9.1900e+02
   9.1900e+02
   9.1900e+02
   9.1800e+02
   9.2100e+02
   9.2300e+02
   9.2300e+02
   9.2400e+02
   9.2400e+02
   9.2300e+02
   9.2300e+02
   9.2400e+02
   9.2600e+02
   9.2500e+02
   9.2600e+02
   9.2500e+02
   9.2600e+02
   9.2500e+02
   9.2400e+02
   9.2300e+02
   9.2300e+02
   9.2300e+02
   9.1900e+02
   9.1900e+02
   9.2000e+02
   9.2200e+02
   9.2300e+02
   9.2200e+02
   9.2400e+02
   9.2200e+02
   9.2200e+02
   9.2200e+02
   9.2400e+02
   9.2500e+02
   9.2300e+02
   9.2000e+02
   9.2000e+02
   9.2100e+02
   9.2100e+02
   9.2400e+02
   9.2400e+02
   9.2600e+02
   9.2700e+02
   9.2400e+02
   9.2600e+02
   9.2600e+02
   9.2400e+02
   9.2500e+02
   9.2500e+02
   9.2600e+02
   9.2700e+02
   9.2800e+02
   9.2900e+02
   9.2800e+02
   9.3000e+02
   9.2900e+02
   9.2800e+02
   9.3000e+02
   9.3000e+02
   9.2800e+02
   9.2600e+02
   9.2600e+02
   9.2600e+02
   9.3000e+02
   9.2800e+02
   9.2700e+02
   9.2300e+02
   9.2500e+02
   9.2700e+02
   9.2600e+02
   9.2700e+02
   9.2500e+02
   9.2400e+02
   9.2400e+02
   9.2300e+02
   9.2200e+02
   9.2200e+02
   9.2400e+02
   9.2500e+02
   9.2300e+02
   9.2300e+02
   9.2400e+02
   9.2600e+02
   9.2600e+02
   9.2500e+02
   9.2500e+02
   9.2700e+02
   9.2400e+02
   9.2300e+02
   9.2200e+02
   9.2200e+02
   9.2200e+02
   9.2500e+02
   9.2600e+02
   9.2700e+02
   9.2700e+02
   9.2800e+02
   9.2700e+02
   9.2700e+02
   9.2600e+02
   9.2800e+02
   9.2600e+02
   9.2800e+02
   9.2800e+02
   9.2700e+02
   9.2700e+02
   9.2500e+02
   9.2500e+02
   9.2500e+02
   9.2400e+02
   9.2000e+02
   9.2000e+02
   9.2100e+02
   9.2200e+02
   9.2000e+02
   9.1700e+02
   9.1700e+02
   9.1700e+02
   9.1800e+02
   9.2000e+02
   9.2100e+02
   9.2100e+02
   9.2100e+02
   9.2000e+02
   9.1900e+02
   9.1800e+02
   9.2200e+02
   9.2400e+02
   9.2300e+02
   9.1900e+02
   9.1800e+02
   9.1700e+02
   9.1700e+02
   9.1800e+02
   9.1700e+02
   9.1800e+02
   9.2000e+02
   9.1900e+02
   9.1700e+02
   9.1400e+02
   9.1200e+02
   9.1100e+02
   9.0900e+02
   9.0900e+02
   9.0900e+02
   9.0700e+02
   9.0700e+02
   9.0700e+02
   9.0600e+02
   9.0300e+02
   9.0300e+02
   9.0500e+02
   9.0300e+02
   9.0300e+02
   9.0000e+02
   8.9700e+02
   8.9500e+02
   8.9500e+02
   8.9400e+02
   8.9500e+02
   8.9200e+02
   8.8900e+02
   8.8900e+02
   8.8800e+02
   8.8600e+02
   8.8600e+02
   8.8400e+02
   8.8700e+02
   8.8700e+02
   8.8800e+02
   8.8700e+02
   8.8200e+02
   8.8200e+02
   8.8300e+02
   8.8800e+02
   8.9000e+02
   8.8900e+02
   8.8500e+02
   8.8300e+02
   8.8000e+02
   8.8100e+02
   8.8000e+02
   8.7500e+02
   8.7100e+02
   8.7300e+02
   8.6900e+02
   8.6600e+02
   8.6300e+02
   8.5600e+02
   8.5200e+02
   8.5200e+02
   8.4700e+02
   8.4400e+02
   8.4100e+02
   8.3300e+02
   8.3000e+02
   8.2400e+02
   8.2000e+02
   8.1300e+02
   8.1000e+02
   8.1000e+02
   8.1300e+02
   8.0600e+02
   8.0500e+02
   8.0100e+02
   7.9500e+02
   7.9600e+02
   7.9900e+02
   7.9600e+02
   8.0200e+02
   8.0200e+02
   8.0100e+02
   7.9900e+02
   8.0000e+02
   8.0100e+02
   7.9500e+02
   7.9300e+02
   7.9000e+02
   7.8700e+02
   7.8500e+02
   7.8700e+02
   7.8700e+02
   7.8900e+02
   7.9100e+02
   7.9300e+02
   7.8800e+02
   7.8400e+02
   7.9000e+02
   7.9500e+02
   7.9800e+02
   7.9500e+02
   7.9600e+02
   7.9800e+02
   8.0700e+02
   8.1000e+02
   8.1000e+02
   8.1200e+02
   8.1000e+02
   8.0800e+02
   8.1200e+02
   8.1300e+02
   8.1300e+02
   8.1400e+02
   8.1600e+02
   8.1800e+02
   8.1600e+02
   8.1600e+02
   8.1900e+02
   8.2000e+02
   8.2400e+02
   8.2500e+02
   8.2600e+02
   8.2500e+02
   8.2400e+02
   8.2400e+02
   8.2700e+02
   8.2700e+02
   8.3100e+02
   8.3000e+02
   8.3200e+02
   8.3000e+02
   8.3000e+02
   8.3100e+02
   8.3000e+02
   8.3100e+02
   8.3000e+02
   8.3400e+02
   8.3500e+02
   8.3600e+02
   8.4000e+02
   8.4200e+02
   8.4300e+02
   8.4100e+02
   8.4200e+02
   8.4200e+02
   8.4400e+02
   8.4600e+02
   8.4900e+02
   8.4900e+02
   8.5100e+02
   8.5300e+02
   8.4900e+02
   8.4700e+02
   8.4500e+02
   8.4200e+02
   8.4200e+02
   8.4100e+02
   8.4100e+02
   8.4000e+02
   8.4000e+02
   8.4200e+02
   8.4400e+02
   8.4600e+02
   8.4600e+02
   8.4700e+02
   8.5100e+02
   8.5000e+02
   8.4800e+02
   8.5100e+02
   8.5500e+02
   8.6000e+02
   8.6100e+02
   8.6100e+02
   8.5700e+02
   8.5800e+02
   8.5700e+02
   8.5800e+02
   8.5700e+02
   8.5600e+02
   8.5900e+02
   8.6200e+02
   8.5900e+02
   8.6100e+02
   8.6100e+02
   8.6000e+02
   8.6100e+02
