  -1.4294e+03
  -1.4294e+03
  -1.4294e+03
  -1.4294e+03
  -1.4294e+03
  -1.4294e+03
  -1.4294e+03
  -1.4295e+03
  -1.4295e+03
  -1.4296e+03
  -1.4296e+03
  -1.4298e+03
  -1.4300e+03
  -1.4302e+03
  -1.4307e+03
  -1.4318e+03
  -1.4350e+03
  -2.0367e+03
  -1.4355e+03
  -1.4321e+03
  -1.4310e+03
  -1.4304e+03
  -1.4301e+03
  -1.4299e+03
  -1.4298e+03
  -1.4297e+03
  -1.4296e+03
  -1.4296e+03
  -1.4296e+03
  -1.4295e+03
  -1.4295e+03
  -1.4295e+03
  -1.4296e+03
  -1.4295e+03
  -1.4296e+03
  -1.4296e+03
  -1.4296e+03
  -1.4296e+03
  -1.4297e+03
  -1.4298e+03
  -1.4300e+03
  -1.4301e+03
  -1.4305e+03
  -1.4309e+03
  -1.4318e+03
  -1.4336e+03
  -1.4415e+03
  -1.4476e+03
  -1.4459e+03
  -1.4363e+03
  -1.4324e+03
  -1.4312e+03
  -1.4306e+03
  -1.4302e+03
  -1.4300e+03
  -1.4299e+03
  -1.4298e+03
  -1.4296e+03
  -1.4296e+03
  -1.4296e+03
  -1.4296e+03
  -1.4295e+03
  -1.4295e+03
  -1.4295e+03
  -1.4296e+03
  -1.4295e+03
  -1.4296e+03
  -1.4297e+03
  -1.4298e+03
  -1.4298e+03
  -1.4300e+03
  -1.4303e+03
  -1.4307e+03
  -1.4314e+03
  -1.4332e+03
  -1.4420e+03
  -1.4430e+03
  -1.4333e+03
  -1.4315e+03
  -1.4307e+03
  -1.4304e+03
  -1.4300e+03
  -1.4299e+03
  -1.4298e+03
  -1.4298e+03
  -1.4297e+03
  -1.4297e+03
  -1.4297e+03
  -1.4298e+03
  -1.4297e+03
  -1.4299e+03
  -1.4301e+03
  -1.4304e+03
  -1.4308e+03
  -1.4323e+03
  -1.4547e+03
  -1.4334e+03
  -1.4314e+03
  -1.4311e+03
  -1.4312e+03
  -1.4318e+03
  -1.4327e+03
  -1.4354e+03
  -1.4633e+03
  -1.4556e+03
  -1.4492e+03
  -1.4399e+03
  -1.4338e+03
  -1.4322e+03
  -1.4313e+03
  -1.4310e+03
  -1.4310e+03
  -1.4313e+03
  -1.4321e+03
  -1.4352e+03
  -1.4336e+03
  -1.4319e+03
  -1.4315e+03
  -1.4324e+03
  -1.4411e+03
  -1.4347e+03
  -1.4313e+03
  -1.4306e+03
  -1.4303e+03
  -1.4302e+03
  -1.4300e+03
  -1.4302e+03
  -1.4304e+03
  -1.4309e+03
  -1.4316e+03
  -1.4348e+03
  -1.4464e+03
  -1.4343e+03
  -1.4344e+03
  -1.4429e+03
  -1.4427e+03
  -1.4336e+03
  -1.4316e+03
  -1.4309e+03
  -1.4305e+03
  -1.4304e+03
  -1.4301e+03
  -1.4302e+03
  -1.4304e+03
  -1.4307e+03
  -1.4311e+03
  -1.4325e+03
  -1.4338e+03
  -1.4323e+03
  -1.4312e+03
  -1.4310e+03
  -1.4311e+03
  -1.4316e+03
  -1.4325e+03
  -1.4360e+03
  -1.4453e+03
  -1.4378e+03
  -1.4413e+03
  -1.4422e+03
  -1.4424e+03
  -1.4465e+03
  -1.4352e+03
  -1.4343e+03
  -1.4353e+03
  -1.4416e+03
  -1.4531e+03
  -1.4416e+03
  -1.4467e+03
  -1.4481e+03
  -1.4374e+03
  -1.4436e+03
  -1.4357e+03
  -1.4333e+03
  -1.4326e+03
  -1.4334e+03
  -1.4372e+03
  -1.4418e+03
  -1.4376e+03
  -1.4384e+03
  -1.4459e+03
  -1.4392e+03
  -1.4748e+03
  -1.4355e+03
  -1.4336e+03
  -1.4343e+03
  -1.4466e+03
  -1.4353e+03
  -1.4328e+03
  -1.4326e+03
  -1.4325e+03
  -1.4331e+03
  -1.4341e+03
  -1.4370e+03
  -1.4529e+03
  -1.4498e+03
  -1.4361e+03
  -1.4334e+03
  -1.4322e+03
  -1.4322e+03
  -1.4334e+03
  -1.4464e+03
  -1.4337e+03
  -1.4315e+03
  -1.4309e+03
  -1.4308e+03
  -1.4305e+03
  -1.4310e+03
  -1.4324e+03
  -1.4478e+03
  -1.4335e+03
  -1.4312e+03
  -1.4306e+03
  -1.4305e+03
  -1.4302e+03
  -1.4304e+03
  -1.4306e+03
  -1.4310e+03
  -1.4312e+03
  -1.4322e+03
  -1.4336e+03
  -1.4355e+03
  -1.4375e+03
  -1.4498e+03
  -1.4498e+03
  -1.4396e+03
  -1.4337e+03
  -1.4322e+03
  -1.4315e+03
  -1.4314e+03
  -1.4313e+03
  -1.4322e+03
  -1.4325e+03
  -1.4315e+03
  -1.4305e+03
  -1.4302e+03
  -1.4301e+03
  -1.4301e+03
  -1.4298e+03
  -1.4300e+03
  -1.4301e+03
  -1.4304e+03
  -1.4302e+03
  -1.4305e+03
  -1.4305e+03
  -1.4306e+03
  -1.4304e+03
  -1.4306e+03
  -1.4309e+03
  -1.4315e+03
  -1.4320e+03
  -1.4337e+03
  -1.4380e+03
  -1.5322e+03
  -1.4382e+03
  -1.4345e+03
  -1.4342e+03
  -1.4374e+03
  -1.4406e+03
  -1.4357e+03
  -1.4353e+03
  -1.4336e+03
  -1.4325e+03
  -1.4331e+03
  -1.4404e+03
  -1.4348e+03
  -1.4322e+03
  -1.4321e+03
  -1.4327e+03
  -1.4332e+03
  -1.4325e+03
  -1.4325e+03
  -1.4332e+03
  -1.4351e+03
  -1.4349e+03
  -1.4344e+03
  -1.4343e+03
  -1.4347e+03
  -1.4363e+03
  -1.4439e+03
  -1.4458e+03
  -1.4468e+03
  -1.4381e+03
  -1.4380e+03
  -1.4399e+03
  -1.4418e+03
  -1.4466e+03
  -1.4440e+03
  -1.4351e+03
  -1.4333e+03
  -1.4323e+03
  -1.4323e+03
  -1.4326e+03
  -1.4334e+03
  -1.4342e+03
  -1.4393e+03
  -1.4438e+03
  -1.4393e+03
  -1.4340e+03
  -1.4331e+03
  -1.4328e+03
  -1.4324e+03
  -1.4313e+03
  -1.4310e+03
  -1.4308e+03
  -1.4308e+03
  -1.4304e+03
  -1.4305e+03
  -1.4306e+03
  -1.4309e+03
  -1.4308e+03
  -1.4313e+03
  -1.4318e+03
  -1.4325e+03
  -1.4328e+03
  -1.4338e+03
  -1.4342e+03
  -1.4354e+03
  -1.4396e+03
  -1.4418e+03
  -1.5158e+03
  -1.4387e+03
  -1.4353e+03
  -1.4356e+03
  -1.4380e+03
  -1.4443e+03
  -1.4398e+03
  -1.4358e+03
  -1.4353e+03
  -1.4379e+03
  -1.4357e+03
  -1.4341e+03
  -1.4345e+03
  -1.4349e+03
  -1.4334e+03
  -1.4333e+03
  -1.4332e+03
  -1.4335e+03
  -1.4337e+03
  -1.4332e+03
  -1.4322e+03
  -1.4321e+03
  -1.4321e+03
  -1.4345e+03
  -1.4390e+03
  -1.4335e+03
  -1.4320e+03
  -1.4322e+03
  -1.4329e+03
  -1.4353e+03
  -1.4380e+03
  -1.4382e+03
  -1.4380e+03
  -1.4384e+03
  -1.4397e+03
  -1.4344e+03
  -1.4339e+03
  -1.4359e+03
  -1.4614e+03
  -1.4373e+03
  -1.4336e+03
  -1.4331e+03
  -1.4332e+03
  -1.4357e+03
  -1.4423e+03
  -1.4392e+03
  -1.4351e+03
  -1.4360e+03
  -1.4374e+03
  -1.4365e+03
  -1.4346e+03
  -1.4339e+03
  -1.4368e+03
  -1.4352e+03
  -1.4321e+03
  -1.4317e+03
  -1.4315e+03
  -1.4316e+03
  -1.4310e+03
  -1.4312e+03
  -1.4312e+03
  -1.4317e+03
  -1.4318e+03
  -1.4327e+03
  -1.4325e+03
  -1.4319e+03
  -1.4311e+03
  -1.4312e+03
  -1.4315e+03
  -1.4325e+03
  -1.4368e+03
  -1.4363e+03
  -1.4324e+03
  -1.4320e+03
  -1.4316e+03
  -1.4325e+03
  -1.4344e+03
  -1.4395e+03
  -1.4366e+03
  -1.4390e+03
  -1.4476e+03
  -1.4432e+03
