  -2.8634e+03
  -2.8670e+03
  -2.8571e+03
  -2.8557e+03
  -2.8515e+03
  -2.8106e+03
  -2.8051e+03
  -2.8142e+03
  -2.8153e+03
  -2.8113e+03
  -2.7993e+03
  -2.7718e+03
  -2.7796e+03
  -2.7427e+03
  -2.7314e+03
  -2.7213e+03
  -2.7553e+03
  -2.6757e+03
  -2.6540e+03
  -2.6339e+03
  -2.5945e+03
  -2.5776e+03
  -2.5740e+03
  -2.5479e+03
  -2.5327e+03
  -2.5176e+03
  -2.4891e+03
  -2.4595e+03
  -2.4393e+03
  -2.4256e+03
  -2.4038e+03
  -2.3750e+03
  -2.3413e+03
  -2.3242e+03
  -2.2946e+03
  -2.2776e+03
  -2.2547e+03
  -2.2145e+03
  -2.1837e+03
  -2.1479e+03
  -2.1129e+03
  -2.0798e+03
  -2.0417e+03
  -2.0036e+03
  -1.9638e+03
  -1.9387e+03
  -1.8909e+03
  -1.8477e+03
  -1.8162e+03
  -1.7819e+03
  -1.7383e+03
  -1.6997e+03
  -1.6504e+03
  -1.6023e+03
  -1.5488e+03
  -1.5032e+03
  -1.4578e+03
  -1.4225e+03
  -1.3606e+03
  -1.2905e+03
  -1.2572e+03
  -1.1805e+03
  -1.1313e+03
  -1.0547e+03
  -1.0219e+03
  -1.0098e+03
  -9.4576e+02
  -8.9506e+02
  -8.3229e+02
  -8.0270e+02
  -7.4198e+02
  -6.5393e+02
  -5.5931e+02
  -4.8254e+02
  -4.0800e+02
  -3.2738e+02
  -2.3916e+02
  -1.5528e+02
  -6.4935e+01
  -1.1778e+01
   4.0422e+01
   1.0690e+02
   1.5098e+02
   1.8700e+02
   2.5832e+02
   3.7032e+02
   4.1692e+02
   5.5732e+02
   7.0211e+02
   7.5382e+02
   8.2186e+02
   8.8715e+02
   9.3118e+02
   1.0295e+03
   1.0176e+03
   1.0895e+03
   1.1748e+03
   1.2714e+03
   1.2858e+03
   1.3920e+03
   1.3645e+03
   1.3623e+03
   1.3431e+03
   1.2967e+03
   1.2807e+03
   1.3196e+03
   1.3215e+03
   1.3447e+03
   1.4096e+03
   1.4254e+03
   1.5204e+03
   1.7418e+03
   1.8239e+03
   1.8953e+03
   2.0728e+03
   2.1299e+03
   2.0881e+03
   2.1414e+03
   2.0742e+03
   1.9181e+03
   1.8014e+03
   1.5791e+03
   1.5157e+03
   1.3019e+03
   9.9523e+02
   6.6333e+02
   4.1823e+02
   2.8189e+02
   1.8972e+02
  -1.2008e+01
  -1.0566e+01
  -1.2863e+02
  -1.8002e+02
  -3.0199e+02
  -3.8333e+02
  -4.8631e+02
  -5.6509e+02
  -5.8134e+02
  -6.2964e+02
  -7.4177e+02
  -7.7734e+02
  -7.8171e+02
  -8.0206e+02
  -9.3600e+02
  -9.5821e+02
  -9.7148e+02
  -1.0037e+03
  -1.0420e+03
  -9.8873e+02
  -9.8678e+02
  -1.0236e+03
  -1.0216e+03
  -1.0555e+03
  -1.0715e+03
  -1.0906e+03
  -1.0818e+03
  -1.0929e+03
  -1.1127e+03
  -1.1152e+03
  -1.1274e+03
  -1.1450e+03
  -1.1301e+03
  -1.1087e+03
  -1.1130e+03
  -1.1381e+03
  -1.1355e+03
  -1.1595e+03
  -1.1544e+03
  -1.1447e+03
  -1.1594e+03
  -1.1282e+03
  -1.1166e+03
  -1.1267e+03
  -1.1175e+03
  -1.1276e+03
  -1.1254e+03
  -1.1448e+03
  -1.1473e+03
  -1.1460e+03
  -1.1530e+03
  -1.1497e+03
  -1.1363e+03
  -1.1470e+03
  -1.1411e+03
  -1.1504e+03
  -1.1360e+03
  -1.1456e+03
  -1.1593e+03
  -1.1795e+03
  -1.1772e+03
  -1.1729e+03
  -1.1923e+03
  -1.2028e+03
  -1.2109e+03
  -1.2058e+03
  -1.2226e+03
  -1.2370e+03
  -1.2495e+03
  -1.2497e+03
  -1.2470e+03
  -1.2410e+03
  -1.2299e+03
  -1.2312e+03
  -1.2354e+03
  -1.2404e+03
  -1.2563e+03
  -1.2737e+03
  -1.2743e+03
  -1.2981e+03
  -1.3088e+03
  -1.3124e+03
  -1.3178e+03
  -1.3209e+03
  -1.3263e+03
  -1.3273e+03
  -1.3291e+03
  -1.3191e+03
  -1.3235e+03
  -1.3177e+03
  -1.3281e+03
  -1.3369e+03
  -1.3355e+03
  -1.3287e+03
  -1.3358e+03
  -1.3320e+03
  -1.3214e+03
  -1.3216e+03
  -1.3185e+03
  -1.3056e+03
  -1.3045e+03
  -1.3090e+03
  -1.3050e+03
  -1.2871e+03
  -1.2777e+03
  -1.2823e+03
  -1.2671e+03
  -1.2603e+03
  -1.2573e+03
  -1.2516e+03
  -1.2493e+03
  -1.2525e+03
  -1.2270e+03
  -1.2120e+03
  -1.2020e+03
  -1.1904e+03
  -1.1851e+03
  -1.1959e+03
  -1.1915e+03
  -1.1798e+03
  -1.1670e+03
  -1.1656e+03
  -1.1615e+03
  -1.1577e+03
  -1.1480e+03
  -1.1449e+03
  -1.1512e+03
  -1.1491e+03
  -1.1496e+03
  -1.1430e+03
  -1.1725e+03
  -1.1702e+03
  -1.1721e+03
  -1.1494e+03
  -1.1420e+03
  -1.1477e+03
  -1.1384e+03
  -1.1475e+03
  -1.1414e+03
  -1.1356e+03
  -1.1217e+03
  -1.1150e+03
  -1.1213e+03
  -1.1361e+03
  -1.1295e+03
  -1.1133e+03
  -1.1089e+03
  -1.0846e+03
  -1.0712e+03
  -1.0444e+03
  -1.0319e+03
  -1.0415e+03
  -1.0310e+03
  -1.0199e+03
  -1.0278e+03
  -1.0266e+03
  -1.0260e+03
  -1.0233e+03
  -1.0103e+03
  -1.0089e+03
  -9.9438e+02
  -1.0005e+03
  -9.8291e+02
  -9.9005e+02
  -9.9368e+02
  -9.7715e+02
  -9.7628e+02
  -9.8637e+02
  -9.9760e+02
  -9.9165e+02
  -9.9290e+02
  -9.6813e+02
  -9.7013e+02
  -9.7576e+02
  -9.9915e+02
  -9.7949e+02
  -9.6064e+02
  -9.6277e+02
  -9.6096e+02
  -9.7037e+02
  -9.8308e+02
  -9.8607e+02
  -9.9679e+02
  -1.0044e+03
  -9.9967e+02
  -9.8324e+02
  -9.7509e+02
  -9.8510e+02
  -9.8421e+02
  -9.7043e+02
  -9.6202e+02
  -9.6251e+02
  -9.7358e+02
  -9.6741e+02
  -9.5754e+02
  -9.6774e+02
  -9.7099e+02
  -9.7419e+02
  -9.7053e+02
  -9.6837e+02
  -9.5929e+02
  -9.3969e+02
  -9.3887e+02
  -9.4738e+02
  -9.4298e+02
  -9.4416e+02
  -9.4779e+02
  -9.5807e+02
  -9.4669e+02
  -9.6178e+02
  -9.4714e+02
  -9.4476e+02
  -9.5049e+02
  -9.4625e+02
  -9.5873e+02
  -9.5835e+02
  -9.5533e+02
  -9.5160e+02
  -9.7264e+02
  -9.6333e+02
  -9.6046e+02
  -9.4407e+02
  -9.6424e+02
  -9.7251e+02
  -9.6580e+02
  -9.6152e+02
  -9.5086e+02
  -9.2946e+02
  -9.1992e+02
  -9.0998e+02
  -9.0503e+02
  -8.9841e+02
  -9.0583e+02
  -9.0282e+02
  -8.8064e+02
  -8.5922e+02
  -8.5767e+02
  -8.7655e+02
  -8.7596e+02
  -8.8037e+02
  -8.7916e+02
  -8.7430e+02
  -8.7380e+02
  -8.6928e+02
  -8.5400e+02
  -8.5780e+02
  -8.6510e+02
  -8.8019e+02
  -8.8478e+02
  -8.8460e+02
  -8.9086e+02
  -8.8838e+02
  -8.7879e+02
  -8.7999e+02
  -8.7333e+02
  -8.6385e+02
  -8.6483e+02
  -8.7577e+02
  -8.6432e+02
  -8.3981e+02
  -8.3981e+02
  -8.3337e+02
  -8.3528e+02
  -8.4758e+02
  -8.5111e+02
  -8.3838e+02
  -8.2918e+02
  -8.0873e+02
  -8.1347e+02
  -8.1684e+02
  -7.9842e+02
  -7.8565e+02
  -7.7733e+02
  -7.5473e+02
  -7.5336e+02
  -7.0996e+02
  -6.8597e+02
  -6.5303e+02
  -6.2824e+02
  -6.2909e+02
  -5.9849e+02
  -5.6669e+02
  -4.9632e+02
  -4.4637e+02
  -4.3316e+02
  -4.0730e+02
  -3.8435e+02
  -3.5010e+02
  -3.2639e+02
  -2.8627e+02
  -2.7043e+02
  -2.4956e+02
  -1.9881e+02
  -1.7887e+02
  -1.5406e+02
  -1.3456e+02
  -1.3907e+02
  -1.1289e+02
  -5.2673e+01
  -2.8720e+01
  -2.7228e+01
  -1.3916e+01
  -4.2214e+01
  -2.6323e+01
  -5.2887e+01
  -6.9575e+01
  -1.0844e+02
  -1.3007e+02
  -1.2622e+02
  -8.6657e+01
  -1.5122e+02
  -1.6562e+02
  -2.0852e+02
  -2.8672e+02
  -2.7933e+02
  -2.4512e+02
  -2.8030e+02
  -2.3676e+02
  -2.6889e+02
  -2.9397e+02
  -3.4420e+02
  -3.6891e+02
  -3.6717e+02
  -4.3356e+02
  -4.7442e+02
  -5.1887e+02
  -5.7579e+02
  -6.1835e+02
  -6.2894e+02
  -6.6715e+02
  -6.9010e+02
  -7.0823e+02
  -7.2204e+02
  -7.7541e+02
  -8.3224e+02
  -8.1114e+02
  -8.0320e+02
  -8.0187e+02
  -8.5686e+02
  -8.7200e+02
  -8.7632e+02
  -8.3011e+02
  -8.2357e+02
  -8.3864e+02
  -8.3664e+02
  -8.6034e+02
  -8.9836e+02
  -8.7503e+02
  -8.7631e+02
  -8.7893e+02
  -8.7372e+02
  -8.5861e+02
  -8.4180e+02
  -8.7252e+02
  -8.7596e+02
  -8.5525e+02
  -8.5584e+02
  -8.2812e+02
  -8.3157e+02
  -8.2421e+02
  -8.4731e+02
  -8.6346e+02
  -8.6479e+02
  -8.5444e+02
  -8.7304e+02
  -8.4687e+02
  -8.6561e+02
  -8.5104e+02
  -8.8621e+02
  -8.9713e+02
  -9.0086e+02
  -9.1323e+02
  -9.1743e+02
  -9.2596e+02
  -8.9588e+02
  -9.0383e+02
  -9.0429e+02
  -8.8282e+02
  -8.8783e+02
  -8.8564e+02
  -8.9753e+02
  -8.9336e+02
  -8.9344e+02
  -8.8629e+02
  -8.7155e+02
  -8.5421e+02
  -8.4827e+02
  -8.2400e+02
  -8.1242e+02
  -8.3914e+02
  -8.6240e+02
  -8.7198e+02
  -9.0176e+02
  -9.1164e+02
  -9.2427e+02
  -9.3151e+02
  -9.4675e+02
  -9.5423e+02
  -9.5517e+02
  -9.5042e+02
  -9.2958e+02
  -9.3060e+02
  -9.3090e+02
  -8.9941e+02
  -8.9252e+02
  -8.9381e+02
  -8.7368e+02
  -8.4784e+02
  -8.2742e+02
  -8.3531e+02
  -8.4058e+02
  -8.8512e+02
  -8.8871e+02
  -8.9920e+02
  -8.9059e+02
  -8.9761e+02
  -9.0817e+02
  -8.8954e+02
  -8.6975e+02
  -8.8044e+02
  -8.5866e+02
  -8.5664e+02
  -8.5688e+02
  -8.4322e+02
