  -1.4294e+03
  -1.4294e+03
  -1.4297e+03
  -1.4317e+03
  -1.4302e+03
  -1.4294e+03
  -1.4292e+03
  -1.4292e+03
  -1.4293e+03
  -1.4299e+03
  -1.4311e+03
  -1.4304e+03
  -1.4340e+03
  -1.4301e+03
  -1.4298e+03
  -1.4298e+03
  -1.4301e+03
  -1.4323e+03
  -1.4311e+03
  -1.4430e+03
  -1.4307e+03
  -1.4380e+03
  -1.4319e+03
  -1.4344e+03
  -1.4524e+03
  -1.4302e+03
  -1.4331e+03
  -1.4292e+03
  -1.4290e+03
  -1.4302e+03
  -1.4299e+03
  -1.4469e+03
  -1.4320e+03
  -1.4321e+03
  -1.4550e+03
  -1.4365e+03
  -1.4376e+03
  -1.4397e+03
  -1.4303e+03
  -1.4305e+03
  -1.4403e+03
  -1.4358e+03
  -1.4313e+03
  -1.4299e+03
  -1.4314e+03
  -1.4302e+03
  -1.4300e+03
  -1.4280e+03
  -1.4282e+03
  -1.4298e+03
  -1.4304e+03
  -1.4294e+03
  -1.4403e+03
  -1.4321e+03
  -1.4313e+03
  -1.4326e+03
  -1.4395e+03
  -1.4338e+03
  -1.4357e+03
  -1.4420e+03
  -1.4383e+03
  -1.4305e+03
  -1.4310e+03
  -1.4334e+03
  -1.4330e+03
  -1.4400e+03
  -1.4348e+03
  -1.4346e+03
  -1.4339e+03
  -1.4354e+03
  -1.4348e+03
  -1.4302e+03
  -1.4313e+03
  -1.4399e+03
  -1.4348e+03
  -1.4405e+03
  -1.4367e+03
  -1.4409e+03
  -1.4368e+03
  -1.4324e+03
  -1.4336e+03
  -1.4419e+03
  -1.4391e+03
  -1.4316e+03
  -1.4376e+03
  -1.4307e+03
  -1.4398e+03
  -1.4300e+03
  -1.4296e+03
  -1.4301e+03
  -1.4337e+03
  -1.4391e+03
  -1.4344e+03
  -1.4318e+03
  -1.4381e+03
  -1.4353e+03
  -1.4397e+03
  -1.4378e+03
  -1.4354e+03
  -1.4389e+03
  -1.4339e+03
  -1.4373e+03
  -1.4330e+03
  -1.4344e+03
  -1.4314e+03
  -1.4359e+03
  -1.4369e+03
  -1.4321e+03
  -1.4341e+03
  -1.4326e+03
  -1.4370e+03
  -1.4322e+03
  -1.4439e+03
  -1.4500e+03
  -1.4371e+03
  -1.4391e+03
  -1.4395e+03
  -1.4373e+03
  -1.4331e+03
  -1.4408e+03
  -1.4414e+03
  -1.4391e+03
  -1.4411e+03
  -1.4337e+03
  -1.4325e+03
  -1.4373e+03
  -1.4313e+03
  -1.4313e+03
  -1.4339e+03
  -1.4448e+03
  -1.4381e+03
  -1.4306e+03
  -1.4506e+03
  -1.4320e+03
  -1.4343e+03
  -1.4329e+03
  -1.4314e+03
  -1.4325e+03
  -1.4370e+03
  -1.4354e+03
  -1.4481e+03
  -1.4439e+03
  -1.4385e+03
  -1.4313e+03
  -1.4330e+03
  -1.4296e+03
  -1.4299e+03
  -1.4318e+03
  -1.4364e+03
  -1.4310e+03
  -1.4311e+03
  -1.4400e+03
  -1.4345e+03
  -1.4391e+03
  -1.4328e+03
  -1.4353e+03
  -1.4318e+03
  -1.4308e+03
  -1.4484e+03
  -1.4334e+03
  -1.4329e+03
  -1.4338e+03
  -1.4453e+03
  -1.4395e+03
  -1.4310e+03
  -1.4361e+03
  -1.4317e+03
  -1.4313e+03
  -1.4323e+03
  -1.4301e+03
  -1.4334e+03
  -1.4317e+03
  -1.4353e+03
  -1.4441e+03
  -1.4378e+03
  -1.4331e+03
  -1.4373e+03
  -1.4427e+03
  -1.4329e+03
  -1.4315e+03
  -1.4303e+03
  -1.4301e+03
  -1.4314e+03
  -1.4338e+03
  -1.4298e+03
  -1.4332e+03
  -1.4364e+03
  -1.4340e+03
  -1.4322e+03
  -1.4360e+03
  -1.4323e+03
  -1.4304e+03
  -1.4325e+03
  -1.4336e+03
  -1.4311e+03
  -1.4342e+03
  -1.4316e+03
  -1.4363e+03
  -1.4361e+03
  -1.4334e+03
  -1.4303e+03
  -1.4295e+03
  -1.4296e+03
  -1.4596e+03
  -1.4296e+03
  -1.4347e+03
  -1.4352e+03
  -1.4308e+03
  -1.4314e+03
  -1.4341e+03
  -1.4359e+03
  -1.4333e+03
  -1.4364e+03
  -1.4333e+03
  -1.4336e+03
  -1.4386e+03
  -1.4325e+03
  -1.4316e+03
  -1.4324e+03
  -1.4329e+03
  -1.4356e+03
  -1.4333e+03
  -1.4329e+03
  -1.4373e+03
  -1.4339e+03
  -1.4332e+03
  -1.4347e+03
  -1.4337e+03
  -1.4366e+03
  -1.4378e+03
  -1.4395e+03
  -1.4373e+03
  -1.4316e+03
  -1.4338e+03
  -1.4350e+03
  -1.4348e+03
  -1.4367e+03
  -1.4357e+03
  -1.4364e+03
  -1.4334e+03
  -1.4368e+03
  -1.4325e+03
  -1.4320e+03
  -1.4323e+03
  -1.4330e+03
  -1.4329e+03
  -1.4325e+03
  -1.4342e+03
  -1.4355e+03
  -1.4318e+03
  -1.4311e+03
  -1.4307e+03
  -1.4308e+03
  -1.4312e+03
  -1.4308e+03
  -1.4308e+03
  -1.4327e+03
  -1.4309e+03
  -1.4327e+03
  -1.4335e+03
  -1.4399e+03
  -1.4404e+03
  -1.4322e+03
  -1.4324e+03
  -1.4312e+03
  -1.4308e+03
  -1.4335e+03
  -1.4363e+03
  -1.4358e+03
  -1.4326e+03
  -1.4328e+03
  -1.4315e+03
  -1.4317e+03
  -1.4368e+03
  -1.4366e+03
  -1.4336e+03
  -1.4337e+03
  -1.4325e+03
  -1.4319e+03
  -1.4345e+03
  -1.4322e+03
  -1.4302e+03
  -1.4294e+03
  -1.4316e+03
  -1.4311e+03
  -1.4304e+03
  -1.4312e+03
  -1.4329e+03
  -1.4327e+03
  -1.4354e+03
  -1.4308e+03
  -1.4301e+03
  -1.4303e+03
  -1.4353e+03
  -1.4329e+03
  -1.4305e+03
  -1.4336e+03
  -1.4327e+03
  -1.4322e+03
  -1.4338e+03
  -1.4331e+03
  -1.4333e+03
  -1.4320e+03
  -1.4369e+03
  -1.4341e+03
  -1.4302e+03
  -1.4300e+03
  -1.4306e+03
  -1.4336e+03
  -1.4297e+03
  -1.4295e+03
  -1.4328e+03
  -1.4294e+03
  -1.4296e+03
  -1.4310e+03
  -1.4345e+03
  -1.4322e+03
  -1.4328e+03
  -1.4316e+03
  -1.4321e+03
  -1.4327e+03
  -1.4329e+03
  -1.4316e+03
  -1.4309e+03
  -1.4329e+03
  -1.4373e+03
  -1.4302e+03
  -1.4304e+03
  -1.4299e+03
  -1.4304e+03
  -1.4318e+03
  -1.4328e+03
  -1.4313e+03
  -1.4338e+03
  -1.4320e+03
  -1.4328e+03
  -1.4324e+03
  -1.4309e+03
  -1.4308e+03
  -1.4344e+03
  -1.4313e+03
  -1.4331e+03
  -1.4312e+03
  -1.4318e+03
  -1.4323e+03
  -1.4352e+03
  -1.4395e+03
  -1.4349e+03
  -1.4331e+03
  -1.4312e+03
  -1.4310e+03
  -1.4328e+03
  -1.4337e+03
  -1.4318e+03
  -1.4331e+03
  -1.4338e+03
  -1.4350e+03
  -1.4313e+03
  -1.4312e+03
  -1.4365e+03
  -1.4359e+03
  -1.4336e+03
  -1.4313e+03
  -1.4291e+03
  -1.4306e+03
  -1.4287e+03
  -1.4296e+03
  -1.4293e+03
  -1.4296e+03
  -1.4301e+03
  -1.4294e+03
  -1.4303e+03
  -1.4297e+03
  -1.4290e+03
  -1.4277e+03
  -1.4266e+03
  -1.4283e+03
  -1.4253e+03
  -1.4259e+03
  -1.4269e+03
  -1.4279e+03
  -1.4272e+03
  -1.4246e+03
  -1.4263e+03
  -1.4275e+03
  -1.4297e+03
  -1.4298e+03
  -1.4279e+03
  -1.4267e+03
  -1.4266e+03
  -1.4252e+03
  -1.4267e+03
  -1.4277e+03
  -1.4277e+03
  -1.4283e+03
  -1.4292e+03
  -1.4293e+03
  -1.4300e+03
  -1.4323e+03
  -1.4268e+03
  -1.4279e+03
