  -2.8587e+06
  -2.8595e+06
  -2.8614e+06
  -2.8601e+06
  -2.8647e+06
  -2.8478e+06
  -2.8484e+06
  -2.8526e+06
  -2.8595e+06
  -2.8630e+06
  -2.8554e+06
  -2.8782e+06
  -2.8780e+06
  -2.8591e+06
  -2.8567e+06
  -2.8546e+06
  -2.8611e+06
  -2.8711e+06
  -2.8789e+06
  -2.8628e+06
  -2.8643e+06
  -2.8649e+06
  -2.8710e+06
  -2.8655e+06
  -2.8686e+06
  -2.8556e+06
  -2.8557e+06
  -2.8685e+06
  -2.8983e+06
  -2.8705e+06
  -2.8818e+06
  -2.8713e+06
  -2.8674e+06
  -2.8678e+06
  -2.8721e+06
  -2.8746e+06
  -2.8676e+06
  -2.8646e+06
  -2.8677e+06
  -2.8840e+06
  -2.8673e+06
  -2.8808e+06
  -2.8819e+06
  -2.8656e+06
  -2.8827e+06
  -2.8701e+06
  -2.8698e+06
  -2.8743e+06
  -2.8731e+06
  -2.8669e+06
  -2.8713e+06
  -2.8803e+06
  -2.8892e+06
  -2.8767e+06
  -2.8831e+06
  -2.8800e+06
  -2.8739e+06
  -2.8809e+06
  -2.8807e+06
  -2.8889e+06
  -2.8842e+06
  -2.8819e+06
  -2.8824e+06
  -2.8776e+06
  -2.8905e+06
  -2.8933e+06
  -2.8872e+06
  -2.8822e+06
  -2.8862e+06
  -2.8898e+06
  -2.8793e+06
  -2.8803e+06
  -2.8872e+06
  -2.8778e+06
  -2.8903e+06
  -2.8888e+06
  -2.8803e+06
  -2.8808e+06
  -2.8963e+06
  -2.8760e+06
  -2.8778e+06
  -2.8744e+06
  -2.8652e+06
  -2.8749e+06
  -2.8730e+06
  -2.8670e+06
  -2.8763e+06
  -2.8565e+06
  -2.8630e+06
  -2.8628e+06
  -2.8573e+06
  -2.8547e+06
  -2.8543e+06
  -2.8739e+06
  -2.8665e+06
  -2.8587e+06
  -2.8584e+06
  -2.8594e+06
  -2.8531e+06
  -2.8561e+06
  -2.8652e+06
  -2.8642e+06
  -2.8713e+06
  -2.8685e+06
  -2.8678e+06
  -2.8704e+06
  -2.8650e+06
  -2.8669e+06
  -2.8745e+06
  -2.8787e+06
  -2.8769e+06
  -2.8771e+06
  -2.8746e+06
  -2.8706e+06
  -2.8665e+06
  -2.8788e+06
  -2.8747e+06
  -2.8611e+06
  -2.8498e+06
  -2.8441e+06
  -2.8447e+06
  -2.8298e+06
  -2.8119e+06
  -2.8286e+06
  -2.8257e+06
  -2.8281e+06
  -2.8296e+06
  -2.8390e+06
  -2.8308e+06
  -2.8117e+06
  -2.7929e+06
  -2.7913e+06
  -2.7738e+06
  -2.7669e+06
  -2.7622e+06
  -2.7524e+06
  -2.7481e+06
  -2.7537e+06
  -2.7484e+06
  -2.7444e+06
  -2.7364e+06
  -2.7299e+06
  -2.7334e+06
  -2.7351e+06
  -2.7326e+06
  -2.7235e+06
  -2.7254e+06
  -2.7275e+06
  -2.7196e+06
  -2.7224e+06
  -2.7192e+06
  -2.7204e+06
  -2.7168e+06
  -2.7148e+06
  -2.7159e+06
  -2.7136e+06
  -2.7146e+06
  -2.7142e+06
  -2.7107e+06
  -2.7102e+06
  -2.7088e+06
  -2.7028e+06
  -2.7026e+06
  -2.7062e+06
  -2.7052e+06
  -2.7048e+06
  -2.7054e+06
  -2.7056e+06
  -2.7020e+06
  -2.6995e+06
  -2.6965e+06
  -2.6996e+06
  -2.6994e+06
  -2.6960e+06
  -2.6940e+06
  -2.6930e+06
  -2.6925e+06
  -2.6938e+06
  -2.6965e+06
  -2.6951e+06
  -2.6930e+06
  -2.6949e+06
  -2.6966e+06
  -2.6962e+06
  -2.6968e+06
  -2.6962e+06
  -2.6989e+06
  -2.6984e+06
  -2.6917e+06
  -2.6935e+06
  -2.6930e+06
  -2.6962e+06
  -2.6938e+06
  -2.6924e+06
  -2.6902e+06
  -2.6910e+06
  -2.6899e+06
  -2.6987e+06
  -2.6932e+06
  -2.6920e+06
  -2.6922e+06
  -2.6913e+06
  -2.6897e+06
  -2.6882e+06
  -2.6897e+06
  -2.6894e+06
  -2.6875e+06
  -2.6901e+06
  -2.6893e+06
  -2.6850e+06
  -2.6908e+06
  -2.6879e+06
  -2.6896e+06
  -2.6884e+06
  -2.6869e+06
  -2.6897e+06
  -2.6864e+06
  -2.6857e+06
  -2.6899e+06
  -2.6848e+06
  -2.6868e+06
  -2.6840e+06
  -2.6842e+06
  -2.6838e+06
  -2.6852e+06
  -2.6841e+06
  -2.6849e+06
  -2.6834e+06
  -2.6818e+06
  -2.6841e+06
  -2.6821e+06
  -2.6851e+06
  -2.6821e+06
  -2.6876e+06
  -2.6859e+06
  -2.6887e+06
  -2.6897e+06
  -2.6875e+06
  -2.6892e+06
  -2.6850e+06
  -2.6821e+06
  -2.6782e+06
  -2.6789e+06
  -2.6831e+06
  -2.6787e+06
  -2.6794e+06
  -2.6804e+06
  -2.6794e+06
  -2.6829e+06
  -2.6835e+06
  -2.6817e+06
  -2.6799e+06
  -2.6819e+06
  -2.6795e+06
  -2.6796e+06
  -2.6800e+06
  -2.6747e+06
  -2.6780e+06
  -2.6781e+06
  -2.6830e+06
  -2.6806e+06
  -2.6751e+06
  -2.6760e+06
  -2.6799e+06
  -2.6761e+06
  -2.6717e+06
  -2.6692e+06
  -2.6711e+06
  -2.6676e+06
  -2.6686e+06
  -2.6700e+06
  -2.6677e+06
  -2.6682e+06
  -2.6666e+06
  -2.6654e+06
  -2.6631e+06
  -2.6608e+06
  -2.6677e+06
  -2.6681e+06
  -2.6651e+06
  -2.6641e+06
  -2.6644e+06
  -2.6642e+06
  -2.6632e+06
  -2.6675e+06
  -2.6720e+06
  -2.6671e+06
  -2.6668e+06
  -2.6664e+06
  -2.6681e+06
  -2.6684e+06
  -2.6674e+06
  -2.6668e+06
  -2.6692e+06
  -2.6743e+06
  -2.6723e+06
  -2.6710e+06
  -2.6736e+06
  -2.6734e+06
  -2.6735e+06
  -2.6747e+06
  -2.6825e+06
  -2.6768e+06
  -2.6772e+06
  -2.6742e+06
  -2.6785e+06
  -2.6736e+06
  -2.6735e+06
  -2.6691e+06
  -2.6663e+06
  -2.6664e+06
  -2.6652e+06
  -2.6634e+06
  -2.6671e+06
  -2.6616e+06
  -2.6627e+06
  -2.6625e+06
  -2.6646e+06
  -2.6626e+06
  -2.6656e+06
  -2.6677e+06
  -2.6680e+06
  -2.6667e+06
  -2.6635e+06
  -2.6620e+06
  -2.6619e+06
  -2.6594e+06
  -2.6578e+06
  -2.6594e+06
  -2.6603e+06
  -2.6643e+06
  -2.6592e+06
  -2.6565e+06
  -2.6586e+06
  -2.6632e+06
  -2.6596e+06
  -2.6622e+06
  -2.6582e+06
  -2.6618e+06
  -2.6606e+06
  -2.6634e+06
  -2.6615e+06
  -2.6626e+06
  -2.6578e+06
  -2.6566e+06
  -2.6577e+06
  -2.6582e+06
  -2.6564e+06
  -2.6560e+06
  -2.6523e+06
  -2.6578e+06
  -2.6599e+06
  -2.6516e+06
  -2.6580e+06
  -2.6571e+06
  -2.6504e+06
  -2.6506e+06
  -2.6484e+06
  -2.6474e+06
  -2.6465e+06
  -2.6455e+06
  -2.6473e+06
  -2.6429e+06
  -2.6406e+06
  -2.6420e+06
  -2.6417e+06
  -2.6422e+06
  -2.6408e+06
  -2.6408e+06
  -2.6424e+06
  -2.6478e+06
  -2.6467e+06
  -2.6464e+06
  -2.6429e+06
  -2.6427e+06
  -2.6430e+06
  -2.6401e+06
  -2.6439e+06
  -2.6434e+06
  -2.6420e+06
  -2.6418e+06
  -2.6423e+06
  -2.6390e+06
  -2.6403e+06
  -2.6358e+06
  -2.6369e+06
  -2.6328e+06
  -2.6356e+06
  -2.6362e+06
  -2.6339e+06
  -2.6347e+06
  -2.6311e+06
  -2.6357e+06
  -2.6343e+06
  -2.6293e+06
  -2.6261e+06
  -2.6266e+06
  -2.6327e+06
  -2.6318e+06
  -2.6328e+06
  -2.6327e+06
  -2.6329e+06
  -2.6332e+06
  -2.6323e+06
  -2.6337e+06
  -2.6332e+06
  -2.6281e+06
  -2.6285e+06
  -2.6276e+06
  -2.6267e+06
  -2.6246e+06
  -2.6274e+06
  -2.6312e+06
  -2.6260e+06
  -2.6248e+06
  -2.6233e+06
  -2.6235e+06
  -2.6239e+06
  -2.6271e+06
  -2.6259e+06
  -2.6313e+06
  -2.6307e+06
  -2.6268e+06
  -2.6263e+06
  -2.6234e+06
  -2.6223e+06
  -2.6279e+06
  -2.6249e+06
  -2.6250e+06
  -2.6265e+06
  -2.6276e+06
  -2.6267e+06
  -2.6223e+06
  -2.6223e+06
  -2.6200e+06
  -2.6238e+06
  -2.6169e+06
  -2.6137e+06
  -2.6140e+06
  -2.6164e+06
  -2.6170e+06
  -2.6144e+06
  -2.6171e+06
  -2.6193e+06
  -2.6175e+06
  -2.6160e+06
  -2.6138e+06
  -2.6132e+06
  -2.6147e+06
  -2.6177e+06
  -2.6151e+06
  -2.6159e+06
  -2.6107e+06
  -2.6061e+06
  -2.6068e+06
  -2.6082e+06
  -2.6071e+06
  -2.6033e+06
  -2.6077e+06
  -2.6083e+06
  -2.6074e+06
  -2.6039e+06
  -2.6064e+06
  -2.6030e+06
  -2.6078e+06
  -2.6068e+06
  -2.6081e+06
  -2.6084e+06
  -2.6066e+06
  -2.6075e+06
  -2.6058e+06
  -2.6081e+06
  -2.6064e+06
  -2.6065e+06
  -2.6123e+06
  -2.6100e+06
  -2.6089e+06
  -2.6065e+06
  -2.6078e+06
  -2.6082e+06
  -2.6103e+06
  -2.6120e+06
  -2.6106e+06
  -2.6158e+06
  -2.6183e+06
  -2.6110e+06
  -2.6142e+06
  -2.6162e+06
  -2.6193e+06
  -2.6121e+06
  -2.6128e+06
  -2.6096e+06
  -2.6143e+06
  -2.6146e+06
  -2.6130e+06
  -2.6138e+06
  -2.6090e+06
  -2.6113e+06
  -2.6100e+06
  -2.6070e+06
  -2.6071e+06
  -2.6067e+06
  -2.6008e+06
  -2.5996e+06
  -2.6034e+06
  -2.6086e+06
  -2.6056e+06
  -2.6016e+06
  -2.6033e+06
