  -1.4294e+03
  -1.4296e+03
  -1.4306e+03
  -1.4300e+03
  -1.4666e+03
  -1.4339e+03
  -1.4326e+03
  -1.4368e+03
  -1.4317e+03
  -1.4338e+03
  -1.4462e+03
  -1.4315e+03
  -1.4526e+03
  -1.4342e+03
  -1.4319e+03
  -1.4337e+03
  -1.4360e+03
  -1.4470e+03
  -1.4426e+03
  -1.4572e+03
  -1.4346e+03
  -1.4374e+03
  -1.4506e+03
  -1.4397e+03
  -1.4272e+03
  -1.4343e+03
  -1.4306e+03
  -1.4346e+03
  -1.4479e+03
  -1.4318e+03
  -1.4315e+03
  -1.4372e+03
  -1.4654e+03
  -1.4313e+03
  -1.4350e+03
  -1.4286e+03
  -1.4483e+03
  -1.4333e+03
  -1.4339e+03
  -1.4308e+03
  -1.4250e+03
  -1.4286e+03
  -1.4263e+03
  -1.4261e+03
  -1.4257e+03
  -1.4323e+03
  -1.4341e+03
  -1.4277e+03
  -1.4364e+03
  -1.4239e+03
  -1.4284e+03
  -1.4265e+03
  -1.4289e+03
  -1.4275e+03
  -1.4215e+03
  -1.4242e+03
  -1.4454e+03
  -1.4196e+03
  -1.4230e+03
  -1.4366e+03
  -1.4217e+03
  -1.4271e+03
  -1.4167e+03
  -1.4157e+03
  -1.4194e+03
  -1.4205e+03
  -1.4176e+03
  -1.4156e+03
  -1.4118e+03
  -1.4219e+03
  -1.4257e+03
  -1.4159e+03
  -1.4176e+03
  -1.4139e+03
  -1.4182e+03
  -1.4116e+03
  -1.4133e+03
  -1.4269e+03
  -1.4175e+03
  -1.4119e+03
  -1.4122e+03
  -1.4176e+03
  -1.4119e+03
  -1.4119e+03
  -1.4132e+03
  -1.4091e+03
  -1.4137e+03
  -1.4163e+03
  -1.4126e+03
  -1.4089e+03
  -1.4106e+03
  -1.4091e+03
  -1.4076e+03
  -1.4112e+03
  -1.4064e+03
  -1.4135e+03
  -1.4033e+03
  -1.4076e+03
  -1.4107e+03
  -1.4036e+03
  -1.4038e+03
  -1.4094e+03
  -1.4047e+03
  -1.4019e+03
  -1.4050e+03
  -1.4024e+03
  -1.4030e+03
  -1.4021e+03
  -1.4021e+03
  -1.4024e+03
  -1.4024e+03
  -1.4024e+03
  -1.3998e+03
  -1.4003e+03
  -1.4019e+03
  -1.4026e+03
  -1.3999e+03
  -1.4021e+03
  -1.4009e+03
  -1.4009e+03
  -1.4006e+03
  -1.3998e+03
  -1.3992e+03
  -1.3982e+03
  -1.3996e+03
  -1.4091e+03
  -1.4058e+03
  -1.4041e+03
  -1.4065e+03
  -1.4070e+03
  -1.4056e+03
  -1.4077e+03
  -1.4055e+03
  -1.4080e+03
  -1.4101e+03
  -1.4059e+03
  -1.4054e+03
  -1.4059e+03
  -1.4050e+03
  -1.4066e+03
  -1.4089e+03
  -1.4120e+03
  -1.4079e+03
  -1.4064e+03
  -1.4082e+03
  -1.4072e+03
  -1.4113e+03
  -1.4079e+03
  -1.4077e+03
  -1.4038e+03
  -1.4061e+03
  -1.4045e+03
  -1.4036e+03
  -1.4041e+03
  -1.4032e+03
  -1.4047e+03
  -1.4079e+03
  -1.4093e+03
  -1.4094e+03
  -1.4090e+03
  -1.4132e+03
  -1.4138e+03
  -1.4120e+03
  -1.4071e+03
  -1.4116e+03
  -1.4100e+03
  -1.4043e+03
  -1.4078e+03
  -1.4075e+03
  -1.4080e+03
  -1.4094e+03
  -1.4045e+03
  -1.4099e+03
  -1.4010e+03
  -1.4029e+03
  -1.4072e+03
  -1.4058e+03
  -1.4013e+03
  -1.4010e+03
  -1.4034e+03
  -1.4044e+03
  -1.4079e+03
  -1.4044e+03
  -1.4064e+03
  -1.4062e+03
  -1.4036e+03
  -1.4043e+03
  -1.4035e+03
  -1.4033e+03
  -1.4042e+03
  -1.4010e+03
  -1.3996e+03
  -1.4025e+03
  -1.4053e+03
  -1.4025e+03
  -1.4050e+03
  -1.4044e+03
  -1.4006e+03
  -1.4048e+03
  -1.3993e+03
  -1.4062e+03
  -1.3976e+03
  -1.3970e+03
  -1.3952e+03
  -1.3926e+03
  -1.3922e+03
  -1.3949e+03
  -1.3970e+03
  -1.3953e+03
  -1.3970e+03
  -1.3935e+03
  -1.3960e+03
  -1.3931e+03
  -1.3911e+03
  -1.3905e+03
  -1.3929e+03
  -1.3980e+03
  -1.3929e+03
  -1.3895e+03
  -1.3899e+03
  -1.3922e+03
  -1.3893e+03
  -1.3877e+03
  -1.3839e+03
  -1.3862e+03
  -1.3862e+03
  -1.3859e+03
  -1.3834e+03
  -1.3854e+03
  -1.3838e+03
  -1.3846e+03
  -1.3806e+03
  -1.3859e+03
  -1.3805e+03
  -1.3797e+03
  -1.3787e+03
  -1.3787e+03
  -1.3747e+03
  -1.3725e+03
  -1.3726e+03
  -1.3747e+03
  -1.3741e+03
  -1.3749e+03
  -1.3748e+03
  -1.3724e+03
  -1.3700e+03
  -1.3695e+03
  -1.3688e+03
  -1.3713e+03
  -1.3700e+03
  -1.3688e+03
  -1.3672e+03
  -1.3650e+03
  -1.3676e+03
  -1.3721e+03
  -1.3659e+03
  -1.3705e+03
  -1.3700e+03
  -1.3676e+03
  -1.3682e+03
  -1.3659e+03
  -1.3670e+03
  -1.3720e+03
  -1.3658e+03
  -1.3642e+03
  -1.3659e+03
  -1.3655e+03
  -1.3658e+03
  -1.3649e+03
  -1.3650e+03
  -1.3666e+03
  -1.3648e+03
  -1.3667e+03
  -1.3634e+03
  -1.3654e+03
  -1.3624e+03
  -1.3634e+03
  -1.3660e+03
  -1.3638e+03
  -1.3624e+03
  -1.3630e+03
  -1.3665e+03
  -1.3633e+03
  -1.3644e+03
  -1.3630e+03
  -1.3609e+03
  -1.3630e+03
  -1.3606e+03
  -1.3627e+03
  -1.3633e+03
  -1.3619e+03
  -1.3625e+03
  -1.3622e+03
  -1.3630e+03
  -1.3620e+03
  -1.3614e+03
  -1.3611e+03
  -1.3614e+03
  -1.3621e+03
  -1.3618e+03
  -1.3598e+03
  -1.3608e+03
  -1.3605e+03
  -1.3602e+03
  -1.3591e+03
  -1.3588e+03
  -1.3594e+03
  -1.3601e+03
  -1.3597e+03
  -1.3598e+03
  -1.3590e+03
  -1.3606e+03
  -1.3622e+03
  -1.3599e+03
  -1.3594e+03
  -1.3585e+03
  -1.3587e+03
  -1.3579e+03
  -1.3595e+03
  -1.3586e+03
  -1.3562e+03
  -1.3559e+03
  -1.3573e+03
  -1.3601e+03
  -1.3554e+03
  -1.3563e+03
  -1.3549e+03
  -1.3551e+03
  -1.3558e+03
  -1.3561e+03
  -1.3558e+03
  -1.3560e+03
  -1.3568e+03
  -1.3551e+03
  -1.3571e+03
  -1.3564e+03
  -1.3567e+03
  -1.3552e+03
  -1.3544e+03
  -1.3547e+03
  -1.3555e+03
  -1.3558e+03
  -1.3559e+03
  -1.3565e+03
  -1.3539e+03
  -1.3542e+03
  -1.3536e+03
  -1.3535e+03
  -1.3557e+03
  -1.3539e+03
  -1.3535e+03
  -1.3535e+03
  -1.3534e+03
  -1.3551e+03
  -1.3512e+03
  -1.3522e+03
  -1.3516e+03
  -1.3556e+03
  -1.3525e+03
  -1.3531e+03
  -1.3523e+03
  -1.3527e+03
  -1.3531e+03
  -1.3529e+03
  -1.3529e+03
  -1.3514e+03
  -1.3515e+03
  -1.3515e+03
  -1.3523e+03
  -1.3515e+03
  -1.3514e+03
  -1.3542e+03
  -1.3532e+03
  -1.3529e+03
  -1.3525e+03
  -1.3538e+03
  -1.3521e+03
  -1.3520e+03
  -1.3529e+03
  -1.3527e+03
  -1.3531e+03
  -1.3537e+03
  -1.3541e+03
  -1.3539e+03
  -1.3542e+03
  -1.3536e+03
  -1.3563e+03
  -1.3525e+03
  -1.3526e+03
  -1.3528e+03
  -1.3542e+03
  -1.3521e+03
  -1.3519e+03
  -1.3539e+03
  -1.3532e+03
  -1.3532e+03
  -1.3514e+03
  -1.3512e+03
  -1.3499e+03
  -1.3501e+03
  -1.3507e+03
