  -2.8634e+03
  -2.8631e+03
  -2.8599e+03
  -2.8570e+03
  -2.8538e+03
  -2.8147e+03
  -2.8206e+03
  -2.8335e+03
  -2.8259e+03
  -2.8069e+03
  -2.7927e+03
  -2.7826e+03
  -2.7633e+03
  -2.7677e+03
  -2.7379e+03
  -2.7184e+03
  -2.7006e+03
  -2.6906e+03
  -2.6651e+03
  -2.6554e+03
  -2.6198e+03
  -2.6017e+03
  -2.5621e+03
  -2.5394e+03
  -2.5101e+03
  -2.4834e+03
  -2.4499e+03
  -2.4128e+03
  -2.4001e+03
  -2.3590e+03
  -2.3378e+03
  -2.3061e+03
  -2.2585e+03
  -2.2290e+03
  -2.1863e+03
  -2.1793e+03
  -2.1346e+03
  -2.0688e+03
  -2.0686e+03
  -2.0390e+03
  -1.9862e+03
  -1.9416e+03
  -1.9172e+03
  -1.8818e+03
  -1.8364e+03
  -1.8225e+03
  -1.7606e+03
  -1.7257e+03
  -1.6755e+03
  -1.6238e+03
  -1.5774e+03
  -1.5295e+03
  -1.4879e+03
  -1.4377e+03
  -1.3804e+03
  -1.3246e+03
  -1.3134e+03
  -1.2709e+03
  -1.2395e+03
  -1.1870e+03
  -1.1363e+03
  -1.0817e+03
  -9.9753e+02
  -9.4230e+02
  -8.9102e+02
  -8.7742e+02
  -8.4594e+02
  -7.6448e+02
  -7.2364e+02
  -6.7973e+02
  -6.4951e+02
  -6.0141e+02
  -5.4341e+02
  -4.7358e+02
  -4.1615e+02
  -3.3810e+02
  -2.6012e+02
  -1.9335e+02
  -1.5127e+02
  -9.5246e+01
  -3.3972e+01
  -2.8105e+01
   4.0143e+01
   1.1003e+02
   1.8502e+02
   2.1074e+02
   2.4923e+02
   3.1776e+02
   3.6653e+02
   4.1004e+02
   4.9701e+02
   5.7715e+02
   6.6561e+02
   7.1976e+02
   8.5252e+02
   8.8968e+02
   8.7138e+02
   8.3203e+02
   7.6012e+02
   8.5385e+02
   9.3713e+02
   8.8997e+02
   8.7682e+02
   8.8786e+02
   8.3561e+02
   8.9129e+02
   9.7337e+02
   1.0624e+03
   1.2117e+03
   1.1720e+03
   1.2108e+03
   1.2041e+03
   1.2425e+03
   1.2982e+03
   1.3394e+03
   1.2926e+03
   1.3162e+03
   1.2987e+03
   1.2180e+03
   1.3358e+03
   1.2368e+03
   1.2508e+03
   1.2042e+03
   1.2477e+03
   1.1774e+03
   1.0963e+03
   1.1151e+03
   1.0018e+03
   9.1272e+02
   8.3356e+02
   8.0381e+02
   6.7178e+02
   6.1837e+02
   5.6180e+02
   4.2648e+02
   3.7696e+02
   3.2989e+02
   2.8512e+02
   2.5028e+02
   1.4349e+02
   1.4000e+02
   1.6047e+02
   1.3766e+02
   1.1700e+02
   6.7894e+01
   8.3022e-01
  -2.6260e+01
  -2.7469e+01
  -5.0151e+01
  -5.9384e+01
  -9.5485e+01
  -9.5246e+01
  -9.8178e+01
  -1.2516e+02
  -1.3318e+02
  -1.4992e+02
  -2.0159e+02
  -1.9714e+02
  -2.0092e+02
  -2.1105e+02
  -2.4209e+02
  -2.5517e+02
  -2.7464e+02
  -3.1563e+02
  -3.1581e+02
  -3.0936e+02
  -3.5947e+02
  -3.4399e+02
  -3.3354e+02
  -3.5174e+02
  -3.3041e+02
  -3.3745e+02
  -3.3333e+02
  -3.3332e+02
  -3.3944e+02
  -3.5175e+02
  -3.6680e+02
  -3.8499e+02
  -3.5660e+02
  -3.7611e+02
  -3.5660e+02
  -3.6362e+02
  -3.5032e+02
  -3.6460e+02
  -3.7858e+02
  -3.7804e+02
  -3.7485e+02
  -3.7716e+02
  -3.9440e+02
  -4.0547e+02
  -4.0457e+02
  -4.0346e+02
  -4.0017e+02
  -4.1992e+02
  -4.1148e+02
  -4.0332e+02
  -4.0401e+02
  -4.0196e+02
  -4.0010e+02
  -4.0548e+02
  -3.9597e+02
  -3.8802e+02
  -3.9220e+02
  -3.7769e+02
  -3.8129e+02
  -3.8787e+02
  -3.7029e+02
  -3.6840e+02
  -3.6690e+02
  -3.7053e+02
  -3.7479e+02
  -3.7382e+02
  -3.5195e+02
  -3.5399e+02
  -3.5894e+02
  -3.5550e+02
  -3.6512e+02
  -3.8047e+02
  -3.8060e+02
  -3.8842e+02
  -3.8797e+02
  -3.8631e+02
  -3.8671e+02
  -3.9094e+02
  -3.9595e+02
  -3.8989e+02
  -3.9931e+02
  -4.0843e+02
  -3.9457e+02
  -3.8751e+02
  -3.9075e+02
  -3.9278e+02
  -3.9161e+02
  -4.0550e+02
  -4.0517e+02
  -4.0746e+02
  -4.0379e+02
  -4.0708e+02
  -4.1393e+02
  -4.0891e+02
  -4.1616e+02
  -4.1154e+02
  -4.1802e+02
  -4.1658e+02
  -4.2018e+02
  -4.1813e+02
  -4.1871e+02
  -4.1628e+02
  -3.9835e+02
  -3.9546e+02
  -3.9450e+02
  -3.9733e+02
  -4.0194e+02
  -4.1181e+02
  -4.0289e+02
  -4.0034e+02
  -4.0525e+02
  -4.1076e+02
  -4.1645e+02
  -4.1728e+02
  -4.1542e+02
  -4.1578e+02
  -4.1550e+02
  -4.0886e+02
  -4.1982e+02
  -4.1540e+02
  -4.1491e+02
  -4.1762e+02
  -4.1652e+02
  -4.2055e+02
  -4.1593e+02
  -4.1323e+02
  -4.1396e+02
  -4.1189e+02
  -4.1717e+02
  -4.1294e+02
  -4.1069e+02
  -3.9823e+02
  -4.0200e+02
  -4.0530e+02
  -4.0027e+02
  -3.9780e+02
  -3.9136e+02
  -3.7985e+02
  -3.8224e+02
  -3.7697e+02
  -3.7605e+02
  -3.6544e+02
  -3.8101e+02
  -3.8664e+02
  -3.8950e+02
  -3.7653e+02
  -3.7528e+02
  -3.7874e+02
  -3.7949e+02
  -3.9479e+02
  -4.0126e+02
  -4.0413e+02
  -4.0419e+02
  -4.0259e+02
  -3.9600e+02
  -3.9600e+02
  -4.0612e+02
  -4.0134e+02
  -4.0008e+02
  -4.0647e+02
  -4.1319e+02
  -4.2792e+02
  -4.2125e+02
  -4.1903e+02
  -4.0800e+02
  -3.9569e+02
  -3.9732e+02
  -3.9381e+02
  -4.0267e+02
  -4.0349e+02
  -4.0951e+02
  -4.0987e+02
  -4.1503e+02
  -4.1984e+02
  -4.1724e+02
  -4.2110e+02
  -4.2872e+02
  -4.1913e+02
  -4.2310e+02
  -4.2427e+02
  -4.2436e+02
  -4.2837e+02
  -4.3763e+02
  -4.3247e+02
  -4.3286e+02
  -4.2732e+02
  -4.2295e+02
  -4.2056e+02
  -4.3140e+02
  -4.3042e+02
  -4.3364e+02
  -4.3553e+02
  -4.3660e+02
  -4.3230e+02
  -4.3585e+02
  -4.2733e+02
  -4.2165e+02
  -4.1819e+02
  -4.1901e+02
  -4.1724e+02
  -4.1728e+02
  -4.2751e+02
  -4.2883e+02
  -4.1740e+02
  -4.1616e+02
  -4.1537e+02
  -4.0327e+02
  -4.0392e+02
  -4.0487e+02
  -4.0160e+02
  -3.9928e+02
  -3.9700e+02
  -4.0226e+02
  -3.9490e+02
  -3.9384e+02
  -3.9603e+02
  -3.9765e+02
  -3.9533e+02
  -3.9230e+02
  -3.9400e+02
  -3.9090e+02
  -3.9817e+02
  -3.9779e+02
  -3.9897e+02
  -4.0314e+02
  -4.0040e+02
  -3.9998e+02
  -4.0374e+02
  -4.0371e+02
  -3.9686e+02
  -3.9630e+02
  -3.9137e+02
  -3.9334e+02
  -3.9182e+02
  -3.8840e+02
  -3.7900e+02
  -3.8254e+02
  -3.8478e+02
  -3.8924e+02
  -3.8794e+02
  -3.8452e+02
  -3.8302e+02
  -3.8964e+02
  -3.9085e+02
  -3.9148e+02
  -3.8693e+02
  -3.8244e+02
  -3.7116e+02
  -3.7386e+02
  -3.7461e+02
  -3.7261e+02
  -3.7220e+02
  -3.7959e+02
  -3.7603e+02
  -3.7397e+02
  -3.7623e+02
  -3.7431e+02
  -3.7331e+02
  -3.7678e+02
  -3.7976e+02
  -3.7989e+02
  -3.8652e+02
  -3.7841e+02
  -3.7410e+02
  -3.7310e+02
  -3.7399e+02
  -3.7032e+02
  -3.6034e+02
  -3.6282e+02
  -3.6535e+02
  -3.7233e+02
  -3.7229e+02
  -3.7592e+02
  -3.8288e+02
  -3.8137e+02
  -3.7370e+02
  -3.7135e+02
  -3.6917e+02
  -3.6884e+02
  -3.6677e+02
  -3.6343e+02
  -3.6176e+02
  -3.5939e+02
  -3.5805e+02
  -3.5909e+02
  -3.7254e+02
  -3.7317e+02
  -3.7497e+02
  -3.6832e+02
  -3.6573e+02
  -3.6265e+02
  -3.6024e+02
  -3.6095e+02
  -3.5719e+02
  -3.6200e+02
  -3.6067e+02
  -3.5984e+02
  -3.5693e+02
  -3.5168e+02
  -3.5117e+02
  -3.5068e+02
  -3.5124e+02
  -3.4592e+02
  -3.3893e+02
  -3.3504e+02
  -3.3131e+02
  -3.3113e+02
  -3.2592e+02
  -3.2510e+02
  -3.2577e+02
  -3.2421e+02
  -3.1682e+02
  -3.1857e+02
  -3.0992e+02
  -3.1523e+02
  -3.1961e+02
  -3.1860e+02
  -3.2849e+02
  -3.2560e+02
  -3.3061e+02
  -3.3785e+02
  -3.3765e+02
  -3.3465e+02
  -3.3001e+02
  -3.2336e+02
  -3.1957e+02
  -3.1224e+02
  -3.1312e+02
  -3.1719e+02
  -3.1809e+02
  -3.1662e+02
  -3.1720e+02
  -3.1349e+02
  -3.1290e+02
  -3.1508e+02
  -3.1503e+02
  -3.1907e+02
  -3.1355e+02
  -3.0629e+02
  -3.1395e+02
  -3.1493e+02
  -3.1558e+02
  -3.0877e+02
  -3.1354e+02
  -3.1327e+02
  -3.1447e+02
  -3.1103e+02
  -3.1222e+02
  -3.1231e+02
  -3.1270e+02
  -3.1304e+02
  -3.1379e+02
  -3.1131e+02
  -3.1821e+02
  -3.1811e+02
  -3.1650e+02
  -3.1642e+02
  -3.1934e+02
  -3.2250e+02
  -3.2183e+02
  -3.2353e+02
  -3.2695e+02
  -3.3389e+02
  -3.2999e+02
  -3.2919e+02
  -3.2837e+02
  -3.2733e+02
  -3.2015e+02
  -3.2102e+02
  -3.2930e+02
  -3.3289e+02
  -3.3380e+02
  -3.3183e+02
  -3.3844e+02
  -3.4021e+02
  -3.3427e+02
  -3.2442e+02
  -3.2435e+02
  -3.2607e+02
  -3.2827e+02
  -3.2354e+02
  -3.2140e+02
  -3.2411e+02
  -3.2725e+02
  -3.3474e+02
  -3.3352e+02
  -3.3268e+02
  -3.2974e+02
  -3.2922e+02
  -3.3745e+02
  -3.3393e+02
  -3.3368e+02
  -3.3342e+02
  -3.4107e+02
  -3.3992e+02
  -3.3640e+02
  -3.3489e+02
  -3.3839e+02
  -3.3880e+02
