  -2.8587e+06
  -2.8588e+06
  -2.8591e+06
  -2.8608e+06
  -2.8714e+06
  -2.8591e+06
  -2.8579e+06
  -2.8576e+06
  -2.8575e+06
  -2.8576e+06
  -2.8582e+06
  -2.8653e+06
  -2.8761e+06
  -2.8586e+06
  -2.8578e+06
  -2.8575e+06
  -2.8575e+06
  -2.8575e+06
  -2.8575e+06
  -2.8577e+06
  -2.8581e+06
  -2.8598e+06
  -2.9155e+06
  -2.8633e+06
  -2.8731e+06
  -2.8610e+06
  -2.8684e+06
  -2.8679e+06
  -2.8982e+06
  -2.8601e+06
  -2.8633e+06
  -2.8586e+06
  -2.8587e+06
  -2.8627e+06
  -2.8618e+06
  -2.8953e+06
  -2.8709e+06
  -2.8630e+06
  -2.9152e+06
  -2.8640e+06
  -2.8747e+06
  -2.8722e+06
  -2.8673e+06
  -2.8645e+06
  -2.8684e+06
  -2.8757e+06
  -2.8601e+06
  -2.8664e+06
  -2.8932e+06
  -2.8620e+06
  -2.8683e+06
  -2.8670e+06
  -2.8649e+06
  -2.8648e+06
  -2.8604e+06
  -2.8600e+06
  -2.8616e+06
  -2.8711e+06
  -2.8689e+06
  -2.8811e+06
  -2.8647e+06
  -2.8690e+06
  -2.8871e+06
  -2.9014e+06
  -2.8795e+06
  -2.8643e+06
  -2.9143e+06
  -2.8676e+06
  -2.8607e+06
  -2.8606e+06
  -2.8747e+06
  -2.8806e+06
  -2.8875e+06
  -2.8660e+06
  -2.8681e+06
  -2.8671e+06
  -2.8586e+06
  -2.8569e+06
  -2.8633e+06
  -2.8593e+06
  -2.8659e+06
  -2.8641e+06
  -2.8744e+06
  -2.8696e+06
  -2.8583e+06
  -2.8599e+06
  -2.8577e+06
  -2.9212e+06
  -2.8656e+06
  -2.8744e+06
  -2.8570e+06
  -2.8693e+06
  -2.8708e+06
  -2.8624e+06
  -2.8627e+06
  -2.8764e+06
  -2.8590e+06
  -2.8615e+06
  -2.8566e+06
  -2.8604e+06
  -2.8624e+06
  -2.8663e+06
  -2.8611e+06
  -2.8584e+06
  -2.8564e+06
  -2.8606e+06
  -2.8593e+06
  -2.8675e+06
  -2.8598e+06
  -2.8642e+06
  -2.8580e+06
  -2.8604e+06
  -2.8633e+06
  -2.8660e+06
  -2.8586e+06
  -2.8609e+06
  -2.8661e+06
  -2.8630e+06
  -2.8692e+06
  -2.8667e+06
  -2.8586e+06
  -2.8579e+06
  -2.8591e+06
  -2.8690e+06
  -2.8600e+06
  -2.8587e+06
  -2.8620e+06
  -2.8595e+06
  -2.8620e+06
  -2.8718e+06
  -2.8636e+06
  -2.8655e+06
  -2.8600e+06
  -2.8688e+06
  -2.8671e+06
  -2.8666e+06
  -2.8754e+06
  -2.8666e+06
  -2.8698e+06
  -2.8607e+06
  -2.8614e+06
  -2.8638e+06
  -2.8608e+06
  -2.8648e+06
  -2.8633e+06
  -2.8585e+06
  -2.8566e+06
  -2.8543e+06
  -2.8534e+06
  -2.8539e+06
  -2.8562e+06
  -2.8603e+06
  -2.8585e+06
  -2.8607e+06
  -2.8727e+06
  -2.8589e+06
  -2.8571e+06
  -2.8650e+06
  -2.8647e+06
  -2.8649e+06
  -2.8611e+06
  -2.8643e+06
  -2.8588e+06
  -2.8587e+06
  -2.8584e+06
  -2.8663e+06
  -2.8623e+06
  -2.8585e+06
  -2.8599e+06
  -2.8575e+06
  -2.8566e+06
  -2.8672e+06
  -2.8630e+06
  -2.8598e+06
  -2.8619e+06
  -2.8592e+06
  -2.8576e+06
  -2.8638e+06
  -2.8738e+06
  -2.8653e+06
  -2.8662e+06
  -2.8739e+06
  -2.8665e+06
  -2.8859e+06
  -2.8598e+06
  -2.8609e+06
  -2.8623e+06
  -2.8569e+06
  -2.8561e+06
  -2.8565e+06
  -2.8594e+06
  -2.8616e+06
  -2.8601e+06
  -2.8643e+06
  -2.8634e+06
  -2.8630e+06
  -2.8588e+06
  -2.8724e+06
  -2.8713e+06
  -2.8924e+06
  -2.8672e+06
  -2.8650e+06
  -2.8645e+06
  -2.8629e+06
  -2.8636e+06
  -2.8612e+06
  -2.8648e+06
  -2.8590e+06
  -2.8635e+06
  -2.8723e+06
  -2.8617e+06
  -2.8592e+06
  -2.8620e+06
  -2.8615e+06
  -2.8580e+06
  -2.8568e+06
  -2.8575e+06
  -2.8578e+06
  -2.8646e+06
  -2.8691e+06
  -2.8705e+06
  -2.8596e+06
  -2.8602e+06
  -2.8587e+06
  -2.8570e+06
  -2.8589e+06
  -2.8599e+06
  -2.8592e+06
  -2.8798e+06
  -2.8616e+06
  -2.8655e+06
  -2.8633e+06
  -2.8653e+06
  -2.8641e+06
  -2.8701e+06
  -2.8694e+06
  -2.8636e+06
  -2.8641e+06
  -2.8629e+06
  -2.8634e+06
  -2.8667e+06
  -2.8699e+06
  -2.8687e+06
  -2.8630e+06
  -2.8658e+06
  -2.8633e+06
  -2.8635e+06
  -2.8688e+06
  -2.8700e+06
  -2.8851e+06
  -2.8778e+06
  -2.8733e+06
  -2.8668e+06
  -2.8658e+06
  -2.8666e+06
  -2.8761e+06
  -2.8625e+06
  -2.8635e+06
  -2.8651e+06
  -2.8667e+06
  -2.8682e+06
  -2.8712e+06
  -2.8654e+06
  -2.8651e+06
  -2.8651e+06
  -2.8640e+06
  -2.8619e+06
  -2.8674e+06
  -2.8615e+06
  -2.8638e+06
  -2.8657e+06
  -2.8649e+06
  -2.8618e+06
  -2.8613e+06
  -2.8658e+06
  -2.8712e+06
  -2.8678e+06
  -2.8689e+06
  -2.8689e+06
  -2.8694e+06
  -2.8709e+06
  -2.8672e+06
  -2.8675e+06
  -2.8677e+06
  -2.8725e+06
  -2.8698e+06
  -2.8729e+06
  -2.8666e+06
  -2.8668e+06
  -2.8671e+06
  -2.8719e+06
  -2.8658e+06
  -2.8740e+06
  -2.8630e+06
  -2.8659e+06
  -2.8741e+06
  -2.8627e+06
  -2.8621e+06
  -2.8614e+06
  -2.8613e+06
  -2.8629e+06
  -2.8669e+06
  -3.0028e+06
  -2.8682e+06
  -2.8666e+06
  -2.8702e+06
  -2.8680e+06
  -2.8671e+06
  -2.8687e+06
  -2.8640e+06
  -2.8628e+06
  -2.8682e+06
  -2.8663e+06
  -2.8632e+06
  -2.8698e+06
  -2.8631e+06
  -2.8638e+06
  -2.8625e+06
  -2.8736e+06
  -2.8695e+06
  -2.8640e+06
  -2.8636e+06
  -2.8613e+06
  -2.8606e+06
  -2.8668e+06
  -2.8692e+06
  -2.8628e+06
  -2.8644e+06
  -2.8648e+06
  -2.8657e+06
  -2.8623e+06
  -2.8610e+06
  -2.8627e+06
  -2.8633e+06
  -2.8643e+06
  -2.8713e+06
  -2.8651e+06
  -2.8643e+06
  -2.8646e+06
  -2.8665e+06
  -2.8657e+06
  -2.8664e+06
  -2.8668e+06
  -2.8706e+06
  -2.8702e+06
  -2.8681e+06
  -2.8684e+06
  -2.8713e+06
  -2.8736e+06
  -2.8707e+06
  -2.8693e+06
  -2.8703e+06
  -2.8717e+06
  -2.8693e+06
  -2.8744e+06
  -2.8750e+06
  -2.8771e+06
  -2.8690e+06
  -2.8645e+06
  -2.8654e+06
  -2.8708e+06
  -2.8732e+06
  -2.8756e+06
  -2.8727e+06
  -2.8660e+06
  -2.8669e+06
  -2.8782e+06
  -2.8758e+06
  -2.8763e+06
  -2.8699e+06
  -2.8741e+06
  -2.8787e+06
  -2.8789e+06
  -2.8738e+06
  -2.8774e+06
  -2.8756e+06
  -2.8782e+06
  -2.8735e+06
  -2.8731e+06
  -2.8754e+06
  -2.8781e+06
  -2.8697e+06
  -2.8736e+06
  -2.8698e+06
  -2.8689e+06
  -2.8746e+06
  -2.8721e+06
  -2.8853e+06
  -2.8785e+06
  -2.8797e+06
  -2.8783e+06
  -2.8784e+06
  -2.8748e+06
  -2.8757e+06
  -2.8730e+06
  -2.8741e+06
  -2.8777e+06
  -2.8948e+06
  -2.8753e+06
  -2.8704e+06
  -2.8726e+06
  -2.8873e+06
  -2.8755e+06
  -2.8733e+06
  -2.8750e+06
  -2.8749e+06
  -2.8759e+06
  -2.8710e+06
  -2.8709e+06
  -2.8763e+06
  -2.8689e+06
  -2.8742e+06
  -2.8755e+06
  -2.8732e+06
  -2.8773e+06
  -2.8725e+06
  -2.8789e+06
  -2.8753e+06
  -2.8773e+06
  -2.8770e+06
  -2.8767e+06
  -2.8831e+06
  -2.8805e+06
  -2.8804e+06
  -2.8786e+06
  -2.8735e+06
  -2.8737e+06
  -2.8764e+06
  -2.8759e+06
  -2.8733e+06
  -2.8732e+06
  -2.8737e+06
  -2.8766e+06
  -2.8766e+06
  -2.8779e+06
  -2.8781e+06
  -2.8786e+06
  -2.8788e+06
  -2.8746e+06
  -2.8764e+06
  -2.8831e+06
  -2.8823e+06
  -2.8802e+06
  -2.8772e+06
  -2.8878e+06
  -2.8832e+06
  -2.9071e+06
  -2.8812e+06
  -2.8771e+06
  -2.8779e+06
  -2.8789e+06
  -2.8796e+06
  -2.8929e+06
  -2.8818e+06
  -2.8841e+06
  -2.8820e+06
  -2.8845e+06
  -2.8927e+06
  -2.8887e+06
  -2.8911e+06
  -2.8965e+06
  -2.8920e+06
  -2.8943e+06
  -2.8965e+06
  -2.9071e+06
  -2.8892e+06
  -2.9001e+06
  -2.8886e+06
  -2.8890e+06
  -2.8949e+06
  -2.8941e+06
  -2.8939e+06
  -2.8995e+06
  -2.8934e+06
  -2.8940e+06
  -2.8919e+06
  -2.8935e+06
  -2.8935e+06
  -2.9017e+06
  -2.9026e+06
  -2.8976e+06
  -2.8996e+06
  -2.8948e+06
  -2.8979e+06
  -2.9007e+06
  -2.8965e+06
  -2.8875e+06
  -2.8895e+06
  -2.8884e+06
  -2.8940e+06
  -2.8878e+06
  -2.8889e+06
  -2.8860e+06
  -2.8887e+06
  -2.8915e+06
  -2.8834e+06
  -2.8825e+06
  -2.8862e+06
  -2.8798e+06
  -2.8852e+06
  -2.8898e+06
  -2.8899e+06
  -2.8877e+06
  -2.8845e+06
  -2.8806e+06
  -2.8792e+06
  -2.8833e+06
  -2.8822e+06
  -2.8771e+06
  -2.8859e+06
  -2.8803e+06
  -2.8826e+06
  -2.8812e+06
  -2.8867e+06
  -2.8832e+06
  -2.8857e+06
  -2.8710e+06
  -2.8781e+06
  -2.8733e+06
  -2.8709e+06
  -2.8731e+06
  -2.8685e+06
  -2.8727e+06
  -2.8690e+06
  -2.8705e+06
  -2.8710e+06
  -2.8688e+06
  -2.8683e+06
  -2.8717e+06
  -2.8762e+06
  -2.8689e+06
  -2.8627e+06
  -2.8621e+06
  -2.8630e+06
  -2.8664e+06
  -2.8662e+06
  -2.8671e+06
  -2.8677e+06
  -2.8672e+06
  -2.8679e+06
  -2.8721e+06
  -2.8712e+06
  -2.8666e+06
  -2.8764e+06
  -2.8742e+06
  -2.8678e+06
  -2.8717e+06
  -2.8732e+06
  -2.8707e+06
  -2.8639e+06
  -2.8610e+06
  -2.8617e+06
  -2.8622e+06
  -2.8639e+06
  -2.8653e+06
  -2.8627e+06
  -2.8636e+06
  -2.8651e+06
  -2.8631e+06
  -2.8668e+06
  -2.8654e+06
  -2.8646e+06
  -2.8612e+06
  -2.8603e+06
  -2.8595e+06
  -2.8596e+06
  -2.8643e+06
  -2.8657e+06
  -2.8640e+06
  -2.8626e+06
  -2.8593e+06
  -2.8627e+06
  -2.8768e+06
  -2.8609e+06
  -2.8609e+06
  -2.8636e+06
  -2.8638e+06
  -2.8564e+06
  -2.8579e+06
  -2.8604e+06
  -2.8577e+06
  -2.8581e+06
  -2.8605e+06
  -2.8631e+06
  -2.8627e+06
  -2.8608e+06
  -2.8569e+06
  -2.8687e+06
  -2.8629e+06
  -2.8605e+06
  -2.8588e+06
  -2.8601e+06
  -2.8555e+06
  -2.8552e+06
  -2.8568e+06
  -2.8614e+06
  -2.8551e+06
  -2.8543e+06
  -2.8558e+06
  -2.8585e+06
  -2.8787e+06
  -2.8556e+06
  -2.8572e+06
  -2.8579e+06
  -2.8653e+06
  -2.8608e+06
  -2.8652e+06
  -2.8578e+06
  -2.8563e+06
  -2.8554e+06
  -2.8563e+06
  -2.8553e+06
  -2.8630e+06
  -2.8545e+06
  -2.8525e+06
  -2.8554e+06
  -2.8576e+06
  -2.8537e+06
  -2.8536e+06
  -2.8554e+06
  -2.8575e+06
  -2.8623e+06
  -2.8552e+06
  -2.8543e+06
  -2.8539e+06
  -2.8553e+06
  -2.8562e+06
  -2.8636e+06
  -2.8620e+06
  -2.8674e+06
  -2.8610e+06
  -2.8576e+06
  -2.8549e+06
  -2.8559e+06
  -2.8570e+06
  -2.8591e+06
  -2.8627e+06
  -2.8577e+06
  -2.8608e+06
  -2.8584e+06
  -2.8547e+06
  -2.8552e+06
  -2.8592e+06
  -2.8605e+06
  -2.8578e+06
  -2.8590e+06
  -2.8567e+06
  -2.8560e+06
  -2.8567e+06
  -2.8623e+06
  -2.8574e+06
  -2.8618e+06
  -2.8559e+06
  -2.8564e+06
  -2.8554e+06
  -2.8543e+06
  -2.8535e+06
  -2.8524e+06
  -2.8506e+06
  -2.8541e+06
  -2.8604e+06
  -2.8526e+06
  -2.8581e+06
  -2.8536e+06
  -2.8578e+06
  -2.8528e+06
  -2.8577e+06
  -2.8525e+06
  -2.8508e+06
  -2.8507e+06
  -2.8533e+06
  -2.8626e+06
  -2.8544e+06
  -2.8530e+06
  -2.8527e+06
  -2.8521e+06
  -2.8616e+06
  -2.8511e+06
  -2.8524e+06
  -2.8552e+06
  -2.8594e+06
  -2.8547e+06
  -2.8544e+06
  -2.8508e+06
  -2.8514e+06
  -2.8566e+06
  -2.8601e+06
  -2.8578e+06
  -2.8518e+06
  -2.8498e+06
  -2.8511e+06
  -2.8483e+06
  -2.8484e+06
  -2.8484e+06
  -2.8501e+06
  -2.8597e+06
  -2.8536e+06
  -2.8510e+06
  -2.8495e+06
  -2.8508e+06
  -2.8527e+06
  -2.8539e+06
  -2.8568e+06
  -2.8522e+06
  -2.8495e+06
  -2.8512e+06
  -2.8511e+06
  -2.8483e+06
  -2.8514e+06
  -2.8521e+06
  -2.8524e+06
  -2.8493e+06
  -2.8474e+06
  -2.8467e+06
  -2.8492e+06
  -2.8474e+06
  -2.8485e+06
  -2.8495e+06
  -2.8489e+06
  -2.8497e+06
  -2.8505e+06
  -2.8528e+06
  -2.8490e+06
  -2.8528e+06
  -2.8459e+06
  -2.8458e+06
  -2.8467e+06
  -2.8468e+06
  -2.8497e+06
  -2.8509e+06
  -2.8490e+06
  -2.8478e+06
  -2.8491e+06
  -2.8481e+06
  -2.8473e+06
  -2.8459e+06
  -2.8483e+06
  -2.8506e+06
  -2.8488e+06
  -2.8452e+06
  -2.8446e+06
  -2.8445e+06
  -2.8457e+06
  -2.8464e+06
  -2.8498e+06
  -2.8491e+06
  -2.8507e+06
  -2.8492e+06
  -2.8459e+06
  -2.8449e+06
  -2.8457e+06
  -2.8476e+06
  -2.8467e+06
  -2.8474e+06
  -2.8559e+06
  -2.8542e+06
  -2.8502e+06
  -2.8494e+06
  -2.8474e+06
  -2.8466e+06
  -2.8451e+06
  -2.8444e+06
  -2.8451e+06
  -2.8457e+06
  -2.8456e+06
  -2.8456e+06
  -2.8516e+06
  -2.8466e+06
  -2.8458e+06
  -2.8452e+06
  -2.8446e+06
  -2.8433e+06
  -2.8435e+06
  -2.8448e+06
  -2.8485e+06
  -2.8535e+06
  -2.8451e+06
  -2.8450e+06
  -2.8451e+06
  -2.8475e+06
  -2.8491e+06
  -2.8481e+06
  -2.8503e+06
  -2.8481e+06
  -2.8522e+06
  -2.8458e+06
  -2.8454e+06
  -2.8461e+06
  -2.8462e+06
  -2.8464e+06
  -2.8456e+06
  -2.8507e+06
  -2.8520e+06
  -2.8463e+06
  -2.8466e+06
  -2.8462e+06
  -2.8448e+06
  -2.8453e+06
  -2.8452e+06
  -2.8462e+06
  -2.8446e+06
  -2.8456e+06
  -2.8497e+06
  -2.8544e+06
  -2.8480e+06
  -2.8460e+06
  -2.8479e+06
  -2.8469e+06
  -2.8468e+06
  -2.8478e+06
  -2.8515e+06
  -2.8513e+06
  -2.8489e+06
  -2.8463e+06
  -2.8442e+06
  -2.8457e+06
  -2.8455e+06
  -2.8503e+06
  -2.8467e+06
  -2.8498e+06
  -2.8480e+06
  -2.8548e+06
  -2.8470e+06
  -2.8483e+06
  -2.8475e+06
  -2.8503e+06
  -2.8467e+06
  -2.8441e+06
  -2.8439e+06
  -2.8444e+06
  -2.8517e+06
  -2.8470e+06
  -2.8454e+06
  -2.8469e+06
  -2.8487e+06
  -2.8460e+06
  -2.8505e+06
  -2.8470e+06
  -2.8514e+06
  -2.8469e+06
  -2.8459e+06
  -2.8455e+06
  -2.8442e+06
  -2.8498e+06
  -2.8429e+06
  -2.8418e+06
  -2.8424e+06
  -2.8438e+06
  -2.8530e+06
  -2.8496e+06
  -2.8481e+06
  -2.8449e+06
  -2.8422e+06
  -2.8460e+06
  -2.8431e+06
  -2.8430e+06
  -2.8441e+06
  -2.8445e+06
  -2.8440e+06
  -2.8462e+06
  -2.8517e+06
  -2.8561e+06
  -2.8460e+06
  -2.8445e+06
  -2.8434e+06
  -2.8440e+06
  -2.8431e+06
  -2.8433e+06
  -2.8435e+06
  -2.8438e+06
  -2.8437e+06
  -2.8438e+06
  -2.8443e+06
  -2.8460e+06
  -2.8485e+06
  -2.8450e+06
  -2.8442e+06
  -2.8443e+06
  -2.8483e+06
  -2.8449e+06
  -2.8441e+06
  -2.8453e+06
  -2.8462e+06
  -2.8450e+06
  -2.8456e+06
  -2.8489e+06
  -2.8474e+06
  -2.8455e+06
  -2.8462e+06
  -2.8450e+06
  -2.8448e+06
  -2.8461e+06
  -2.8450e+06
  -2.8446e+06
  -2.8474e+06
  -2.8529e+06
  -2.8474e+06
  -2.8460e+06
  -2.8460e+06
  -2.8461e+06
  -2.8498e+06
  -2.8459e+06
  -2.8463e+06
  -2.8485e+06
  -2.8508e+06
  -2.8473e+06
  -2.8469e+06
  -2.8462e+06
  -2.8456e+06
  -2.8472e+06
  -2.8482e+06
  -2.8479e+06
  -2.8473e+06
  -2.8449e+06
  -2.8441e+06
  -2.8452e+06
  -2.8480e+06
  -2.8481e+06
  -2.8565e+06
  -2.8482e+06
  -2.8462e+06
  -2.8465e+06
  -2.8462e+06
  -2.8492e+06
  -2.8476e+06
  -2.8470e+06
  -2.8466e+06
  -2.8454e+06
  -2.8451e+06
  -2.8454e+06
  -2.8470e+06
  -2.8479e+06
  -2.8450e+06
  -2.8446e+06
  -2.8447e+06
  -2.8450e+06
  -2.8469e+06
  -2.8469e+06
  -2.8471e+06
  -2.8473e+06
  -2.8470e+06
  -2.8465e+06
  -2.8485e+06
  -2.8464e+06
  -2.8453e+06
  -2.8474e+06
  -2.8478e+06
  -2.8533e+06
  -2.8473e+06
  -2.8488e+06
  -2.8508e+06
  -2.8499e+06
  -2.8490e+06
  -2.8493e+06
  -2.8473e+06
  -2.8456e+06
  -2.8453e+06
  -2.8448e+06
  -2.8457e+06
  -2.8482e+06
  -2.8540e+06
  -2.8500e+06
  -2.8549e+06
  -2.8491e+06
  -2.8475e+06
  -2.8470e+06
  -2.8463e+06
  -2.8490e+06
  -2.8466e+06
  -2.8473e+06
  -2.8479e+06
  -2.8491e+06
  -2.8472e+06
  -2.8458e+06
  -2.8461e+06
  -2.8453e+06
  -2.8460e+06
  -2.8490e+06
  -2.8468e+06
  -2.8486e+06
  -2.8480e+06
  -2.8480e+06
  -2.8566e+06
  -2.8485e+06
  -2.8472e+06
  -2.8469e+06
  -2.8449e+06
  -2.8458e+06
  -2.8458e+06
  -2.8464e+06
  -2.8456e+06
  -2.8461e+06
  -2.8631e+06
  -2.8466e+06
  -2.8502e+06
  -2.8460e+06
  -2.8448e+06
  -2.8449e+06
  -2.8453e+06
  -2.8452e+06
  -2.8461e+06
  -2.8473e+06
  -2.8484e+06
  -2.8469e+06
  -2.8482e+06
  -2.8512e+06
  -2.8490e+06
  -2.8495e+06
  -2.8497e+06
  -2.8494e+06
  -2.8504e+06
  -2.8494e+06
  -2.8502e+06
  -2.8465e+06
  -2.8480e+06
  -2.8491e+06
  -2.8491e+06
  -2.8487e+06
  -2.8479e+06
  -2.8462e+06
  -2.8459e+06
  -2.8472e+06
  -2.8473e+06
  -2.8486e+06
  -2.8491e+06
  -2.8504e+06
  -2.8495e+06
  -2.8475e+06
  -2.8465e+06
  -2.8464e+06
  -2.8466e+06
  -2.8511e+06
  -2.8476e+06
  -2.8484e+06
  -2.8485e+06
  -2.8517e+06
  -2.8489e+06
  -2.8476e+06
  -2.8465e+06
  -2.8466e+06
  -2.8468e+06
  -2.8456e+06
  -2.8464e+06
  -2.8471e+06
  -2.8481e+06
  -2.8478e+06
  -2.8473e+06
  -2.8487e+06
  -2.8491e+06
  -2.8476e+06
  -2.8492e+06
  -2.8622e+06
  -2.8482e+06
  -2.8478e+06
  -2.8474e+06
  -2.8467e+06
  -2.8485e+06
  -2.8479e+06
  -2.8478e+06
  -2.8474e+06
  -2.8470e+06
  -2.8486e+06
  -2.8540e+06
  -2.8512e+06
  -2.8489e+06
  -2.8527e+06
  -2.8478e+06
  -2.8470e+06
  -2.8460e+06
  -2.8466e+06
  -2.8577e+06
  -2.8566e+06
  -2.8489e+06
  -2.8483e+06
  -2.8464e+06
  -2.8452e+06
  -2.8463e+06
  -2.8468e+06
  -2.8459e+06
  -2.8474e+06
  -2.8493e+06
  -2.8604e+06
  -2.8474e+06
  -2.8461e+06
  -2.8471e+06
  -2.8472e+06
  -2.8620e+06
  -2.8489e+06
  -2.8479e+06
  -2.8494e+06
  -2.8557e+06
  -2.8473e+06
  -2.8468e+06
  -2.8468e+06
  -2.8462e+06
  -2.8463e+06
  -2.8479e+06
  -2.8587e+06
  -2.8502e+06
  -2.8481e+06
  -2.8498e+06
  -2.8506e+06
  -2.8518e+06
  -2.8500e+06
  -2.8527e+06
  -2.8511e+06
  -2.8506e+06
  -2.8493e+06
  -2.8484e+06
  -2.8497e+06
  -2.8471e+06
  -2.8476e+06
  -2.8538e+06
  -2.8509e+06
  -2.8480e+06
  -2.8477e+06
  -2.8479e+06
  -2.8475e+06
  -2.8480e+06
  -2.8540e+06
  -2.8479e+06
  -2.8490e+06
  -2.8525e+06
  -2.8536e+06
  -2.8492e+06
  -2.8484e+06
  -2.8462e+06
  -2.8467e+06
  -2.8468e+06
  -2.8485e+06
  -2.8557e+06
  -2.8483e+06
  -2.8472e+06
  -2.8493e+06
  -2.8486e+06
  -2.8475e+06
  -2.8491e+06
  -2.8564e+06
  -2.8477e+06
  -2.8462e+06
  -2.8488e+06
  -2.8460e+06
  -2.8502e+06
  -2.8551e+06
  -2.8476e+06
  -2.8514e+06
  -2.8481e+06
  -2.8469e+06
  -2.8478e+06
  -2.8552e+06
  -2.8493e+06
  -2.8474e+06
  -2.8490e+06
  -2.8463e+06
  -2.8502e+06
  -2.8510e+06
  -2.8562e+06
  -2.8484e+06
  -2.8473e+06
  -2.8448e+06
  -2.8433e+06
  -2.8449e+06
  -2.8440e+06
  -2.8447e+06
  -2.8515e+06
  -2.8506e+06
  -2.8488e+06
  -2.8458e+06
  -2.8464e+06
  -2.8472e+06
  -2.8486e+06
  -2.8479e+06
  -2.8456e+06
  -2.8482e+06
  -2.8488e+06
  -2.8486e+06
  -2.8451e+06
  -2.8442e+06
  -2.8450e+06
  -2.8454e+06
  -2.8502e+06
  -2.8455e+06
  -2.8459e+06
  -2.8492e+06
  -2.8470e+06
  -2.8456e+06
  -2.8509e+06
  -2.8457e+06
  -2.8444e+06
  -2.8458e+06
  -2.8480e+06
  -2.8489e+06
  -2.8474e+06
  -2.8507e+06
  -2.8457e+06
  -2.8472e+06
  -2.8448e+06
  -2.8448e+06
  -2.8464e+06
  -2.8481e+06
  -2.8464e+06
  -2.8453e+06
  -2.8463e+06
  -2.8508e+06
  -2.8475e+06
  -2.8493e+06
  -2.8493e+06
  -2.8458e+06
  -2.8454e+06
  -2.8469e+06
  -2.8505e+06
  -2.8501e+06
  -2.8467e+06
  -2.8477e+06
  -2.8536e+06
  -2.8509e+06
  -2.8484e+06
  -2.8455e+06
  -2.8451e+06
  -2.8461e+06
  -2.8518e+06
  -2.8468e+06
  -2.8468e+06
  -2.8505e+06
  -2.8487e+06
  -2.8502e+06
  -2.8490e+06
  -2.8499e+06
  -2.8500e+06
  -2.8523e+06
  -2.8482e+06
  -2.8456e+06
  -2.8446e+06
  -2.8452e+06
  -2.8451e+06
  -2.8449e+06
  -2.8455e+06
  -2.8467e+06
  -2.8466e+06
  -2.8460e+06
  -2.8500e+06
  -2.8473e+06
  -2.8463e+06
  -2.8463e+06
  -2.8470e+06
  -2.8479e+06
  -2.8494e+06
  -2.8513e+06
  -2.8520e+06
  -2.8487e+06
  -2.8484e+06
  -2.8487e+06
  -2.8472e+06
  -2.8467e+06
  -2.8461e+06
  -2.8461e+06
  -2.8463e+06
  -2.8465e+06
  -2.8458e+06
  -2.8470e+06
  -2.8461e+06
  -2.8468e+06
  -2.8491e+06
  -2.8491e+06
  -2.8495e+06
  -2.8551e+06
  -2.8485e+06
  -2.8497e+06
  -2.8462e+06
  -2.8462e+06
  -2.8473e+06
  -2.8468e+06
  -2.8467e+06
  -2.8538e+06
  -2.8487e+06
  -2.8483e+06
  -2.8471e+06
  -2.8473e+06
  -2.8489e+06
  -2.8466e+06
  -2.8463e+06
  -2.8472e+06
  -2.8515e+06
  -2.8473e+06
  -2.8461e+06
  -2.8463e+06
  -2.8478e+06
  -2.8471e+06
  -2.8465e+06
  -2.8492e+06
  -2.8511e+06
  -2.8491e+06
  -2.8480e+06
  -2.8491e+06
  -2.8523e+06
  -2.8467e+06
  -2.8473e+06
  -2.8489e+06
  -2.8488e+06
  -2.8491e+06
  -2.8515e+06
  -2.8502e+06
  -2.8471e+06
  -2.8469e+06
  -2.8497e+06
  -2.8479e+06
  -2.8460e+06
  -2.8460e+06
  -2.8484e+06
  -2.8481e+06
  -2.8465e+06
  -2.8471e+06
  -2.8469e+06
  -2.8458e+06
  -2.8460e+06
  -2.8476e+06
  -2.8489e+06
  -2.8461e+06
  -2.8454e+06
  -2.8447e+06
  -2.8457e+06
  -2.8499e+06
  -2.8458e+06
  -2.8474e+06
  -2.8484e+06
  -2.8482e+06
  -2.8484e+06
  -2.8516e+06
  -2.8489e+06
  -2.8490e+06
  -2.8498e+06
  -2.8512e+06
  -2.8477e+06
  -2.8449e+06
  -2.8449e+06
  -2.8472e+06
  -2.8488e+06
  -2.8498e+06
  -2.8477e+06
  -2.8504e+06
  -2.8454e+06
  -2.8450e+06
  -2.8450e+06
  -2.8460e+06
  -2.8455e+06
  -2.8437e+06
  -2.8446e+06
  -2.8492e+06
  -2.8508e+06
  -2.8485e+06
  -2.8445e+06
  -2.8443e+06
  -2.8480e+06
  -2.8468e+06
  -2.8469e+06
  -2.8454e+06
  -2.8452e+06
  -2.8462e+06
  -2.8473e+06
  -2.8482e+06
  -2.8489e+06
  -2.8456e+06
  -2.8454e+06
  -2.8467e+06
  -2.8467e+06
  -2.8473e+06
  -2.8455e+06
  -2.8442e+06
  -2.8445e+06
  -2.8461e+06
  -2.8502e+06
  -2.8473e+06
  -2.8467e+06
  -2.8455e+06
  -2.8492e+06
  -2.8484e+06
  -2.8465e+06
  -2.8466e+06
  -2.8450e+06
  -2.8466e+06
  -2.8497e+06
  -2.8550e+06
  -2.8524e+06
  -2.8488e+06
  -2.8468e+06
  -2.8450e+06
  -2.8444e+06
  -2.8458e+06
  -2.8440e+06
  -2.8443e+06
  -2.8479e+06
  -2.8457e+06
  -2.8443e+06
  -2.8453e+06
  -2.8470e+06
  -2.8438e+06
  -2.8441e+06
  -2.8453e+06
  -2.8455e+06
  -2.8465e+06
  -2.8472e+06
  -2.8446e+06
  -2.8457e+06
  -2.8478e+06
  -2.8464e+06
  -2.8477e+06
  -2.8438e+06
  -2.8443e+06
  -2.8448e+06
  -2.8455e+06
  -2.8440e+06
  -2.8455e+06
  -2.8456e+06
  -2.8461e+06
  -2.8462e+06
  -2.8503e+06
  -2.8463e+06
  -2.8448e+06
  -2.8473e+06
  -2.8509e+06
  -2.8473e+06
  -2.8459e+06
  -2.8482e+06
  -2.8454e+06
  -2.8446e+06
  -2.8445e+06
  -2.8475e+06
  -2.8456e+06
  -2.8441e+06
  -2.8440e+06
  -2.8450e+06
  -2.8465e+06
  -2.8462e+06
  -2.8463e+06
  -2.8520e+06
  -2.8463e+06
  -2.8433e+06
  -2.8440e+06
  -2.8466e+06
  -2.8443e+06
  -2.8438e+06
  -2.8435e+06
  -2.8434e+06
  -2.8517e+06
  -2.8449e+06
  -2.8451e+06
  -2.8460e+06
  -2.8433e+06
  -2.8452e+06
  -2.8466e+06
  -2.8465e+06
  -2.8437e+06
  -2.8435e+06
  -2.8453e+06
  -2.8490e+06
  -2.8485e+06
  -2.8489e+06
  -2.8456e+06
  -2.8478e+06
  -2.8467e+06
  -2.8497e+06
  -2.8518e+06
  -2.8468e+06
  -2.8476e+06
  -2.8482e+06
  -2.8492e+06
  -2.8471e+06
  -2.8561e+06
  -2.8445e+06
  -2.8487e+06
  -2.8446e+06
  -2.8451e+06
  -2.8483e+06
  -2.8454e+06
  -2.8426e+06
  -2.8435e+06
  -2.8429e+06
  -2.8422e+06
  -2.8415e+06
  -2.8418e+06
  -2.8424e+06
  -2.8413e+06
  -2.8417e+06
  -2.8430e+06
  -2.8467e+06
  -2.8431e+06
  -2.8431e+06
  -2.8446e+06
  -2.8445e+06
  -2.8445e+06
  -2.8427e+06
  -2.8420e+06
  -2.8429e+06
  -2.8426e+06
  -2.8426e+06
  -2.8440e+06
  -2.8432e+06
  -2.8414e+06
  -2.8429e+06
  -2.8457e+06
  -2.8429e+06
  -2.8443e+06
  -2.8436e+06
  -2.8428e+06
  -2.8428e+06
  -2.8438e+06
  -2.8444e+06
  -2.8464e+06
  -2.8467e+06
  -2.8448e+06
  -2.8428e+06
  -2.8431e+06
  -2.8432e+06
  -2.8430e+06
  -2.8415e+06
  -2.8422e+06
  -2.8418e+06
  -2.8444e+06
  -2.8441e+06
  -2.8438e+06
  -2.8440e+06
  -2.8451e+06
  -2.8437e+06
  -2.8433e+06
  -2.8427e+06
  -2.8431e+06
  -2.8465e+06
  -2.8437e+06
  -2.8482e+06
  -2.8473e+06
  -2.8452e+06
  -2.8443e+06
  -2.8462e+06
  -2.8447e+06
  -2.8502e+06
  -2.8460e+06
  -2.8410e+06
  -2.8416e+06
  -2.8425e+06
  -2.8439e+06
  -2.8436e+06
  -2.8432e+06
  -2.8442e+06
  -2.8433e+06
  -2.8440e+06
  -2.8433e+06
  -2.8415e+06
  -2.8408e+06
  -2.8411e+06
  -2.8418e+06
  -2.8431e+06
  -2.8448e+06
  -2.8450e+06
  -2.8428e+06
  -2.8436e+06
  -2.8428e+06
  -2.8421e+06
  -2.8406e+06
  -2.8408e+06
  -2.8411e+06
  -2.8414e+06
  -2.8414e+06
  -2.8445e+06
  -2.8433e+06
  -2.8437e+06
  -2.8424e+06
  -2.8420e+06
  -2.8432e+06
  -2.8421e+06
  -2.8413e+06
  -2.8410e+06
  -2.8410e+06
  -2.8418e+06
  -2.8416e+06
  -2.8454e+06
  -2.8426e+06
  -2.8411e+06
  -2.8422e+06
  -2.8408e+06
  -2.8419e+06
  -2.8455e+06
  -2.8410e+06
  -2.8402e+06
  -2.8407e+06
  -2.8414e+06
  -2.8413e+06
  -2.8438e+06
  -2.8438e+06
  -2.8414e+06
  -2.8438e+06
  -2.8420e+06
  -2.8419e+06
  -2.8423e+06
  -2.8437e+06
  -2.8418e+06
  -2.8413e+06
  -2.8415e+06
  -2.8419e+06
  -2.8435e+06
  -2.8451e+06
  -2.8419e+06
  -2.8418e+06
  -2.8434e+06
  -2.8418e+06
  -2.8411e+06
  -2.8414e+06
  -2.8402e+06
  -2.8401e+06
  -2.8418e+06
  -2.8415e+06
  -2.8425e+06
  -2.8455e+06
  -2.8430e+06
  -2.8413e+06
  -2.8413e+06
  -2.8421e+06
  -2.8428e+06
  -2.8424e+06
  -2.8422e+06
  -2.8451e+06
  -2.8425e+06
  -2.8426e+06
  -2.8433e+06
  -2.8450e+06
  -2.8456e+06
  -2.8453e+06
  -2.8444e+06
  -2.8439e+06
  -2.8437e+06
  -2.8473e+06
  -2.8467e+06
  -2.8470e+06
  -2.8427e+06
  -2.8439e+06
  -2.8444e+06
  -2.8454e+06
  -2.8473e+06
  -2.8457e+06
  -2.8460e+06
  -2.8447e+06
  -2.8429e+06
  -2.8438e+06
  -2.8428e+06
  -2.8423e+06
  -2.8422e+06
  -2.8419e+06
  -2.8427e+06
  -2.8454e+06
  -2.8460e+06
  -2.8440e+06
  -2.8446e+06
  -2.8441e+06
  -2.8438e+06
  -2.8468e+06
  -2.8460e+06
  -2.8499e+06
  -2.8474e+06
  -2.8460e+06
  -2.8464e+06
  -2.8505e+06
  -2.8523e+06
  -2.8457e+06
  -2.8469e+06
  -2.8434e+06
  -2.8434e+06
  -2.8426e+06
  -2.8419e+06
  -2.8427e+06
  -2.8427e+06
  -2.8437e+06
  -2.8519e+06
  -2.8502e+06
  -2.8450e+06
  -2.8432e+06
  -2.8427e+06
  -2.8436e+06
  -2.8469e+06
  -2.8436e+06
  -2.8434e+06
  -2.8479e+06
  -2.8496e+06
  -2.8575e+06
  -2.8529e+06
  -2.8474e+06
  -2.8449e+06
  -2.8436e+06
  -2.8444e+06
  -2.8437e+06
  -2.8438e+06
  -2.8435e+06
  -2.8433e+06
  -2.8443e+06
  -2.8483e+06
  -2.8505e+06
  -2.8482e+06
  -2.8460e+06
  -2.8445e+06
  -2.8432e+06
  -2.8437e+06
  -2.8453e+06
  -2.8434e+06
  -2.8426e+06
  -2.8436e+06
  -2.8459e+06
  -2.8446e+06
  -2.8450e+06
  -2.8456e+06
  -2.8432e+06
  -2.8427e+06
  -2.8433e+06
  -2.8429e+06
  -2.8437e+06
  -2.8434e+06
  -2.8441e+06
  -2.8444e+06
  -2.8448e+06
  -2.8475e+06
  -2.8468e+06
  -2.8444e+06
  -2.8446e+06
  -2.8435e+06
  -2.8423e+06
  -2.8424e+06
  -2.8435e+06
  -2.8441e+06
  -2.8435e+06
  -2.8437e+06
  -2.8532e+06
  -2.8511e+06
  -2.8436e+06
  -2.8433e+06
  -2.8433e+06
  -2.8443e+06
  -2.8534e+06
  -2.8456e+06
  -2.8455e+06
  -2.8457e+06
  -2.8448e+06
  -2.8488e+06
  -2.8464e+06
  -2.8473e+06
  -2.8479e+06
  -2.8484e+06
  -2.8503e+06
  -2.8495e+06
  -2.8478e+06
  -2.8467e+06
  -2.8467e+06
  -2.8475e+06
  -2.8491e+06
  -2.8499e+06
  -2.8464e+06
  -2.8494e+06
  -2.8458e+06
  -2.8466e+06
  -2.8473e+06
  -2.8486e+06
  -2.8519e+06
  -2.8471e+06
  -2.8511e+06
  -2.8489e+06
  -2.8447e+06
  -2.8456e+06
  -2.8440e+06
  -2.8437e+06
  -2.8443e+06
  -2.8458e+06
  -2.8478e+06
  -2.8467e+06
  -2.8445e+06
  -2.8466e+06
  -2.8460e+06
  -2.8448e+06
  -2.8450e+06
  -2.8480e+06
  -2.8449e+06
  -2.8440e+06
  -2.8455e+06
  -2.8434e+06
  -2.8434e+06
  -2.8453e+06
  -2.8468e+06
  -2.8448e+06
  -2.8436e+06
  -2.8438e+06
  -2.8429e+06
  -2.8440e+06
  -2.8467e+06
  -2.8461e+06
  -2.8461e+06
  -2.8476e+06
  -2.8468e+06
  -2.8486e+06
  -2.8468e+06
  -2.8449e+06
  -2.8446e+06
  -2.8438e+06
  -2.8465e+06
  -2.8476e+06
  -2.8466e+06
  -2.8450e+06
  -2.8457e+06
  -2.8462e+06
  -2.8475e+06
  -2.8454e+06
  -2.8437e+06
  -2.8438e+06
  -2.8486e+06
  -2.8497e+06
  -2.8496e+06
  -2.8465e+06
  -2.8442e+06
  -2.8495e+06
  -2.8509e+06
  -2.8441e+06
  -2.8456e+06
  -2.8440e+06
  -2.8420e+06
  -2.8426e+06
  -2.8438e+06
  -2.8448e+06
  -2.8428e+06
  -2.8436e+06
  -2.8436e+06
  -2.8442e+06
  -2.8431e+06
  -2.8443e+06
  -2.8434e+06
  -2.8430e+06
  -2.8449e+06
  -2.8481e+06
  -2.8450e+06
  -2.8442e+06
  -2.8449e+06
  -2.8469e+06
  -2.8439e+06
  -2.8427e+06
  -2.8424e+06
  -2.8426e+06
  -2.8431e+06
  -2.8446e+06
  -2.8428e+06
  -2.8426e+06
  -2.8437e+06
  -2.8433e+06
  -2.8407e+06
  -2.8402e+06
  -2.8422e+06
  -2.8428e+06
  -2.8433e+06
  -2.8435e+06
  -2.8437e+06
  -2.8449e+06
  -2.8468e+06
  -2.8457e+06
  -2.8428e+06
  -2.8417e+06
  -2.8454e+06
  -2.8424e+06
  -2.8422e+06
  -2.8429e+06
  -2.8453e+06
  -2.8491e+06
  -2.8466e+06
  -2.8445e+06
  -2.8437e+06
  -2.8447e+06
  -2.8449e+06
  -2.8441e+06
  -2.8423e+06
  -2.8427e+06
  -2.8430e+06
  -2.8445e+06
  -2.8470e+06
  -2.8455e+06
  -2.8437e+06
  -2.8440e+06
  -2.8431e+06
  -2.8454e+06
  -2.8446e+06
  -2.8468e+06
  -2.8464e+06
  -2.8442e+06
  -2.8468e+06
  -2.8476e+06
  -2.8437e+06
  -2.8455e+06
  -2.8442e+06
  -2.8453e+06
  -2.8429e+06
  -2.8432e+06
  -2.8424e+06
  -2.8426e+06
  -2.8445e+06
  -2.8454e+06
  -2.8444e+06
  -2.8452e+06
  -2.8461e+06
  -2.8447e+06
  -2.8436e+06
  -2.8445e+06
  -2.8437e+06
  -2.8461e+06
  -2.8484e+06
  -2.8458e+06
  -2.8445e+06
  -2.8431e+06
  -2.8431e+06
  -2.8433e+06
  -2.8421e+06
  -2.8430e+06
  -2.8420e+06
  -2.8427e+06
  -2.8443e+06
  -2.8440e+06
  -2.8444e+06
  -2.8432e+06
  -2.8429e+06
  -2.8447e+06
  -2.8439e+06
  -2.8424e+06
  -2.8442e+06
  -2.8454e+06
  -2.8453e+06
  -2.8451e+06
  -2.8446e+06
  -2.8436e+06
  -2.8439e+06
  -2.8441e+06
  -2.8443e+06
  -2.8470e+06
  -2.8509e+06
  -2.8442e+06
  -2.8427e+06
  -2.8425e+06
  -2.8429e+06
  -2.8445e+06
  -2.8422e+06
  -2.8457e+06
  -2.8430e+06
  -2.8405e+06
  -2.8418e+06
  -2.8409e+06
  -2.8415e+06
  -2.8426e+06
  -2.8459e+06
  -2.8439e+06
  -2.8425e+06
  -2.8433e+06
  -2.8456e+06
  -2.8431e+06
  -2.8426e+06
  -2.8437e+06
  -2.8437e+06
  -2.8444e+06
  -2.8441e+06
  -2.8439e+06
  -2.8432e+06
  -2.8431e+06
  -2.8441e+06
  -2.8424e+06
  -2.8431e+06
  -2.8444e+06
  -2.8459e+06
  -2.8439e+06
  -2.8439e+06
  -2.8436e+06
  -2.8434e+06
  -2.8440e+06
  -2.8433e+06
  -2.8421e+06
  -2.8421e+06
  -2.8419e+06
  -2.8422e+06
  -2.8440e+06
  -2.8445e+06
  -2.8448e+06
  -2.8441e+06
  -2.8444e+06
  -2.8491e+06
  -2.8444e+06
  -2.8436e+06
  -2.8438e+06
  -2.8450e+06
  -2.8452e+06
  -2.8450e+06
  -2.8457e+06
  -2.8444e+06
  -2.8470e+06
  -2.8464e+06
  -2.8475e+06
  -2.8443e+06
  -2.8446e+06
  -2.8446e+06
  -2.8448e+06
  -2.8495e+06
  -2.8456e+06
  -2.8456e+06
  -2.8458e+06
  -2.8462e+06
  -2.8464e+06
  -2.8493e+06
  -2.8477e+06
  -2.8507e+06
  -2.8478e+06
