  -2.8587e+06
  -2.8477e+06
  -2.8229e+06
  -2.8062e+06
  -2.6463e+06
   3.9124e+06
   3.9084e+06
   3.8941e+06
   3.8724e+06
   5.4520e+06
   5.5735e+06
   5.6308e+06
   5.6606e+06
   5.8041e+06
   5.9560e+06
   6.0935e+06
   6.2101e+06
   6.3025e+06
   6.5292e+06
   6.7492e+06
   6.8335e+06
   6.9251e+06
   6.9548e+06
   7.0103e+06
   7.0483e+06
   7.0629e+06
   7.0740e+06
   7.0975e+06
   7.1069e+06
   7.1388e+06
   7.1619e+06
   7.1918e+06
   7.2137e+06
   7.2203e+06
   7.2532e+06
   7.3585e+06
   7.3689e+06
   7.3884e+06
   7.4322e+06
   7.4602e+06
   7.4764e+06
   7.5003e+06
   7.5342e+06
   7.5884e+06
   7.6067e+06
   7.6273e+06
   7.6667e+06
   7.7145e+06
   7.8715e+06
   7.9174e+06
   7.9676e+06
   8.1003e+06
   8.2521e+06
   8.2716e+06
   8.2859e+06
   8.3229e+06
   8.3599e+06
   8.3951e+06
   8.4257e+06
   8.4568e+06
   8.4790e+06
   8.5233e+06
   8.5482e+06
   8.5572e+06
   8.5572e+06
   8.5568e+06
   8.5584e+06
   8.5755e+06
   8.5986e+06
   8.6034e+06
   8.6093e+06
   8.6098e+06
   8.6157e+06
   8.6165e+06
   8.6209e+06
   8.6264e+06
   8.6299e+06
   8.6315e+06
   8.6339e+06
   8.6399e+06
   8.6398e+06
   8.6432e+06
   8.6478e+06
   8.6534e+06
   8.6565e+06
   8.6584e+06
   8.6612e+06
   8.6600e+06
   8.6618e+06
   8.6628e+06
   8.6627e+06
   8.6611e+06
   8.6630e+06
   8.6655e+06
   8.6667e+06
   8.6671e+06
   8.6664e+06
   8.6678e+06
   8.6678e+06
   8.6708e+06
   8.6712e+06
   8.6703e+06
   8.6718e+06
   8.6712e+06
   8.6714e+06
   8.6719e+06
   8.6717e+06
   8.6717e+06
   8.6710e+06
   8.6724e+06
   8.6718e+06
   8.6720e+06
   8.6722e+06
   8.6726e+06
   8.6749e+06
   8.6748e+06
   8.6748e+06
   8.6751e+06
   8.6763e+06
   8.6772e+06
   8.6771e+06
   8.6768e+06
   8.6776e+06
   8.6773e+06
   8.6762e+06
   8.6858e+06
   8.6864e+06
   8.6865e+06
   8.6858e+06
   8.6866e+06
   8.6927e+06
   8.6956e+06
   8.6955e+06
   8.6953e+06
   8.7001e+06
   8.7144e+06
   8.7161e+06
   8.7168e+06
   8.7246e+06
   8.7243e+06
   8.7248e+06
   8.7251e+06
   8.7259e+06
   8.7337e+06
   8.7404e+06
   8.7411e+06
   8.7394e+06
   8.7397e+06
   8.7408e+06
   8.7417e+06
   8.7416e+06
   8.7421e+06
   8.7449e+06
   8.7453e+06
   8.7489e+06
   8.7523e+06
   8.7526e+06
   8.7525e+06
   8.7526e+06
   8.7572e+06
   8.7593e+06
   8.7622e+06
   8.7677e+06
   8.7687e+06
   8.7680e+06
   8.7674e+06
   8.7673e+06
   8.7672e+06
   8.7693e+06
   8.7827e+06
   8.7829e+06
   8.7832e+06
   8.7823e+06
   8.7814e+06
   8.7817e+06
   8.7818e+06
   8.7824e+06
   8.7829e+06
   8.7874e+06
   8.7874e+06
   8.7873e+06
   8.7886e+06
   8.7899e+06
   8.7900e+06
   8.7901e+06
   8.7898e+06
   8.7881e+06
   8.7883e+06
   8.7886e+06
   8.7880e+06
   8.7926e+06
   8.7926e+06
   8.7949e+06
   8.7959e+06
   8.7946e+06
   8.7947e+06
   8.7969e+06
   8.7992e+06
   8.7998e+06
   8.8003e+06
   8.8022e+06
   8.8086e+06
   8.8085e+06
   8.8100e+06
   8.8108e+06
