   1.0000e+03
   1.0000e+03
   1.0000e+03
   1.0000e+03
   9.9800e+02
   9.9200e+02
   9.9200e+02
   9.9200e+02
   9.9200e+02
   9.9200e+02
   9.8900e+02
   9.7900e+02
   9.7700e+02
   9.7100e+02
   9.6900e+02
   9.5900e+02
   9.5700e+02
   9.4800e+02
   9.4500e+02
   9.3500e+02
   9.2900e+02
   9.2000e+02
   9.1900e+02
   9.1300e+02
   9.0800e+02
   9.0600e+02
   9.0200e+02
   8.9700e+02
   8.8600e+02
   8.8300e+02
   8.8000e+02
   8.7900e+02
   8.7300e+02
   8.6500e+02
   8.5700e+02
   8.4900e+02
   8.4800e+02
   8.4300e+02
   8.3300e+02
   8.3200e+02
   8.3400e+02
   8.3300e+02
   8.2900e+02
   8.2500e+02
   8.2200e+02
   8.1600e+02
   8.1500e+02
   8.0900e+02
   8.0700e+02
   8.0800e+02
   8.0600e+02
   8.0400e+02
   8.0000e+02
   7.9700e+02
   7.9500e+02
   7.9000e+02
   7.8500e+02
   7.8300e+02
   7.8000e+02
   7.8000e+02
   7.7800e+02
   7.7700e+02
   7.7800e+02
   7.7800e+02
   7.7800e+02
   7.7200e+02
   7.6800e+02
   7.7000e+02
   7.6900e+02
   7.6700e+02
   7.6300e+02
   7.6100e+02
   7.5800e+02
   7.5700e+02
   7.5500e+02
   7.5600e+02
   7.5500e+02
   7.5200e+02
   7.4500e+02
   7.4000e+02
   7.3500e+02
   7.2400e+02
   7.2300e+02
   7.2100e+02
   7.1700e+02
   7.0700e+02
   7.0100e+02
   6.9400e+02
   6.8900e+02
   6.8300e+02
   6.8200e+02
   6.7900e+02
   6.7300e+02
   6.6400e+02
   6.6200e+02
   6.5500e+02
   6.4000e+02
   6.2100e+02
   6.0400e+02
   6.0100e+02
   5.9800e+02
   5.8800e+02
   5.7500e+02
   5.6900e+02
   5.5700e+02
   5.5500e+02
   5.5300e+02
   5.5100e+02
   5.5900e+02
   5.4900e+02
   5.4800e+02
   5.4400e+02
   5.4300e+02
   5.4600e+02
   5.4400e+02
   5.3700e+02
   5.3800e+02
   5.3200e+02
   5.2600e+02
   5.3300e+02
   5.2900e+02
   5.3100e+02
   5.3000e+02
   5.3600e+02
   5.3600e+02
   5.3500e+02
   5.4000e+02
   5.3500e+02
   5.3400e+02
   5.3300e+02
   5.3800e+02
   5.3200e+02
   5.3400e+02
   5.3600e+02
   5.2900e+02
   5.3000e+02
   5.2800e+02
   5.2900e+02
   5.2900e+02
   5.2300e+02
   5.2600e+02
   5.3100e+02
   5.3000e+02
   5.3100e+02
   5.3000e+02
   5.2700e+02
   5.2800e+02
   5.3200e+02
   5.3400e+02
   5.3700e+02
   5.3600e+02
   5.4100e+02
   5.4300e+02
   5.4200e+02
   5.4500e+02
   5.4600e+02
   5.4300e+02
   5.4600e+02
   5.4700e+02
   5.4800e+02
   5.4500e+02
   5.4600e+02
   5.4600e+02
   5.4300e+02
   5.4500e+02
   5.4700e+02
   5.4300e+02
   5.4800e+02
   5.5200e+02
   5.5300e+02
   5.5800e+02
   5.5900e+02
   5.6200e+02
   5.6400e+02
   5.6500e+02
   5.6500e+02
   5.6500e+02
   5.6800e+02
   5.7100e+02
   5.7000e+02
   5.7400e+02
   5.7300e+02
   5.7700e+02
   5.7600e+02
   5.7600e+02
   5.7800e+02
   5.8000e+02
   5.8100e+02
   5.7900e+02
   5.7900e+02
   5.8000e+02
   5.8100e+02
   5.8300e+02
   5.8000e+02
   5.8300e+02
   5.8600e+02
   5.8700e+02
   5.8900e+02
   5.9100e+02
   5.9100e+02
   5.9300e+02
   5.9600e+02
   5.9600e+02
   6.0000e+02
   6.0000e+02
   5.9900e+02
   6.0200e+02
   6.0500e+02
   6.0600e+02
   6.0700e+02
   6.0700e+02
   6.0800e+02
   6.1500e+02
   6.1600e+02
   6.1600e+02
   6.1800e+02
   6.1700e+02
   6.1500e+02
   6.1600e+02
   6.1500e+02
   6.1600e+02
   6.1800e+02
   6.1900e+02
   6.2000e+02
   6.1900e+02
   6.2200e+02
   6.2100e+02
   6.1900e+02
   6.2300e+02
   6.2600e+02
   6.2600e+02
   6.2700e+02
   6.2800e+02
   6.2600e+02
   6.2700e+02
   6.2700e+02
   6.2900e+02
   6.2900e+02
   6.2800e+02
   6.3000e+02
   6.2900e+02
   6.3100e+02
   6.3000e+02
   6.3100e+02
   6.3100e+02
   6.3200e+02
   6.3200e+02
   6.3300e+02
   6.3700e+02
   6.3800e+02
   6.3800e+02
   6.3700e+02
   6.3600e+02
   6.3400e+02
   6.3600e+02
   6.3700e+02
   6.3600e+02
   6.3500e+02
   6.3400e+02
   6.3400e+02
   6.3500e+02
   6.3600e+02
   6.3600e+02
   6.3800e+02
   6.3600e+02
   6.3600e+02
   6.3600e+02
   6.3600e+02
   6.3600e+02
   6.3500e+02
   6.3300e+02
   6.3300e+02
   6.3200e+02
   6.3300e+02
   6.3200e+02
   6.3400e+02
   6.3400e+02
   6.3700e+02
   6.3600e+02
   6.3500e+02
   6.3600e+02
   6.3600e+02
   6.3600e+02
   6.3700e+02
   6.3700e+02
   6.3900e+02
   6.3900e+02
   6.4200e+02
   6.3800e+02
   6.3700e+02
   6.3600e+02
   6.3900e+02
   6.4000e+02
   6.4000e+02
   6.4000e+02
   6.3700e+02
   6.3600e+02
   6.3600e+02
   6.3600e+02
   6.3700e+02
   6.3800e+02
   6.3900e+02
   6.3600e+02
   6.3800e+02
   6.3800e+02
   6.3700e+02
   6.3500e+02
   6.3300e+02
   6.3400e+02
   6.3500e+02
   6.3700e+02
   6.3900e+02
   6.3900e+02
   6.4000e+02
   6.3800e+02
   6.3800e+02
   6.3600e+02
   6.3700e+02
   6.3600e+02
   6.3600e+02
   6.3600e+02
   6.3600e+02
   6.3400e+02
   6.3800e+02
   6.3700e+02
   6.3800e+02
   6.3800e+02
   6.3800e+02
   6.3600e+02
   6.3800e+02
   6.3800e+02
   6.4000e+02
   6.4100e+02
   6.4200e+02
   6.4000e+02
   6.4100e+02
   6.3700e+02
   6.3700e+02
   6.3600e+02
   6.3800e+02
   6.3700e+02
   6.4000e+02
   6.4100e+02
   6.4100e+02
   6.3900e+02
   6.4100e+02
   6.4100e+02
   6.3900e+02
   6.3800e+02
   6.4200e+02
   6.4200e+02
   6.4400e+02
   6.4500e+02
   6.4600e+02
   6.4600e+02
   6.4700e+02
   6.4800e+02
   6.4900e+02
   6.4800e+02
   6.5000e+02
   6.5000e+02
   6.5000e+02
   6.4900e+02
   6.5000e+02
   6.5100e+02
   6.5100e+02
   6.5200e+02
   6.5100e+02
   6.5100e+02
   6.5100e+02
   6.5000e+02
   6.5100e+02
   6.5100e+02
   6.5100e+02
   6.5100e+02
   6.5100e+02
   6.5100e+02
   6.5400e+02
   6.5200e+02
   6.5100e+02
   6.5000e+02
   6.5300e+02
   6.5200e+02
   6.5100e+02
   6.4900e+02
   6.5000e+02
   6.5100e+02
   6.5100e+02
   6.4800e+02
   6.4800e+02
   6.4800e+02
   6.4900e+02
   6.5000e+02
   6.5400e+02
   6.5200e+02
   6.5100e+02
   6.5100e+02
   6.5200e+02
   6.4900e+02
   6.5000e+02
   6.5000e+02
   6.5000e+02
   6.5000e+02
   6.5000e+02
   6.4900e+02
   6.4800e+02
   6.4800e+02
   6.4600e+02
   6.4800e+02
   6.5000e+02
   6.5000e+02
   6.4900e+02
   6.4900e+02
   6.5100e+02
   6.5000e+02
   6.5000e+02
   6.4800e+02
   6.4900e+02
   6.4800e+02
   6.4600e+02
   6.4600e+02
   6.4800e+02
   6.4900e+02
   6.5000e+02
   6.4900e+02
   6.4900e+02
   6.5000e+02
   6.5000e+02
   6.4700e+02
   6.4800e+02
   6.4700e+02
   6.4400e+02
   6.4400e+02
   6.4400e+02
   6.4500e+02
   6.4600e+02
   6.4600e+02
   6.4700e+02
   6.4700e+02
   6.4800e+02
   6.4700e+02
   6.4800e+02
   6.4800e+02
   6.4900e+02
   6.5100e+02
   6.5200e+02
   6.5200e+02
   6.5100e+02
   6.5200e+02
   6.5500e+02
   6.5600e+02
   6.5600e+02
   6.5600e+02
   6.6000e+02
   6.6000e+02
   6.5900e+02
   6.5900e+02
   6.6100e+02
   6.6000e+02
   6.6200e+02
   6.6100e+02
   6.6000e+02
   6.6000e+02
   6.5700e+02
   6.5800e+02
   6.5700e+02
   6.5600e+02
   6.5500e+02
   6.5400e+02
   6.5500e+02
   6.5600e+02
   6.5700e+02
   6.5900e+02
   6.5900e+02
   6.5800e+02
   6.5800e+02
   6.5900e+02
   6.5900e+02
   6.6000e+02
   6.6000e+02
   6.5900e+02
   6.5900e+02
   6.5800e+02
   6.6000e+02
   6.6200e+02
   6.6000e+02
   6.6000e+02
   6.6000e+02
   6.6200e+02
   6.6100e+02
   6.6100e+02
   6.6000e+02
   6.6100e+02
   6.6100e+02
   6.6100e+02
   6.6100e+02
   6.6100e+02
   6.6100e+02
   6.6200e+02
   6.6000e+02
   6.6000e+02
   6.6100e+02
   6.6100e+02
   6.6000e+02
   6.5900e+02
   6.5900e+02
   6.5800e+02
   6.5700e+02
   6.5500e+02
   6.5600e+02
   6.5600e+02
   6.5600e+02
   6.5600e+02
   6.5900e+02
   6.5800e+02
   6.5500e+02
   6.5400e+02
   6.5500e+02
   6.5500e+02
   6.5200e+02
   6.5100e+02
   6.5300e+02
   6.5500e+02
   6.5500e+02
   6.5100e+02
   6.5100e+02
   6.5200e+02
   6.5200e+02
   6.5100e+02
   6.5100e+02
   6.4700e+02
   6.4700e+02
   6.4700e+02
   6.4900e+02
   6.4900e+02
   6.4600e+02
   6.4700e+02
   6.4700e+02
   6.4700e+02
   6.4500e+02
   6.4500e+02
   6.4600e+02
   6.4600e+02
   6.4500e+02
   6.4500e+02
