  -2.8587e+06
  -2.8588e+06
  -2.8593e+06
  -2.8609e+06
  -2.8967e+06
  -2.8613e+06
  -2.8605e+06
  -2.8627e+06
  -2.8634e+06
  -2.8627e+06
  -2.8662e+06
  -2.8856e+06
  -2.8767e+06
  -2.8757e+06
  -2.9248e+06
  -2.9109e+06
  -2.9015e+06
  -2.8931e+06
  -2.8808e+06
  -2.8785e+06
  -2.8888e+06
  -2.9152e+06
  -2.8932e+06
  -2.8926e+06
  -2.8903e+06
  -2.9006e+06
  -2.9219e+06
  -2.9146e+06
  -2.9023e+06
  -2.8880e+06
  -2.8911e+06
  -2.9034e+06
  -2.9066e+06
  -2.9052e+06
  -2.9273e+06
  -2.9086e+06
  -2.9081e+06
  -2.9191e+06
  -2.9221e+06
  -2.9194e+06
  -2.9189e+06
  -2.9133e+06
  -2.9191e+06
  -2.9289e+06
  -2.9289e+06
  -2.9421e+06
  -2.9319e+06
  -2.9292e+06
  -2.9446e+06
  -2.9501e+06
  -2.9552e+06
  -2.9397e+06
  -2.9480e+06
  -2.9648e+06
  -2.9589e+06
  -2.9598e+06
  -2.9639e+06
  -2.9615e+06
  -2.9666e+06
  -2.9720e+06
  -2.9745e+06
  -2.9757e+06
  -2.9844e+06
  -2.9809e+06
  -2.9928e+06
  -2.9854e+06
  -2.9873e+06
  -2.9847e+06
  -2.9840e+06
  -2.9767e+06
  -2.9727e+06
  -2.9696e+06
  -2.9818e+06
  -2.9873e+06
  -2.9961e+06
  -3.0020e+06
  -3.0019e+06
  -3.0094e+06
  -3.0171e+06
  -3.0149e+06
  -3.0124e+06
  -3.0316e+06
  -3.0233e+06
  -3.0381e+06
  -3.0290e+06
  -3.0436e+06
  -3.0589e+06
  -3.0547e+06
  -3.0606e+06
  -3.0625e+06
  -3.0627e+06
  -3.0705e+06
  -3.0686e+06
  -3.0731e+06
  -3.0743e+06
  -3.0660e+06
  -3.0905e+06
  -3.0759e+06
  -3.0749e+06
  -3.0764e+06
  -3.0832e+06
  -3.0977e+06
  -3.0961e+06
  -3.1069e+06
  -3.1112e+06
  -3.1127e+06
  -3.1233e+06
  -3.1235e+06
  -3.1373e+06
  -3.1341e+06
  -3.1364e+06
  -3.1491e+06
  -3.1652e+06
  -3.1904e+06
  -3.1895e+06
  -3.2162e+06
  -3.2282e+06
  -3.2260e+06
  -3.2292e+06
  -3.2258e+06
  -3.2248e+06
  -3.2121e+06
  -3.2231e+06
  -3.1959e+06
  -3.1845e+06
  -3.1956e+06
  -3.2256e+06
  -3.2032e+06
  -3.1928e+06
  -3.1788e+06
  -3.1535e+06
  -3.1411e+06
  -3.1211e+06
  -3.1109e+06
  -3.1142e+06
  -3.1201e+06
  -3.0946e+06
  -3.0977e+06
  -3.0806e+06
  -3.0681e+06
  -3.0543e+06
  -3.0450e+06
  -3.0354e+06
  -3.0266e+06
  -3.0311e+06
  -3.0210e+06
  -3.0296e+06
  -3.0249e+06
  -3.0280e+06
  -3.0258e+06
  -3.0114e+06
  -3.0083e+06
  -3.0014e+06
  -3.0007e+06
  -2.9861e+06
  -2.9812e+06
  -2.9720e+06
  -2.9724e+06
  -2.9712e+06
  -2.9710e+06
  -2.9627e+06
  -2.9594e+06
  -2.9587e+06
  -2.9591e+06
  -2.9511e+06
  -2.9481e+06
  -2.9403e+06
  -2.9389e+06
  -2.9403e+06
  -2.9368e+06
  -2.9396e+06
  -2.9432e+06
  -2.9411e+06
  -2.9389e+06
  -2.9504e+06
  -2.9533e+06
  -2.9491e+06
  -2.9439e+06
  -2.9394e+06
  -2.9420e+06
  -2.9444e+06
  -2.9479e+06
  -2.9537e+06
  -2.9544e+06
  -2.9526e+06
  -2.9552e+06
  -2.9588e+06
  -2.9607e+06
  -2.9527e+06
  -2.9558e+06
  -2.9588e+06
  -2.9631e+06
  -2.9686e+06
  -2.9770e+06
  -2.9684e+06
  -2.9691e+06
  -2.9624e+06
  -2.9520e+06
  -2.9510e+06
  -2.9584e+06
  -2.9491e+06
