  -2.8584e+05
  -2.8584e+05
  -2.8584e+05
  -2.8584e+05
  -2.8584e+05
  -2.8525e+05
  -2.8537e+05
  -2.8549e+05
  -2.8561e+05
  -2.8561e+05
  -2.8561e+05
  -2.8561e+05
  -2.8562e+05
  -2.8561e+05
  -2.8562e+05
  -2.8561e+05
  -2.8562e+05
  -2.8561e+05
  -2.8554e+05
  -2.8301e+05
  -2.5612e+05
  -2.5632e+05
  -2.5631e+05
  -2.5581e+05
  -2.5600e+05
  -2.5645e+05
  -2.5475e+05
  -2.3846e+05
  -2.3875e+05
  -2.3877e+05
  -2.3878e+05
  -2.3876e+05
  -2.3853e+05
  -2.7030e+05
  -2.3750e+05
  -2.1175e+05
  -2.0782e+05
  -1.7406e+05
  -1.6372e+05
  -1.5795e+05
  -1.6205e+05
  -1.6223e+05
  -1.6201e+05
  -1.6027e+05
  -1.5619e+05
  -1.5707e+05
  -1.6060e+05
  -1.5960e+05
  -1.5964e+05
  -1.5996e+05
  -1.5960e+05
  -1.5946e+05
  -1.5874e+05
  -1.6865e+05
  -1.6893e+05
  -1.6903e+05
  -1.6805e+05
  -1.5514e+05
  -1.5572e+05
  -1.5646e+05
  -1.5677e+05
  -1.5606e+05
  -1.5582e+05
  -1.6207e+05
  -1.6290e+05
  -1.4553e+05
  -1.4626e+05
  -1.4537e+05
  -1.4845e+05
  -1.4201e+05
  -1.4350e+05
  -1.3906e+05
  -1.3726e+05
  -1.3622e+05
  -1.3631e+05
  -1.3829e+05
  -1.1659e+05
  -1.1521e+05
  -1.1218e+05
  -1.1174e+05
  -1.1548e+05
  -1.1510e+05
  -1.1760e+05
  -1.1292e+05
  -1.1985e+05
  -8.9164e+04
  -9.0658e+04
  -8.5670e+04
  -7.0339e+04
  -6.7851e+04
  -7.1186e+04
  -6.4060e+04
  -6.4237e+04
  -6.4228e+04
  -6.4185e+04
  -6.5140e+04
  -6.1648e+04
  -6.1884e+04
  -6.1898e+04
  -6.1899e+04
  -6.1857e+04
  -6.1867e+04
  -6.1831e+04
  -6.1828e+04
  -6.1763e+04
  -6.1686e+04
  -6.1379e+04
  -5.9791e+04
  -6.1913e+04
  -6.3049e+04
  -6.1641e+04
  -6.0617e+04
  -5.8965e+04
  -5.8471e+04
  -5.8192e+04
  -5.8936e+04
  -5.9438e+04
  -5.9622e+04
  -5.9252e+04
  -5.9109e+04
  -5.8813e+04
  -5.8712e+04
  -5.9355e+04
  -5.4368e+04
  -5.4938e+04
  -5.5358e+04
  -5.4804e+04
  -5.8869e+04
  -5.6821e+04
  -5.7066e+04
  -5.5672e+04
  -5.5201e+04
  -5.6937e+04
  -5.2540e+04
  -5.4462e+04
  -5.2908e+04
  -5.2351e+04
  -5.5754e+04
  -5.4453e+04
  -5.7117e+04
  -5.4520e+04
  -5.3329e+04
  -4.9587e+04
  -5.1662e+04
  -5.0747e+04
  -4.9304e+04
  -4.5659e+04
  -4.4839e+04
  -4.6445e+04
  -4.8503e+04
  -5.0427e+04
  -5.2051e+04
  -5.0984e+04
  -5.0595e+04
  -5.6959e+04
  -5.3786e+04
  -5.4161e+04
  -5.1332e+04
  -4.9460e+04
  -5.0258e+04
  -5.3108e+04
  -5.6156e+04
  -4.3324e+04
  -4.4065e+04
  -4.3527e+04
  -4.4123e+04
  -4.3931e+04
  -4.2646e+04
  -4.0823e+04
  -4.1962e+04
  -4.4005e+04
  -4.1945e+04
  -4.3905e+04
  -4.1723e+04
  -4.0082e+04
  -3.7759e+04
  -3.5301e+04
  -3.7881e+04
  -3.8337e+04
  -3.7818e+04
  -3.7461e+04
  -3.7885e+04
  -3.8395e+04
  -3.9040e+04
  -3.8999e+04
  -3.8763e+04
  -3.7838e+04
  -3.6776e+04
  -3.7329e+04
  -3.7866e+04
  -3.8079e+04
  -3.8010e+04
  -3.7648e+04
  -3.7740e+04
  -3.8473e+04
  -3.2407e+04
  -3.2367e+04
  -3.2444e+04
  -3.2132e+04
  -3.2134e+04
  -3.2170e+04
  -3.3751e+04
  -3.3413e+04
  -3.3546e+04
  -3.3266e+04
  -3.3414e+04
  -3.3076e+04
  -3.3102e+04
  -3.3000e+04
  -3.3154e+04
  -3.2890e+04
  -3.1746e+04
  -3.1147e+04
  -3.0206e+04
  -2.9364e+04
  -2.0762e+04
  -2.1589e+04
  -2.2325e+04
  -2.2650e+04
  -2.2984e+04
  -2.3718e+04
  -2.5962e+04
  -2.4600e+04
  -2.5053e+04
  -2.5523e+04
  -2.6152e+04
  -2.5409e+04
  -2.4693e+04
  -2.4224e+04
  -2.4349e+04
  -2.4150e+04
  -2.4207e+04
  -2.4127e+04
  -2.4581e+04
  -2.4953e+04
  -2.3150e+04
  -2.2411e+04
  -2.3139e+04
  -2.3602e+04
  -2.3497e+04
  -2.4694e+04
  -2.2331e+04
  -2.2647e+04
  -2.2783e+04
  -2.3239e+04
  -2.3607e+04
  -2.3672e+04
  -2.3520e+04
  -2.3475e+04
  -2.3769e+04
  -2.3517e+04
  -2.3356e+04
  -2.5755e+04
  -7.4971e+03
  -7.8431e+03
  -7.7141e+03
  -7.6081e+03
  -7.9170e+03
  -7.8667e+03
  -7.9347e+03
  -7.9749e+03
  -8.1176e+03
  -7.9448e+03
  -7.8877e+03
  -7.8009e+03
  -8.0324e+03
  -7.8644e+03
  -7.7994e+03
  -8.0080e+03
  -7.9006e+03
  -7.8072e+03
  -7.7783e+03
  -7.6265e+03
  -7.8286e+03
  -7.7869e+03
  -7.7545e+03
  -7.6603e+03
  -7.9501e+03
  -8.0880e+03
  -8.1394e+03
  -8.5532e+03
  -1.1541e+04
  -7.8423e+03
  -7.7320e+03
  -7.6573e+03
  -8.0585e+03
  -8.3732e+03
  -8.6801e+03
  -8.4999e+03
  -8.6229e+03
  -8.3835e+03
  -8.2212e+03
  -8.0101e+03
  -8.1842e+03
  -8.0592e+03
  -8.0172e+03
  -7.9755e+03
  -8.3354e+03
  -8.4343e+03
  -8.3507e+03
  -8.0114e+03
  -8.1867e+03
  -8.1091e+03
  -7.9034e+03
  -7.2382e+03
  -1.2298e+04
  -1.2043e+04
  -1.4470e+04
  -1.3291e+04
  -1.2865e+04
  -1.2664e+04
  -1.2819e+04
  -1.2639e+04
  -1.2787e+04
  -1.2644e+04
  -1.2562e+04
  -1.2370e+04
  -9.2085e+03
   1.0886e+04
   1.0310e+04
   1.0053e+04
   8.9295e+03
   9.0490e+03
   8.3940e+03
   8.6657e+03
   9.3047e+03
   9.9484e+03
   1.0303e+04
   1.0381e+04
   1.0093e+04
   1.0092e+04
   1.0076e+04
   1.0104e+04
   9.8194e+03
   9.6723e+03
   9.7651e+03
   9.7146e+03
   1.0166e+04
   1.0507e+04
   1.0681e+04
   1.0877e+04
   9.6621e+03
   7.0641e+03
   7.8632e+03
   1.5132e+04
   1.5054e+04
   1.4974e+04
   1.4811e+04
   1.4853e+04
   1.4793e+04
   1.5057e+04
   1.5139e+04
   1.5235e+04
   1.5059e+04
   1.5146e+04
   1.5151e+04
   1.5211e+04
   1.4962e+04
   1.4889e+04
   1.4860e+04
   1.5101e+04
   1.5011e+04
   1.5136e+04
   1.5184e+04
   1.5233e+04
   1.3513e+04
   1.4638e+04
   1.4669e+04
   1.4719e+04
   1.4482e+04
   1.4392e+04
   1.4378e+04
   1.4625e+04
   1.4516e+04
   1.4383e+04
   1.4364e+04
   1.4739e+04
   1.4645e+04
   1.4738e+04
   1.4755e+04
   1.4806e+04
   1.4550e+04
   1.4517e+04
   1.4487e+04
   1.4547e+04
   1.4212e+04
   1.4080e+04
   1.3860e+04
   1.3847e+04
   1.3705e+04
   1.3980e+04
   1.4191e+04
   1.4464e+04
   1.4364e+04
   1.4427e+04
   1.4353e+04
   1.4582e+04
   1.4517e+04
   1.4641e+04
   1.4594e+04
   1.4382e+04
   1.4300e+04
   1.4712e+04
   1.5990e+04
   3.5755e+04
   3.5380e+04
   3.5347e+04
   3.5218e+04
   3.5402e+04
   3.5335e+04
   3.5400e+04
   3.5275e+04
   3.5572e+04
   3.5475e+04
   3.5616e+04
   3.5675e+04
   3.5573e+04
   3.4287e+04
   3.0848e+04
   2.8814e+04
   3.5209e+04
   4.2962e+04
   4.2209e+04
   4.2408e+04
   4.2466e+04
   4.2261e+04
   4.2350e+04
   4.2316e+04
   4.2397e+04
   4.2169e+04
   4.2215e+04
   4.2060e+04
   4.2210e+04
   4.2160e+04
   4.2356e+04
   4.2352e+04
   4.2442e+04
   4.2189e+04
   4.2237e+04
   4.2146e+04
   4.2293e+04
   4.2097e+04
   4.2163e+04
   4.2013e+04
   4.2110e+04
   4.2043e+04
   4.2250e+04
   4.2258e+04
   4.2396e+04
   4.2192e+04
   4.2315e+04
   4.2281e+04
   4.2392e+04
   4.2161e+04
   4.2217e+04
   4.2052e+04
   4.2112e+04
   4.2062e+04
   4.2262e+04
   4.2280e+04
   4.2402e+04
   4.2187e+04
   4.2327e+04
   4.2275e+04
   4.2404e+04
   4.2149e+04
   4.2139e+04
   4.1028e+04
   4.1772e+04
   4.0497e+04
   4.1930e+04
   4.1938e+04
   4.2100e+04
   4.1845e+04
   4.2012e+04
   4.1944e+04
   4.2106e+04
   4.1840e+04
   4.2005e+04
   4.1936e+04
   4.2098e+04
   4.1819e+04
   4.1973e+04
   4.1901e+04
   4.2070e+04
   4.1789e+04
   4.1704e+04
   4.1113e+04
   4.1805e+04
   4.1557e+04
   4.1727e+04
   4.1714e+04
   4.1873e+04
   4.1564e+04
   4.1725e+04
   4.1715e+04
   4.1864e+04
   4.1527e+04
   4.1495e+04
   4.0725e+04
   4.1620e+04
   4.1443e+04
   4.1625e+04
   4.1621e+04
   4.1780e+04
   4.1488e+04
   4.1648e+04
   4.1623e+04
   4.1774e+04
   4.1477e+04
   4.1571e+04
   4.1107e+04
   4.1409e+04
   4.1491e+04
   4.1684e+04
   4.1676e+04
   4.1829e+04
   4.1567e+04
   4.1709e+04
   4.1687e+04
   4.1824e+04
   4.1537e+04
   4.1658e+04
   4.1363e+04
   4.0979e+04
   4.1313e+04
   4.1551e+04
   4.1541e+04
   4.1696e+04
   4.1444e+04
   4.1586e+04
   4.1553e+04
   4.1680e+04
   4.1400e+04
   4.1334e+04
   4.0654e+04
   4.1453e+04
   4.1364e+04
   4.1514e+04
   4.1513e+04
   4.1635e+04
   4.1406e+04
   4.1525e+04
   4.1497e+04
   4.1591e+04
   4.1217e+04
   4.0766e+04
   4.1260e+04
   4.1667e+04
   4.1444e+04
   4.1607e+04
   4.1579e+04
   4.1732e+04
   4.1470e+04
   4.1622e+04
   4.1594e+04
   4.1741e+04
   4.1477e+04
   4.1588e+04
   4.1430e+04
   4.0934e+04
   4.1299e+04
   4.1634e+04
   4.1651e+04
   4.1797e+04
   4.1540e+04
   4.1691e+04
   4.1658e+04
   4.1800e+04
   4.1534e+04
   4.1647e+04
   4.1464e+04
   4.0895e+04
   4.1352e+04
   4.1656e+04
   4.1668e+04
   4.1813e+04
   4.1579e+04
   4.1712e+04
   4.1690e+04
   4.1815e+04
   4.1561e+04
   4.1667e+04
   4.1554e+04
   4.1000e+04
   4.1433e+04
   4.1778e+04
   4.1809e+04
   4.1944e+04
   4.1707e+04
   4.1835e+04
   4.1829e+04
   4.1952e+04
   4.1711e+04
   4.1832e+04
   4.1808e+04
   4.1894e+04
   4.1358e+04
   4.1128e+04
   4.1636e+04
   4.1824e+04
   4.1610e+04
   4.1737e+04
   4.1732e+04
   4.1850e+04
   4.1618e+04
   4.1726e+04
   4.1715e+04
   4.1797e+04
   4.1413e+04
   4.0761e+04
   4.1546e+04
   4.1823e+04
   4.1600e+04
   4.1734e+04
   4.1756e+04
   4.1878e+04
   4.1625e+04
   4.1746e+04
   4.1752e+04
   4.1860e+04
   4.1582e+04
   4.1406e+04
   4.1032e+04
   4.1674e+04
   4.1519e+04
   4.1640e+04
   4.1687e+04
   4.1788e+04
   4.1554e+04
   4.1652e+04
   4.1677e+04
   4.1755e+04
   4.1432e+04
   4.0966e+04
   4.1464e+04
   4.1826e+04
   4.1626e+04
   4.1733e+04
   4.1772e+04
   4.1874e+04
   4.1643e+04
   4.1743e+04
   4.1779e+04
   4.1867e+04
   4.1613e+04
   4.1536e+04
   4.0751e+04
   4.1639e+04
   4.1561e+04
   4.1676e+04
   4.1719e+04
   4.1808e+04
   4.1607e+04
   4.1686e+04
   4.1705e+04
   4.1756e+04
   4.1480e+04
   4.1301e+04
   4.0958e+04
   4.1560e+04
   4.1484e+04
   4.1582e+04
   4.1554e+04
   4.1693e+04
   4.1513e+04
   4.1587e+04
   4.1569e+04
   4.0702e+04
   4.3646e+04
   4.3511e+04
   4.3332e+04
   4.3596e+04
   4.3539e+04
   4.3628e+04
   4.3634e+04
   4.3676e+04
   4.3448e+04
   4.3493e+04
   4.3491e+04
   4.3591e+04
   4.3480e+04
   4.3630e+04
   4.3692e+04
   4.3796e+04
   4.3622e+04
   4.3708e+04
   4.3735e+04
   4.3813e+04
   4.3628e+04
   4.3703e+04
   4.3734e+04
   4.3815e+04
   4.3636e+04
   4.3717e+04
   4.3774e+04
   4.3939e+04
   4.2134e+04
   4.8413e+04
   4.8139e+04
   4.8163e+04
   4.7948e+04
   4.7999e+04
   4.8061e+04
   4.8157e+04
   4.7985e+04
   4.8056e+04
   4.8098e+04
   4.8167e+04
   4.7993e+04
   4.8059e+04
   4.8102e+04
   4.8166e+04
   4.7986e+04
   4.8050e+04
   4.8069e+04
   4.8127e+04
   4.7963e+04
   4.8046e+04
   4.8089e+04
   4.8158e+04
   4.7988e+04
   4.8054e+04
   4.8094e+04
   4.8160e+04
   4.7998e+04
   4.8061e+04
   4.8102e+04
   4.8163e+04
   4.8003e+04
   4.8065e+04
   4.8103e+04
   4.8163e+04
   4.7998e+04
   4.8065e+04
   4.8093e+04
   4.8155e+04
   4.7998e+04
   4.8068e+04
   4.8015e+04
   4.7627e+04
   4.7928e+04
   4.8020e+04
   4.8055e+04
   4.8111e+04
   4.7965e+04
   4.8021e+04
   4.8058e+04
   4.8113e+04
   4.7970e+04
   4.8025e+04
   4.8061e+04
   4.8114e+04
   4.7971e+04
   4.8026e+04
   4.8014e+04
   4.7590e+04
   4.7894e+04
   4.8086e+04
   4.8124e+04
   4.8176e+04
   4.8040e+04
   4.8085e+04
   4.8129e+04
   4.8171e+04
   4.8030e+04
   4.8077e+04
   4.8120e+04
   4.8169e+04
   4.8038e+04
   4.8089e+04
   4.8126e+04
   4.8176e+04
   4.8042e+04
   4.8095e+04
   4.8128e+04
   4.8180e+04
   4.8041e+04
   4.8087e+04
   4.8136e+04
   4.8181e+04
   4.8044e+04
   4.8088e+04
   4.8137e+04
   4.8181e+04
   4.8062e+04
   4.8092e+04
   4.8139e+04
   4.8133e+04
   4.7628e+04
   4.7873e+04
   4.8167e+04
   4.8219e+04
   4.8107e+04
   4.8141e+04
   4.8193e+04
   4.8229e+04
   4.8118e+04
   4.8151e+04
   4.8193e+04
   4.8213e+04
   4.8092e+04
   4.8131e+04
   4.8196e+04
   4.8237e+04
   4.8139e+04
   4.8185e+04
   4.8199e+04
   4.6801e+04
   4.7479e+04
   4.7523e+04
   4.7572e+04
   4.7604e+04
   4.7492e+04
   4.7521e+04
   4.7575e+04
   4.7603e+04
   4.7494e+04
   4.7516e+04
   4.7569e+04
   4.7591e+04
   4.7494e+04
   4.7530e+04
   4.7547e+04
   4.6264e+04
   4.6851e+04
   4.6881e+04
   4.6938e+04
   4.6956e+04
   4.6858e+04
   4.6882e+04
   4.6936e+04
   4.6958e+04
   4.6861e+04
   4.6880e+04
   4.6934e+04
   4.6954e+04
   4.6859e+04
   4.6878e+04
   4.6938e+04
   4.6957e+04
   4.6856e+04
   4.6884e+04
   4.6936e+04
   4.6963e+04
   4.6867e+04
   4.6894e+04
   4.6947e+04
   4.6973e+04
   4.6874e+04
   4.6903e+04
   4.6942e+04
   4.6978e+04
   4.6886e+04
   4.6906e+04
   4.6958e+04
   4.6976e+04
   4.6887e+04
   4.6894e+04
   4.6771e+04
   4.6200e+04
   4.6678e+04
   4.6740e+04
   4.6800e+04
   4.6817e+04
   4.6736e+04
   4.6755e+04
   4.6806e+04
   4.6822e+04
   4.6744e+04
   4.6759e+04
   4.6810e+04
   4.6824e+04
   4.6749e+04
   4.6761e+04
   4.6814e+04
   4.6824e+04
   4.6751e+04
   4.6762e+04
   4.6814e+04
   4.6823e+04
   4.6757e+04
   4.6761e+04
   4.6819e+04
   4.6820e+04
   4.6752e+04
   4.6761e+04
   4.6813e+04
   4.6822e+04
   4.6760e+04
   4.6770e+04
   4.6816e+04
   4.6824e+04
   4.6762e+04
   4.6769e+04
   4.6820e+04
   4.6825e+04
   4.6767e+04
   4.6773e+04
   4.6842e+04
   4.7000e+04
   4.3564e+04
   4.4340e+04
   4.4441e+04
   4.4441e+04
   4.4338e+04
   4.3552e+04
   4.6916e+04
   4.5612e+04
   4.6438e+04
   4.6501e+04
   4.6558e+04
   4.6566e+04
   4.6517e+04
   4.6518e+04
   4.6570e+04
   4.6570e+04
   4.6520e+04
   4.6519e+04
   4.6572e+04
   4.6568e+04
   4.6525e+04
   4.6522e+04
   4.6572e+04
   4.6569e+04
   4.6537e+04
   4.6533e+04
   4.6592e+04
   4.6630e+04
