  -2.8584e+03
  -2.8582e+03
  -2.8578e+03
  -2.8571e+03
  -2.8561e+03
  -2.8432e+03
  -2.8444e+03
  -2.8456e+03
  -2.8468e+03
  -2.8442e+03
  -2.8413e+03
  -2.8379e+03
  -2.8341e+03
  -2.8297e+03
  -2.8247e+03
  -2.8188e+03
  -2.8116e+03
  -2.8019e+03
  -2.7844e+03
  -2.6394e+03
  -2.7767e+03
  -2.7662e+03
  -2.7508e+03
  -2.7051e+03
  -2.6963e+03
  -2.7146e+03
  -2.6186e+03
  -2.7260e+03
  -2.7163e+03
  -2.7038e+03
  -2.6881e+03
  -2.6656e+03
  -2.6218e+03
  -2.9261e+03
  -2.7724e+03
  -2.5212e+03
  -2.4057e+03
  -2.6912e+03
  -2.5097e+03
  -2.5201e+03
  -2.5798e+03
  -2.6013e+03
  -2.5575e+03
  -2.4786e+03
  -2.4128e+03
  -2.4059e+03
  -2.4375e+03
  -2.4204e+03
  -2.3200e+03
  -2.2737e+03
  -2.2254e+03
  -2.1990e+03
  -2.1148e+03
  -2.2331e+03
  -2.2222e+03
  -2.2705e+03
  -2.1247e+03
  -2.1718e+03
  -2.1939e+03
  -2.1725e+03
  -2.1627e+03
  -2.1538e+03
  -2.1018e+03
  -2.1365e+03
  -1.9903e+03
  -1.9364e+03
  -1.9383e+03
  -1.9821e+03
  -1.8573e+03
  -1.8540e+03
  -1.9084e+03
  -1.9783e+03
  -1.9807e+03
  -1.9797e+03
  -1.9491e+03
  -1.8478e+03
  -1.9354e+03
  -1.8557e+03
  -1.7785e+03
  -1.7264e+03
  -1.7193e+03
  -1.6536e+03
  -1.6165e+03
  -1.5433e+03
  -1.8086e+03
  -1.8002e+03
  -1.7428e+03
  -1.5901e+03
  -1.5341e+03
  -1.3793e+03
  -1.3933e+03
  -1.2631e+03
  -1.2677e+03
  -1.2505e+03
  -1.2196e+03
  -1.3294e+03
  -1.3561e+03
  -1.3402e+03
  -1.3201e+03
  -1.2987e+03
  -1.2756e+03
  -1.2494e+03
  -1.2198e+03
  -1.1863e+03
  -1.1482e+03
  -1.1036e+03
  -1.0464e+03
  -9.3694e+02
  -8.7686e+02
  -7.6125e+02
  -7.1536e+02
  -5.9296e+02
  -5.2845e+02
  -5.6164e+02
  -5.3509e+02
  -5.9232e+02
  -5.6552e+02
  -5.3350e+02
  -5.0072e+02
  -4.6858e+02
  -4.3002e+02
  -3.8136e+02
  -2.9078e+02
  -2.7579e+02
  -2.9833e+02
  -3.3334e+02
  -2.4207e+02
  -3.4942e+02
  -3.0119e+02
  -2.7515e+02
  -1.6844e+02
  -2.0141e+02
  -1.2793e+02
   1.1988e+01
   3.0396e+01
   1.3931e+02
   1.8968e+02
   1.0531e+02
   9.1002e+01
   1.4133e+02
  -2.2646e+01
   1.3890e+01
   2.2044e+02
   9.5542e+01
  -5.3118e+01
  -1.2399e+01
   4.0580e+01
   1.6198e+02
   2.8159e+02
   1.4126e+02
   1.6570e+02
   2.2186e+02
   4.3008e+02
   6.4834e+02
   5.8766e+02
   8.9450e+02
   9.1854e+02
   1.0711e+03
   1.0713e+03
   1.0837e+03
   9.4089e+02
   6.7270e+02
   6.3193e+02
   7.6853e+02
   6.5079e+02
   6.7520e+02
   6.7151e+02
   1.0714e+03
   1.1783e+03
   1.3001e+03
   1.2465e+03
   1.3316e+03
   1.1600e+03
   9.9685e+02
   8.9781e+02
   7.2871e+02
   6.9924e+02
   6.3077e+02
   7.7015e+02
   5.3857e+02
   5.0444e+02
   5.6088e+02
   5.2265e+02
   6.1430e+02
   6.5557e+02
   7.0485e+02
   7.0840e+02
   5.2149e+02
   9.6948e+02
   9.0650e+02
   7.7560e+02
   7.2005e+02
   4.3293e+02
   3.3084e+02
   2.0472e+02
   2.0381e+02
   6.9423e+00
   1.6004e+01
   1.2839e+02
   1.2140e+02
   1.1314e+02
   2.2524e+02
   2.0880e+02
   2.3263e+02
   2.5030e+02
   3.5546e+02
   3.6251e+02
   2.6451e+02
   2.8172e+02
   3.0663e+02
   3.5868e+02
   4.7029e+02
   3.7768e+02
   3.0210e+02
   3.0409e+02
   3.0433e+02
   3.0559e+02
   4.5570e+02
   6.2244e+02
   6.5625e+02
   8.1896e+02
   7.9827e+02
   8.0534e+02
   6.8090e+02
   6.6303e+02
   7.1216e+02
   7.0413e+02
   7.0188e+02
   6.0003e+02
   7.1944e+02
   7.2253e+02
   8.0390e+02
   7.0233e+02
   6.2313e+02
   4.9229e+02
   4.7513e+02
   4.4351e+02
   4.5142e+02
   5.7477e+02
   5.4926e+02
   4.8720e+02
   4.6418e+02
   5.1197e+02
   5.0493e+02
   5.6545e+02
   5.6380e+02
   3.9180e+02
   4.1335e+02
   4.6452e+02
   4.4769e+02
   4.6765e+02
   6.2284e+02
   5.9688e+02
   5.5254e+02
   5.3642e+02
   5.2198e+02
   4.5469e+02
   4.4516e+02
   4.8210e+02
   4.7611e+02
   5.1789e+02
   5.0116e+02
   3.8369e+02
   3.5769e+02
   4.0125e+02
   3.7271e+02
   3.4267e+02
   3.5423e+02
   1.8113e+02
   1.6209e+02
   1.4928e+02
   1.4264e+02
   1.3940e+02
   2.4235e+02
   2.3509e+02
   2.2868e+02
   1.5651e+02
   1.0591e+02
   1.2267e+02
   1.5548e+02
   8.1868e+01
  -5.9735e+01
  -1.4890e+02
  -2.2849e+02
  -3.3434e+02
  -3.6931e+02
  -3.9928e+02
  -3.7688e+02
  -4.1133e+02
  -3.3677e+02
  -4.5254e+02
  -4.8088e+02
  -4.9832e+02
  -5.0630e+02
  -5.0795e+02
  -3.6608e+02
  -3.6445e+02
  -3.2280e+02
  -3.2431e+02
  -2.8149e+02
  -2.9140e+02
  -2.9956e+02
  -3.0284e+02
  -2.9991e+02
  -3.1666e+02
  -3.0329e+02
  -3.4961e+02
  -3.3348e+02
  -3.9307e+02
  -3.8840e+02
  -3.9094e+02
  -4.0402e+02
  -4.1712e+02
  -4.2770e+02
  -4.3040e+02
  -4.2299e+02
  -3.4302e+02
  -8.5578e+01
  -2.4968e+02
  -2.1924e+02
  -2.0411e+02
  -2.0330e+02
  -2.7564e+02
  -3.0483e+02
  -3.2434e+02
  -3.3625e+02
  -3.5727e+02
  -3.8675e+02
  -4.1756e+02
  -3.9580e+02
  -4.1532e+02
  -4.2904e+02
  -4.3649e+02
  -3.7612e+02
  -3.7676e+02
  -3.7481e+02
  -4.6838e+02
  -5.0527e+02
  -4.8817e+02
  -4.9132e+02
  -4.8774e+02
  -5.0460e+02
  -5.5364e+02
  -4.5873e+02
  -5.2222e+02
  -5.1394e+02
  -5.1070e+02
  -5.8698e+02
  -5.4099e+02
  -5.5495e+02
  -5.7038e+02
  -5.8444e+02
  -5.9378e+02
  -6.0059e+02
  -6.0431e+02
  -6.0625e+02
  -6.0494e+02
  -6.0158e+02
  -5.9794e+02
  -5.9844e+02
  -5.4805e+02
  -5.5575e+02
  -5.2287e+02
  -5.2298e+02
  -5.0821e+02
  -5.3669e+02
  -5.4588e+02
  -5.6713e+02
  -5.7659e+02
  -5.8010e+02
  -5.8167e+02
  -5.8566e+02
  -5.9066e+02
  -5.9473e+02
  -5.4630e+02
  -5.5426e+02
  -5.6573e+02
  -5.7751e+02
  -5.8417e+02
  -5.8773e+02
  -5.8820e+02
  -5.8789e+02
  -5.8805e+02
  -5.5957e+02
  -5.5974e+02
  -5.3543e+02
  -5.3850e+02
  -5.3938e+02
  -5.8248e+02
  -5.8643e+02
  -5.8747e+02
  -5.8829e+02
  -5.8578e+02
  -5.8248e+02
  -5.7700e+02
  -5.7559e+02
  -5.7519e+02
  -5.7802e+02
  -5.7701e+02
  -5.7248e+02
  -5.6821e+02
  -5.7142e+02
  -5.8483e+02
  -5.9446e+02
  -5.7054e+02
  -5.3215e+02
  -5.6020e+02
  -5.5957e+02
  -5.9049e+02
  -6.0299e+02
  -5.6833e+02
  -5.8458e+02
  -5.9086e+02
  -5.9157e+02
  -5.8741e+02
  -5.7966e+02
  -5.7186e+02
  -5.4567e+02
  -5.7851e+02
  -5.8275e+02
  -4.3247e+02
  -4.8275e+02
  -5.3484e+02
  -5.5347e+02
  -5.6038e+02
  -5.6620e+02
  -5.6869e+02
  -5.7143e+02
  -5.7068e+02
  -5.6989e+02
  -5.6541e+02
  -5.6418e+02
  -5.6410e+02
  -5.6956e+02
  -5.7353e+02
  -5.7745e+02
  -5.7670e+02
  -5.7573e+02
  -5.7082e+02
  -5.6958e+02
  -5.6784e+02
  -5.6970e+02
  -5.6735e+02
  -5.6756e+02
  -5.6824e+02
  -5.7484e+02
  -5.8013e+02
  -5.8672e+02
  -6.2964e+02
  -6.1114e+02
  -6.1026e+02
  -6.1093e+02
  -6.0729e+02
  -6.0545e+02
  -5.9843e+02
  -5.9471e+02
  -5.9197e+02
  -5.4801e+02
  -5.5255e+02
  -5.5760e+02
  -5.5873e+02
  -6.0258e+02
  -5.9935e+02
  -5.9514e+02
  -5.8449e+02
  -5.6842e+02
  -5.3148e+02
  -5.3538e+02
  -5.3626e+02
  -5.6788e+02
  -5.7307e+02
  -6.0114e+02
  -6.1369e+02
  -6.2327e+02
  -6.2678e+02
  -6.3037e+02
  -6.3044e+02
  -6.3227e+02
  -6.2983e+02
  -6.2919e+02
  -6.2473e+02
  -6.2305e+02
  -6.1763e+02
  -6.1527e+02
  -6.0932e+02
  -6.0280e+02
  -5.8457e+02
  -5.9475e+02
  -6.0835e+02
  -6.2445e+02
  -6.3130e+02
  -6.3817e+02
  -6.4097e+02
  -6.4663e+02
  -6.4712e+02
  -6.4904e+02
  -6.4590e+02
  -6.4275e+02
  -6.2940e+02
  -6.3946e+02
  -6.4068e+02
  -6.5752e+02
  -6.6476e+02
  -6.7174e+02
  -6.7393e+02
  -6.7900e+02
  -6.7887e+02
  -6.8063e+02
  -6.7776e+02
  -6.7613e+02
  -6.6568e+02
  -6.5753e+02
  -6.5538e+02
  -6.7135e+02
  -6.8068e+02
  -6.8776e+02
  -6.8969e+02
  -6.6567e+02
  -6.6549e+02
  -6.6639e+02
  -6.6377e+02
  -6.6211e+02
  -6.5298e+02
  -6.4123e+02
  -6.4660e+02
  -6.5529e+02
  -6.6611e+02
  -6.7381e+02
  -6.7639e+02
  -6.7985e+02
  -6.7887e+02
  -6.7806e+02
  -6.7303e+02
  -6.6665e+02
  -6.5291e+02
  -6.5723e+02
  -6.5573e+02
  -6.6763e+02
  -6.7276e+02
  -6.7569e+02
  -6.7550e+02
  -6.7586e+02
  -6.7240e+02
  -6.6848e+02
  -6.6018e+02
  -6.4973e+02
  -6.4312e+02
  -6.3822e+02
  -6.4992e+02
  -6.6099e+02
  -6.6571e+02
  -6.7084e+02
  -6.7311e+02
  -6.7810e+02
  -6.7970e+02
  -6.4920e+02
  -6.8283e+02
  -6.5097e+02
  -6.4588e+02
  -6.3864e+02
  -6.3942e+02
  -6.4062e+02
  -6.5360e+02
  -6.9919e+02
  -7.0420e+02
  -7.1117e+02
  -7.1194e+02
  -7.1464e+02
  -7.1258e+02
  -7.1291e+02
  -7.0519e+02
  -6.9549e+02
  -6.9709e+02
  -6.9782e+02
  -7.0950e+02
  -7.1895e+02
  -6.8776e+02
  -6.9313e+02
  -6.9314e+02
  -6.9470e+02
  -6.9234e+02
  -6.9217e+02
  -6.8496e+02
  -6.7526e+02
  -6.7169e+02
  -6.6877e+02
  -6.8187e+02
  -6.9215e+02
  -6.9577e+02
  -7.0103e+02
  -7.0116e+02
  -7.0309e+02
  -7.0136e+02
  -7.0246e+02
  -6.9819e+02
  -6.9452e+02
  -6.8347e+02
  -6.7223e+02
  -6.7401e+02
  -6.8296e+02
  -6.9136e+02
  -6.9862e+02
  -6.9916e+02
  -7.0069e+02
  -6.9827e+02
  -6.9851e+02
  -6.9371e+02
  -6.8938e+02
  -6.7957e+02
  -6.6848e+02
  -6.6921e+02
  -6.6625e+02
  -6.7815e+02
  -6.8872e+02
  -6.9152e+02
  -6.9511e+02
  -6.9452e+02
  -6.9694e+02
  -6.9383e+02
  -6.9219e+02
  -6.8521e+02
  -6.7780e+02
  -6.6290e+02
  -6.6663e+02
  -6.7073e+02
  -6.8225e+02
  -6.8545e+02
  -6.8744e+02
  -6.8600e+02
  -6.8662e+02
  -6.8215e+02
  -6.7759e+02
  -6.6820e+02
  -6.5742e+02
  -6.4824e+02
  -6.4157e+02
  -6.4934e+02
  -6.5672e+02
  -6.5633e+02
  -6.5601e+02
  -6.5355e+02
  -6.5461e+02
  -6.5094e+02
  -6.4730e+02
  -6.3957e+02
  -6.3120e+02
  -6.1276e+02
  -6.1476e+02
  -6.0734e+02
  -6.1693e+02
  -6.1709e+02
  -6.1462e+02
  -6.0805e+02
  -6.0238e+02
  -5.9146e+02
  -5.7946e+02
  -5.6336e+02
  -5.4745e+02
  -5.2668e+02
  -5.2095e+02
  -5.1696e+02
  -5.2391e+02
  -5.2285e+02
  -5.2247e+02
  -5.2069e+02
  -5.8017e+02
  -5.8010e+02
  -5.6820e+02
  -5.4737e+02
  -4.9092e+02
  -5.1592e+02
  -5.2748e+02
  -5.3831e+02
  -5.5683e+02
  -5.6905e+02
  -5.7905e+02
  -5.8483e+02
  -5.9209e+02
  -5.9466e+02
  -5.9898e+02
  -6.5193e+02
  -6.6587e+02
  -6.1709e+02
  -6.2350e+02
  -6.2669e+02
  -6.8996e+02
  -6.9242e+02
  -6.9605e+02
  -6.9804e+02
  -7.0295e+02
  -7.0497e+02
  -7.0812e+02
  -7.0951e+02
  -7.1324e+02
  -6.7936e+02
  -6.7997e+02
  -6.7587e+02
  -5.6301e+02
  -6.7103e+02
  -6.7076e+02
  -6.6832e+02
  -6.6656e+02
  -6.5906e+02
  -6.5137e+02
  -5.9013e+02
  -5.8981e+02
  -5.8749e+02
  -5.8621e+02
  -5.8419e+02
  -5.8466e+02
  -5.8215e+02
  -5.7980e+02
  -5.7628e+02
  -5.7459e+02
  -5.6984e+02
  -5.6569e+02
  -5.6242e+02
  -5.6353e+02
  -5.6349e+02
  -5.6403e+02
  -5.6395e+02
  -5.6592e+02
  -5.6550e+02
  -5.6528e+02
  -5.6478e+02
  -5.6626e+02
  -5.6549e+02
  -5.2084e+02
  -5.2016e+02
  -5.2109e+02
  -5.1968e+02
  -5.1807e+02
  -5.1594e+02
  -5.1552e+02
  -5.1226e+02
  -5.0911e+02
  -5.5983e+02
  -5.6259e+02
  -5.6218e+02
  -5.5755e+02
  -4.8718e+02
  -4.9320e+02
  -5.0439e+02
  -5.1111e+02
  -5.1498e+02
  -5.1924e+02
  -5.2088e+02
  -5.2199e+02
  -5.2240e+02
  -5.2386e+02
  -5.2300e+02
  -5.2148e+02
  -5.1885e+02
  -5.1630e+02
  -5.0904e+02
  -4.9717e+02
  -4.9208e+02
  -4.9107e+02
  -5.0331e+02
  -5.1142e+02
  -5.1546e+02
  -5.1900e+02
  -5.1994e+02
  -5.1985e+02
  -5.1967e+02
  -5.2085e+02
  -5.2054e+02
  -5.2041e+02
  -5.2087e+02
  -5.2318e+02
  -5.2413e+02
  -5.2524e+02
  -5.2624e+02
  -5.2881e+02
  -5.2948e+02
  -5.3019e+02
  -5.3043e+02
  -5.3204e+02
  -5.3189e+02
  -5.3136e+02
  -5.3058e+02
  -5.3090e+02
  -5.2934e+02
  -5.2709e+02
  -5.2433e+02
  -5.2156e+02
  -5.1670e+02
  -5.0874e+02
  -4.9685e+02
  -5.5660e+02
  -5.5656e+02
  -5.4499e+02
  -4.9695e+02
  -5.0023e+02
  -5.0127e+02
  -5.0112e+02
  -5.0081e+02
  -5.0048e+02
  -4.9866e+02
  -4.9569e+02
  -4.9299e+02
  -4.9188e+02
  -4.9178e+02
  -4.9221e+02
  -4.9256e+02
  -4.9108e+02
  -4.8353e+02
  -4.6154e+02
  -4.8293e+02
  -4.9473e+02
  -5.0981e+02
  -5.1666e+02
  -5.2049e+02
  -5.2322e+02
  -5.2388e+02
  -5.2280e+02
  -5.2147e+02
  -5.1990e+02
  -5.1702e+02
  -5.1252e+02
  -5.0807e+02
  -5.0245e+02
  -4.9215e+02
  -5.5719e+02
  -5.9066e+02
  -5.9170e+02
  -5.8385e+02
  -5.7643e+02
  -5.7185e+02
  -5.2332e+02
  -5.2558e+02
  -5.2657e+02
  -5.2799e+02
  -5.2940e+02
  -5.3032e+02
  -5.3015e+02
  -5.3087e+02
  -5.3180e+02
  -5.3239e+02
  -5.3177e+02
  -5.3218e+02
  -5.3297e+02
  -5.3301e+02
  -5.3238e+02
  -5.3241e+02
  -5.3309e+02
  -5.3320e+02
  -5.3261e+02
  -5.3275e+02
  -5.3349e+02
  -5.3338e+02
  -5.3279e+02
  -5.3208e+02
  -5.3184e+02
  -5.3077e+02
  -5.2818e+02
  -5.2546e+02
  -5.2114e+02
  -5.1270e+02
  -4.9776e+02
  -5.7077e+02
  -5.8201e+02
  -5.8128e+02
  -5.7786e+02
  -5.7581e+02
  -5.3703e+02
  -5.3968e+02
  -5.4096e+02
  -5.4276e+02
  -5.4428e+02
  -5.4550e+02
  -5.4545e+02
  -5.4618e+02
  -5.4654e+02
  -5.4683e+02
  -5.4575e+02
  -5.4562e+02
  -5.4506e+02
  -5.4446e+02
  -5.4253e+02
  -5.4162e+02
  -5.4015e+02
  -5.3911e+02
  -5.3660e+02
  -5.3572e+02
  -5.3449e+02
  -5.3381e+02
  -5.3214e+02
  -5.3179e+02
  -5.3098e+02
  -5.3050e+02
  -5.2886e+02
  -5.2801e+02
  -5.2642e+02
  -5.2493e+02
  -5.2173e+02
  -5.1907e+02
  -5.1471e+02
  -5.0888e+02
  -4.9657e+02
  -4.6289e+02
  -5.6920e+02
  -5.8732e+02
  -5.9721e+02
  -5.9923e+02
  -5.9079e+02
  -5.7433e+02
  -5.0038e+02
  -4.5596e+02
  -5.3416e+02
  -5.5077e+02
  -5.5329e+02
  -5.5321e+02
  -5.5083e+02
  -5.4845e+02
  -5.4410e+02
  -5.4076e+02
  -5.3620e+02
  -5.3216e+02
  -4.8011e+02
  -4.7776e+02
  -4.7415e+02
  -4.7148e+02
  -4.6717e+02
  -4.6397e+02
  -4.5863e+02
  -5.0080e+02
  -4.9844e+02
  -5.5636e+02
