  -2.8584e+05
  -2.8584e+05
  -2.8584e+05
  -2.8584e+05
  -2.8584e+05
  -2.8525e+05
  -2.8537e+05
  -2.8549e+05
  -2.8561e+05
  -2.8561e+05
  -2.8561e+05
  -2.8561e+05
  -2.8561e+05
  -2.8561e+05
  -2.8561e+05
  -2.8560e+05
  -2.8560e+05
  -2.8557e+05
  -2.8537e+05
  -8.6726e+04
   4.7454e+05
   4.7446e+05
   4.7451e+05
   4.7659e+05
   4.8415e+05
   4.8360e+05
   5.1531e+05
   6.1024e+05
   6.1014e+05
   6.1014e+05
   6.1015e+05
   6.1022e+05
   6.1086e+05
   6.0522e+05
   6.6700e+05
   6.9431e+05
   1.9993e+06
   5.7414e+06
   6.6739e+06
   9.7096e+06
   9.7126e+06
   9.7104e+06
   9.7117e+06
   9.7120e+06
   9.7127e+06
   9.7127e+06
   9.7132e+06
   9.7123e+06
   9.7126e+06
   9.7113e+06
   9.7119e+06
   9.7129e+06
   9.7162e+06
   9.7145e+06
   9.7149e+06
   9.7158e+06
   9.7177e+06
   9.7528e+06
   9.7524e+06
   9.7526e+06
   9.7529e+06
   9.7523e+06
   9.7524e+06
   9.7527e+06
   9.7689e+06
   9.8500e+06
   9.8491e+06
   9.8492e+06
   9.8494e+06
   9.8489e+06
   9.8491e+06
   9.8492e+06
   9.8495e+06
   9.8479e+06
   9.8527e+06
   9.8691e+06
   9.8681e+06
   9.8677e+06
   9.8681e+06
   9.8693e+06
   9.8690e+06
   9.8621e+06
   9.8627e+06
   9.8702e+06
   9.8735e+06
   9.8717e+06
   9.8714e+06
   9.8714e+06
   9.8717e+06
   9.8713e+06
   9.8718e+06
   9.8718e+06
   9.8719e+06
   9.8716e+06
   9.8718e+06
   9.8720e+06
   9.8793e+06
   9.8786e+06
   9.8787e+06
   9.8786e+06
   9.8788e+06
   9.8785e+06
   9.8786e+06
   9.8787e+06
   9.8788e+06
   9.8785e+06
   9.8786e+06
   9.8780e+06
   9.8798e+06
   9.8791e+06
   9.8794e+06
   9.8795e+06
   9.8797e+06
   9.8794e+06
   9.8793e+06
   9.8792e+06
   9.8779e+06
   9.8789e+06
   9.8791e+06
   9.8793e+06
   9.8796e+06
   9.8794e+06
   9.8796e+06
   9.8796e+06
   9.8797e+06
   9.8799e+06
   9.8801e+06
   9.8797e+06
   9.8781e+06
   9.8734e+06
   9.8806e+06
   9.8826e+06
   9.8830e+06
   9.8818e+06
   9.8813e+06
   9.8795e+06
   9.8788e+06
   9.8920e+06
   9.8921e+06
   9.8924e+06
   9.8926e+06
   9.8921e+06
   9.8920e+06
   9.8890e+06
   9.8903e+06
   9.8872e+06
   9.8933e+06
   9.8926e+06
   9.8930e+06
   9.8961e+06
   9.8943e+06
   9.8949e+06
   9.8953e+06
   9.8951e+06
   9.8949e+06
   9.8926e+06
   9.8939e+06
   9.9061e+06
   9.9082e+06
   9.9095e+06
   9.9088e+06
   9.9076e+06
   9.9004e+06
   9.9202e+06
   9.9197e+06
   9.9184e+06
   9.9229e+06
   9.9229e+06
   9.9216e+06
   9.9204e+06
   9.9217e+06
   9.9228e+06
   9.9230e+06
   9.9228e+06
   9.9212e+06
   9.9237e+06
   9.9236e+06
   9.9236e+06
   9.9237e+06
   9.9232e+06
   9.9226e+06
   9.9224e+06
   9.9225e+06
   9.9228e+06
   9.9245e+06
   9.9335e+06
   9.9471e+06
   9.9468e+06
   9.9470e+06
   9.9470e+06
   9.9471e+06
   9.9484e+06
   9.9489e+06
   9.9490e+06
   9.9378e+06
   9.9599e+06
   9.9593e+06
   9.9593e+06
   9.9595e+06
   9.9595e+06
   9.9594e+06
   9.9587e+06
   9.9588e+06
   9.9598e+06
   9.9598e+06
   9.9588e+06
   9.9588e+06
   9.9587e+06
   9.9592e+06
   9.9590e+06
   9.9592e+06
   9.9593e+06
   9.9592e+06
   9.9590e+06
   9.9594e+06
   9.9592e+06
   9.9596e+06
   9.9595e+06
   9.9596e+06
   9.9581e+06
   9.9617e+06
   9.9616e+06
   9.9613e+06
   9.9607e+06
   9.9629e+06
   9.9656e+06
   9.9673e+06
   9.9668e+06
   9.9668e+06
   9.9661e+06
   9.9658e+06
   9.9655e+06
   9.9659e+06
   9.9661e+06
   9.9663e+06
   9.9666e+06
   9.9667e+06
   9.9665e+06
   9.9666e+06
   9.9665e+06
   9.9668e+06
   9.9650e+06
   9.9769e+06
   9.9771e+06
   9.9780e+06
   9.9780e+06
   9.9779e+06
   9.9773e+06
   9.9778e+06
   9.9776e+06
   9.9777e+06
   9.9777e+06
   9.9777e+06
   9.9775e+06
   9.9776e+06
   9.9776e+06
   9.9777e+06
   9.9774e+06
   9.9774e+06
   9.9773e+06
   9.9776e+06
   9.9774e+06
   9.9776e+06
   9.9776e+06
   9.9774e+06
   9.9775e+06
   9.9777e+06
   9.9777e+06
   9.9779e+06
   9.9781e+06
   9.9854e+06
   9.9849e+06
   9.9851e+06
   9.9848e+06
   9.9850e+06
   9.9850e+06
   9.9851e+06
   9.9848e+06
   9.9849e+06
   9.9849e+06
   9.9851e+06
   9.9848e+06
   9.9850e+06
   9.9846e+06
   9.9849e+06
   9.9846e+06
   9.9845e+06
   9.9843e+06
   9.9846e+06
   9.9845e+06
   9.9849e+06
   9.9850e+06
   9.9852e+06
   9.9849e+06
   9.9850e+06
   9.9850e+06
   9.9851e+06
   9.9848e+06
   9.9850e+06
   9.9850e+06
   9.9851e+06
   9.9849e+06
   9.9852e+06
   9.9848e+06
   9.9850e+06
   9.9846e+06
   9.9848e+06
   9.9847e+06
   9.9849e+06
   9.9846e+06
   9.9848e+06
   9.9848e+06
   9.9849e+06
   9.9846e+06
   9.9848e+06
   9.9849e+06
   9.9851e+06
   9.9856e+06
   9.9854e+06
   9.9855e+06
   9.9856e+06
   9.9852e+06
   9.9854e+06
   9.9854e+06
   9.9857e+06
   9.9844e+06
   9.9857e+06
   9.9856e+06
   9.9857e+06
   9.9854e+06
   9.9856e+06
   9.9856e+06
   9.9857e+06
   9.9854e+06
   9.9856e+06
   9.9856e+06
   9.9859e+06
   9.9868e+06
   1.0002e+07
   1.0002e+07
   1.0002e+07
   1.0001e+07
   1.0002e+07
   1.0002e+07
   1.0002e+07
   1.0001e+07
   1.0002e+07
   1.0001e+07
   1.0004e+07
   1.0003e+07
   1.0003e+07
   1.0003e+07
   1.0003e+07
   1.0003e+07
   1.0003e+07
   1.0003e+07
   1.0003e+07
   1.0003e+07
   1.0003e+07
   1.0003e+07
   1.0003e+07
   1.0003e+07
   1.0003e+07
   1.0003e+07
   1.0003e+07
   1.0003e+07
   1.0003e+07
   1.0003e+07
   1.0003e+07
   1.0003e+07
   1.0003e+07
   1.0003e+07
   1.0003e+07
   1.0003e+07
   1.0003e+07
   1.0003e+07
   1.0003e+07
   1.0003e+07
   1.0003e+07
   1.0003e+07
   1.0003e+07
   1.0003e+07
   1.0003e+07
   1.0003e+07
   1.0003e+07
   1.0003e+07
   1.0003e+07
   1.0003e+07
   1.0003e+07
   1.0003e+07
   1.0003e+07
   1.0003e+07
   1.0003e+07
   1.0003e+07
   1.0003e+07
   1.0003e+07
   1.0003e+07
   1.0003e+07
   1.0003e+07
   1.0003e+07
   1.0003e+07
   1.0003e+07
   1.0003e+07
   1.0003e+07
   1.0003e+07
   1.0003e+07
   1.0003e+07
   1.0003e+07
   1.0003e+07
   1.0003e+07
   1.0003e+07
   1.0003e+07
   1.0003e+07
   1.0003e+07
   1.0003e+07
   1.0003e+07
   1.0003e+07
   1.0003e+07
   1.0003e+07
   1.0003e+07
   1.0003e+07
   1.0003e+07
   1.0003e+07
   1.0003e+07
   1.0003e+07
   1.0003e+07
   1.0003e+07
   1.0003e+07
   1.0003e+07
   1.0003e+07
   1.0003e+07
   1.0003e+07
   1.0003e+07
   1.0003e+07
   1.0003e+07
   1.0003e+07
   1.0003e+07
   1.0003e+07
   1.0003e+07
   1.0003e+07
   1.0003e+07
   1.0003e+07
   1.0003e+07
   1.0003e+07
   1.0003e+07
   1.0003e+07
   1.0003e+07
   1.0003e+07
   1.0003e+07
   1.0003e+07
   1.0003e+07
   1.0003e+07
   1.0003e+07
   1.0003e+07
   1.0003e+07
   1.0003e+07
   1.0003e+07
   1.0003e+07
   1.0003e+07
   1.0003e+07
   1.0003e+07
   1.0003e+07
   1.0003e+07
   1.0003e+07
   1.0003e+07
   1.0003e+07
   1.0003e+07
   1.0003e+07
   1.0003e+07
   1.0003e+07
   1.0003e+07
   1.0003e+07
   1.0003e+07
   1.0003e+07
   1.0003e+07
   1.0003e+07
   1.0003e+07
   1.0003e+07
   1.0003e+07
   1.0003e+07
   1.0003e+07
   1.0003e+07
   1.0003e+07
   1.0003e+07
   1.0003e+07
   1.0003e+07
   1.0003e+07
   1.0003e+07
   1.0003e+07
   1.0003e+07
   1.0003e+07
   1.0003e+07
   1.0003e+07
   1.0003e+07
   1.0003e+07
   1.0003e+07
   1.0003e+07
   1.0003e+07
   1.0003e+07
   1.0003e+07
   1.0003e+07
   1.0003e+07
   1.0003e+07
   1.0003e+07
   1.0003e+07
   1.0003e+07
   1.0003e+07
   1.0003e+07
   1.0003e+07
   1.0003e+07
   1.0003e+07
   1.0003e+07
   1.0003e+07
   1.0003e+07
   1.0004e+07
   1.0017e+07
   1.0017e+07
   1.0017e+07
   1.0017e+07
   1.0017e+07
   1.0017e+07
   1.0017e+07
   1.0017e+07
   1.0017e+07
   1.0017e+07
   1.0017e+07
   1.0017e+07
   1.0017e+07
   1.0017e+07
   1.0017e+07
   1.0017e+07
   1.0017e+07
   1.0017e+07
   1.0017e+07
   1.0017e+07
   1.0017e+07
   1.0017e+07
   1.0017e+07
   1.0017e+07
   1.0017e+07
   1.0017e+07
   1.0017e+07
   1.0017e+07
   1.0017e+07
   1.0017e+07
   1.0017e+07
   1.0017e+07
   1.0017e+07
   1.0017e+07
   1.0017e+07
   1.0017e+07
   1.0017e+07
   1.0017e+07
   1.0017e+07
   1.0017e+07
   1.0017e+07
   1.0017e+07
   1.0017e+07
   1.0017e+07
   1.0017e+07
   1.0017e+07
   1.0017e+07
   1.0017e+07
   1.0017e+07
   1.0017e+07
   1.0017e+07
   1.0017e+07
   1.0017e+07
   1.0017e+07
   1.0017e+07
   1.0017e+07
   1.0017e+07
   1.0017e+07
   1.0017e+07
   1.0017e+07
   1.0017e+07
   1.0017e+07
   1.0017e+07
   1.0017e+07
   1.0017e+07
   1.0017e+07
   1.0017e+07
   1.0017e+07
   1.0017e+07
   1.0017e+07
   1.0017e+07
   1.0017e+07
   1.0017e+07
   1.0017e+07
   1.0017e+07
   1.0018e+07
   1.0018e+07
   1.0018e+07
   1.0017e+07
   1.0018e+07
   1.0018e+07
   1.0017e+07
   1.0017e+07
   1.0017e+07
   1.0017e+07
   1.0017e+07
   1.0017e+07
   1.0017e+07
   1.0017e+07
   1.0017e+07
   1.0017e+07
   1.0017e+07
   1.0017e+07
   1.0017e+07
   1.0017e+07
   1.0017e+07
   1.0017e+07
   1.0017e+07
   1.0017e+07
   1.0017e+07
   1.0017e+07
   1.0017e+07
   1.0017e+07
   1.0017e+07
   1.0017e+07
   1.0017e+07
   1.0017e+07
   1.0017e+07
   1.0017e+07
   1.0017e+07
   1.0017e+07
   1.0017e+07
   1.0017e+07
   1.0017e+07
   1.0017e+07
   1.0017e+07
   1.0017e+07
   1.0017e+07
   1.0017e+07
   1.0017e+07
   1.0017e+07
   1.0017e+07
   1.0017e+07
   1.0017e+07
   1.0017e+07
   1.0017e+07
   1.0017e+07
   1.0017e+07
   1.0017e+07
   1.0017e+07
   1.0017e+07
   1.0017e+07
   1.0017e+07
   1.0017e+07
   1.0017e+07
   1.0017e+07
   1.0017e+07
   1.0017e+07
   1.0017e+07
   1.0017e+07
   1.0017e+07
   1.0017e+07
   1.0017e+07
   1.0017e+07
   1.0017e+07
   1.0017e+07
   1.0017e+07
   1.0017e+07
   1.0017e+07
   1.0020e+07
   1.0031e+07
   1.0030e+07
   1.0030e+07
   1.0030e+07
   1.0030e+07
   1.0030e+07
   1.0030e+07
   1.0030e+07
   1.0030e+07
   1.0030e+07
   1.0030e+07
   1.0030e+07
   1.0030e+07
   1.0030e+07
   1.0030e+07
   1.0030e+07
   1.0030e+07
   1.0030e+07
   1.0030e+07
   1.0030e+07
   1.0038e+07
   1.0071e+07
   1.0071e+07
   1.0071e+07
   1.0071e+07
   1.0071e+07
   1.0071e+07
   1.0071e+07
   1.0071e+07
   1.0071e+07
   1.0071e+07
   1.0071e+07
   1.0071e+07
   1.0071e+07
   1.0071e+07
   1.0071e+07
   1.0071e+07
   1.0071e+07
   1.0071e+07
   1.0071e+07
   1.0071e+07
   1.0071e+07
   1.0071e+07
   1.0071e+07
   1.0071e+07
   1.0071e+07
   1.0071e+07
   1.0071e+07
   1.0071e+07
   1.0071e+07
   1.0071e+07
   1.0071e+07
   1.0071e+07
   1.0071e+07
   1.0071e+07
   1.0071e+07
   1.0071e+07
   1.0071e+07
   1.0071e+07
   1.0071e+07
   1.0071e+07
   1.0071e+07
   1.0071e+07
   1.0071e+07
   1.0071e+07
   1.0071e+07
   1.0071e+07
   1.0071e+07
   1.0071e+07
   1.0071e+07
   1.0071e+07
   1.0071e+07
   1.0071e+07
   1.0071e+07
   1.0071e+07
   1.0071e+07
   1.0071e+07
   1.0071e+07
   1.0071e+07
   1.0071e+07
   1.0071e+07
   1.0071e+07
   1.0072e+07
   1.0074e+07
   1.0073e+07
   1.0074e+07
   1.0074e+07
   1.0074e+07
   1.0073e+07
   1.0074e+07
   1.0074e+07
   1.0074e+07
   1.0073e+07
   1.0074e+07
   1.0074e+07
   1.0074e+07
   1.0073e+07
   1.0074e+07
   1.0074e+07
   1.0074e+07
   1.0073e+07
   1.0074e+07
   1.0074e+07
   1.0074e+07
   1.0073e+07
   1.0074e+07
   1.0074e+07
   1.0074e+07
   1.0074e+07
   1.0078e+07
   1.0099e+07
   1.0099e+07
   1.0098e+07
   1.0098e+07
   1.0098e+07
   1.0099e+07
   1.0098e+07
   1.0098e+07
   1.0098e+07
   1.0099e+07
   1.0098e+07
   1.0098e+07
   1.0098e+07
   1.0099e+07
   1.0098e+07
   1.0098e+07
   1.0098e+07
   1.0099e+07
   1.0098e+07
   1.0098e+07
   1.0098e+07
   1.0099e+07
   1.0098e+07
   1.0098e+07
   1.0098e+07
   1.0099e+07
   1.0098e+07
   1.0098e+07
   1.0098e+07
   1.0099e+07
   1.0098e+07
   1.0098e+07
   1.0098e+07
   1.0099e+07
   1.0098e+07
   1.0098e+07
   1.0098e+07
   1.0099e+07
   1.0098e+07
   1.0098e+07
   1.0098e+07
   1.0099e+07
   1.0098e+07
   1.0098e+07
   1.0098e+07
   1.0098e+07
   1.0098e+07
   1.0098e+07
   1.0098e+07
   1.0099e+07
   1.0098e+07
   1.0098e+07
   1.0098e+07
   1.0099e+07
   1.0098e+07
   1.0098e+07
   1.0098e+07
   1.0099e+07
   1.0098e+07
   1.0098e+07
   1.0098e+07
   1.0099e+07
   1.0098e+07
   1.0098e+07
   1.0098e+07
   1.0099e+07
   1.0098e+07
   1.0098e+07
   1.0098e+07
   1.0099e+07
   1.0098e+07
   1.0098e+07
   1.0098e+07
   1.0099e+07
   1.0098e+07
   1.0098e+07
   1.0098e+07
   1.0099e+07
   1.0098e+07
   1.0098e+07
   1.0098e+07
   1.0099e+07
   1.0098e+07
   1.0098e+07
   1.0098e+07
   1.0099e+07
   1.0098e+07
   1.0098e+07
   1.0098e+07
   1.0098e+07
   1.0098e+07
   1.0098e+07
   1.0098e+07
   1.0099e+07
   1.0098e+07
   1.0098e+07
   1.0099e+07
   1.0099e+07
   1.0098e+07
   1.0097e+07
   1.0097e+07
   1.0098e+07
   1.0098e+07
   1.0099e+07
   1.0099e+07
   1.0099e+07
   1.0097e+07
   1.0095e+07
   1.0095e+07
   1.0097e+07
   1.0098e+07
   1.0098e+07
   1.0098e+07
   1.0099e+07
   1.0098e+07
   1.0098e+07
   1.0098e+07
   1.0098e+07
   1.0098e+07
   1.0098e+07
   1.0098e+07
   1.0098e+07
   1.0098e+07
   1.0098e+07
   1.0098e+07
   1.0098e+07
   1.0098e+07
   1.0098e+07
   1.0098e+07
   1.0098e+07
   1.0098e+07
   1.0098e+07
   1.0098e+07
   1.0098e+07
   1.0098e+07
   1.0098e+07
   1.0099e+07
   1.0098e+07
   1.0098e+07
   1.0097e+07
   1.0096e+07
   1.0097e+07
   1.0098e+07
   1.0098e+07
   1.0099e+07
   1.0099e+07
   1.0098e+07
   1.0102e+07
   1.0116e+07
   1.0116e+07
   1.0116e+07
   1.0116e+07
   1.0116e+07
   1.0116e+07
