  -2.8584e+05
  -5.7189e+05
  -8.5861e+05
  -1.1465e+06
  -1.4366e+06
  -1.7355e+06
  -2.0312e+06
  -2.3304e+06
  -2.6396e+06
  -2.9433e+06
  -3.2729e+06
  -3.5912e+06
  -3.9056e+06
  -4.2186e+06
  -4.5285e+06
  -4.8402e+06
  -5.1544e+06
  -5.4770e+06
  -5.7974e+06
  -6.1192e+06
  -6.4410e+06
  -6.7624e+06
  -7.0891e+06
  -7.4163e+06
  -7.7493e+06
  -8.0863e+06
  -8.4259e+06
  -8.7704e+06
  -9.1241e+06
  -9.4840e+06
  -9.8498e+06
  -1.0223e+07
  -1.0597e+07
  -1.0978e+07
  -1.1368e+07
  -1.1773e+07
  -1.2183e+07
  -1.2603e+07
  -1.3037e+07
  -1.3483e+07
  -1.3946e+07
  -1.4416e+07
  -1.4901e+07
  -1.5408e+07
  -1.5916e+07
  -1.6413e+07
  -1.6903e+07
  -1.7368e+07
  -1.7813e+07
  -1.8243e+07
  -1.8655e+07
  -1.9055e+07
  -1.9444e+07
  -1.9822e+07
  -2.0188e+07
  -2.0542e+07
  -2.0887e+07
  -2.1220e+07
  -2.1543e+07
  -2.1856e+07
  -2.2159e+07
  -2.2454e+07
  -2.2736e+07
  -2.3009e+07
  -2.3273e+07
  -2.3529e+07
  -2.3779e+07
  -2.4022e+07
  -2.4260e+07
  -2.4495e+07
  -2.4723e+07
  -2.4945e+07
  -2.5160e+07
  -2.5368e+07
  -2.5571e+07
  -2.5770e+07
  -2.5964e+07
  -2.6155e+07
  -2.6343e+07
  -2.6529e+07
  -2.6714e+07
  -2.6894e+07
  -2.7069e+07
  -2.7241e+07
  -2.7409e+07
  -2.7574e+07
  -2.7737e+07
  -2.7899e+07
  -2.8058e+07
  -2.8214e+07
  -2.8366e+07
  -2.8516e+07
  -2.8665e+07
  -2.8809e+07
  -2.8951e+07
  -2.9090e+07
  -2.9228e+07
  -2.9363e+07
  -2.9496e+07
  -2.9628e+07
  -2.9758e+07
  -2.9886e+07
  -3.0012e+07
  -3.0138e+07
  -3.0262e+07
  -3.0384e+07
  -3.0506e+07
  -3.0626e+07
  -3.0746e+07
  -3.0865e+07
  -3.0983e+07
  -3.1099e+07
  -3.1215e+07
  -3.1330e+07
  -3.1443e+07
  -3.1555e+07
  -3.1666e+07
  -3.1776e+07
  -3.1885e+07
  -3.1992e+07
  -3.2099e+07
  -3.2205e+07
  -3.2310e+07
  -3.2414e+07
  -3.2520e+07
  -3.2624e+07
  -3.2725e+07
  -3.2827e+07
  -3.2927e+07
  -3.3025e+07
  -3.3123e+07
  -3.3220e+07
  -3.3315e+07
  -3.3410e+07
  -3.3504e+07
  -3.3597e+07
  -3.3689e+07
  -3.3780e+07
  -3.3871e+07
  -3.3961e+07
  -3.4051e+07
  -3.4140e+07
  -3.4229e+07
  -3.4318e+07
  -3.4405e+07
  -3.4492e+07
  -3.4578e+07
  -3.4664e+07
  -3.4749e+07
  -3.4833e+07
  -3.4917e+07
  -3.5000e+07
  -3.5082e+07
  -3.5164e+07
  -3.5245e+07
  -3.5326e+07
  -3.5406e+07
  -3.5486e+07
  -3.5566e+07
  -3.5645e+07
  -3.5723e+07
  -3.5802e+07
  -3.5880e+07
  -3.5957e+07
  -3.6035e+07
  -3.6113e+07
  -3.6189e+07
  -3.6266e+07
  -3.6341e+07
  -3.6417e+07
  -3.6492e+07
  -3.6567e+07
  -3.6641e+07
  -3.6716e+07
  -3.6790e+07
  -3.6864e+07
  -3.6938e+07
  -3.7011e+07
  -3.7084e+07
  -3.7157e+07
  -3.7230e+07
  -3.7302e+07
  -3.7374e+07
  -3.7445e+07
  -3.7516e+07
  -3.7585e+07
  -3.7654e+07
  -3.7723e+07
  -3.7791e+07
  -3.7859e+07
  -3.7926e+07
  -3.7993e+07
  -3.8060e+07
  -3.8126e+07
  -3.8192e+07
  -3.8258e+07
  -3.8323e+07
  -3.8389e+07
  -3.8454e+07
  -3.8519e+07
  -3.8583e+07
  -3.8648e+07
  -3.8712e+07
  -3.8776e+07
  -3.8840e+07
