  -2.8961e+04
  -2.8961e+04
  -2.8961e+04
  -2.8961e+04
  -2.8424e+04
  -2.6831e+04
  -2.7065e+04
  -8.7916e+03
   3.6275e+04
   6.8393e+04
   6.8252e+04
   7.0497e+04
   7.5361e+04
   7.6253e+04
   7.9577e+04
   8.0595e+04
   8.3244e+04
   8.3015e+04
   8.2930e+04
   8.3201e+04
   8.3571e+04
   8.4025e+04
   8.4227e+04
   8.4242e+04
   8.4915e+04
   8.6124e+04
   8.6108e+04
   8.6899e+04
   8.6945e+04
   8.8794e+04
   9.0833e+04
   9.2055e+04
   9.5089e+04
   9.4264e+04
   1.0143e+05
   1.0158e+05
   1.0150e+05
   1.0149e+05
   1.1002e+05
   1.0974e+05
   1.0998e+05
   1.1047e+05
   1.2031e+05
   1.2037e+05
   1.4616e+05
   1.4620e+05
   1.4604e+05
   1.4602e+05
   1.4598e+05
   1.4621e+05
   1.4619e+05
   1.4618e+05
   1.4618e+05
   1.4618e+05
   1.4617e+05
   1.4635e+05
   1.4632e+05
   1.4632e+05
   1.4632e+05
   1.4660e+05
   1.4657e+05
   1.4633e+05
   1.4667e+05
   1.4666e+05
   1.4666e+05
   1.4667e+05
   1.4648e+05
   1.4699e+05
   1.4699e+05
   1.4699e+05
   1.4698e+05
   1.4709e+05
   1.4729e+05
   1.4726e+05
   1.4726e+05
   1.4727e+05
   1.4831e+05
   1.4830e+05
   1.4830e+05
   1.4830e+05
   1.4830e+05
   1.4830e+05
   1.4830e+05
   1.4830e+05
   1.4830e+05
   1.4830e+05
   1.4831e+05
   1.4821e+05
   1.4821e+05
   1.4821e+05
   1.4821e+05
   1.4821e+05
   1.4820e+05
   1.4820e+05
   1.4820e+05
   1.4820e+05
   1.4826e+05
   1.4822e+05
   1.4822e+05
   1.4822e+05
   1.4822e+05
   1.4822e+05
