   1.0000e+02
   1.0000e+02
   1.0000e+02
   1.0000e+02
   1.0000e+02
   1.0000e+02
   9.8000e+01
   9.8000e+01
   9.8000e+01
   9.8000e+01
   9.4000e+01
   9.2000e+01
   9.1000e+01
   8.8000e+01
   8.7000e+01
   8.6000e+01
   8.6000e+01
   8.6000e+01
   8.2000e+01
   8.4000e+01
   8.3000e+01
   8.3000e+01
   8.1000e+01
   8.1000e+01
   8.1000e+01
   8.1000e+01
   7.9000e+01
   7.9000e+01
   7.8000e+01
   7.8000e+01
   7.7000e+01
   7.7000e+01
   7.5000e+01
   7.6000e+01
   7.5000e+01
   7.3000e+01
   7.2000e+01
   6.8000e+01
   6.8000e+01
   6.7000e+01
   6.5000e+01
   6.5000e+01
   6.6000e+01
   6.5000e+01
   6.1000e+01
   5.4000e+01
   5.0000e+01
   4.9000e+01
   4.7000e+01
   4.6000e+01
   4.7000e+01
   4.4000e+01
   4.1000e+01
   4.1000e+01
   4.0000e+01
   3.9000e+01
   3.8000e+01
   4.0000e+01
   4.1000e+01
   4.0000e+01
   4.1000e+01
   4.2000e+01
   4.2000e+01
   4.2000e+01
   4.2000e+01
   4.3000e+01
   4.2000e+01
   4.1000e+01
   4.1000e+01
   4.2000e+01
   4.3000e+01
   4.3000e+01
   4.3000e+01
   4.4000e+01
   4.3000e+01
   4.2000e+01
   4.2000e+01
   4.2000e+01
   4.2000e+01
   4.1000e+01
   4.1000e+01
   4.1000e+01
   4.0000e+01
   4.0000e+01
   4.0000e+01
   3.6000e+01
   3.5000e+01
   3.5000e+01
   3.5000e+01
   3.6000e+01
   3.6000e+01
   3.6000e+01
   3.5000e+01
   3.4000e+01
   3.4000e+01
   3.5000e+01
   3.5000e+01
   3.4000e+01
   3.4000e+01
   3.4000e+01
   3.4000e+01
   3.4000e+01
   3.4000e+01
   3.4000e+01
   3.4000e+01
   3.6000e+01
   3.6000e+01
   3.8000e+01
   4.0000e+01
   4.0000e+01
   3.9000e+01
   3.9000e+01
   3.9000e+01
   3.9000e+01
   3.9000e+01
   3.9000e+01
   4.0000e+01
   4.0000e+01
   4.0000e+01
   3.9000e+01
   4.0000e+01
   4.0000e+01
   4.1000e+01
   4.2000e+01
   4.2000e+01
   4.1000e+01
   4.1000e+01
   4.0000e+01
   4.0000e+01
   3.9000e+01
   4.0000e+01
   3.9000e+01
   3.8000e+01
   3.8000e+01
   3.8000e+01
   3.8000e+01
   3.8000e+01
   3.8000e+01
   3.9000e+01
   3.8000e+01
   3.8000e+01
   3.8000e+01
   3.8000e+01
   3.8000e+01
   3.9000e+01
   3.9000e+01
   3.9000e+01
   3.9000e+01
   3.9000e+01
   3.9000e+01
   3.9000e+01
   3.9000e+01
   3.9000e+01
   3.9000e+01
   4.0000e+01
   4.0000e+01
   3.8000e+01
   3.8000e+01
   3.8000e+01
   3.8000e+01
   3.8000e+01
   3.9000e+01
   3.9000e+01
   3.7000e+01
   3.7000e+01
   3.8000e+01
   3.8000e+01
   3.8000e+01
   3.7000e+01
   3.7000e+01
   3.7000e+01
   3.7000e+01
   3.7000e+01
   3.7000e+01
   3.7000e+01
   3.7000e+01
   3.7000e+01
   3.7000e+01
   3.7000e+01
   3.7000e+01
   3.6000e+01
   3.4000e+01
   3.4000e+01
   3.4000e+01
   3.4000e+01
   3.5000e+01
   3.6000e+01
   3.7000e+01
   3.7000e+01
   3.7000e+01
   3.7000e+01
   3.7000e+01
   3.7000e+01
   3.7000e+01
   3.6000e+01
   3.6000e+01
   3.6000e+01
   3.6000e+01
   3.6000e+01
   3.6000e+01
   3.6000e+01
   3.7000e+01
   3.7000e+01
   3.7000e+01
   3.7000e+01
