  -1.4292e+02
  -1.4292e+02
  -1.4292e+02
  -1.4292e+02
  -1.4292e+02
  -1.4292e+02
  -1.4292e+02
  -1.4292e+02
  -1.4292e+02
  -1.4292e+02
  -1.4292e+02
  -1.4292e+02
  -1.4292e+02
  -1.4292e+02
  -1.4292e+02
  -1.4292e+02
  -1.4292e+02
  -1.4292e+02
  -1.4292e+02
  -1.4292e+02
  -1.4291e+02
  -1.4255e+02
  -1.3907e+02
  -1.3931e+02
  -1.3933e+02
  -1.3933e+02
  -1.3919e+02
  -1.4212e+02
  -1.4208e+02
  -1.6811e+02
  -1.4083e+02
  -1.2579e+02
  -1.2591e+02
  -1.2593e+02
  -1.2593e+02
  -1.2593e+02
  -1.2592e+02
  -1.2573e+02
  -1.2872e+02
  -1.3684e+02
  -1.2919e+02
  -1.1992e+02
  -1.1146e+02
  -1.0553e+02
  -1.0691e+02
  -1.0316e+02
  -1.0417e+02
  -1.0432e+02
  -1.0433e+02
  -1.0433e+02
  -1.0433e+02
  -1.0438e+02
  -1.0449e+02
  -1.0626e+02
  -1.0577e+02
  -1.0572e+02
  -1.0567e+02
  -9.7206e+01
  -9.5792e+01
  -9.5859e+01
  -9.5734e+01
  -9.8481e+01
  -9.5895e+01
  -9.5938e+01
  -9.6440e+01
  -9.4343e+01
  -8.7353e+01
  -8.7616e+01
  -8.6235e+01
  -8.6341e+01
  -8.6377e+01
  -8.6415e+01
  -8.6491e+01
  -8.6775e+01
  -8.6585e+01
  -8.7124e+01
  -6.9804e+01
  -6.9700e+01
  -6.9628e+01
  -6.9635e+01
  -6.9637e+01
  -6.9609e+01
  -6.9565e+01
  -6.9664e+01
  -6.9639e+01
  -6.9551e+01
  -6.9503e+01
  -7.1122e+01
  -7.0734e+01
  -7.0695e+01
  -7.0660e+01
  -7.1640e+01
  -6.8679e+01
  -6.9595e+01
  -6.8671e+01
  -6.8571e+01
  -6.8098e+01
  -6.8156e+01
  -6.9218e+01
  -6.8318e+01
  -6.8228e+01
  -6.8081e+01
  -6.8058e+01
  -6.8108e+01
  -6.8214e+01
  -6.8169e+01
  -6.8223e+01
  -6.9995e+01
  -6.1341e+01
  -6.1465e+01
  -6.1733e+01
  -6.0866e+01
  -6.0999e+01
  -5.8945e+01
  -5.9153e+01
  -5.9255e+01
  -5.9273e+01
  -5.9177e+01
  -5.9173e+01
  -5.9193e+01
  -5.9319e+01
  -5.8484e+01
  -5.8430e+01
  -5.8385e+01
  -5.8372e+01
  -5.8370e+01
  -5.8373e+01
  -5.8382e+01
  -5.8423e+01
  -5.8633e+01
  -5.8492e+01
  -5.8510e+01
  -5.8508e+01
  -5.8407e+01
  -5.8401e+01
  -5.8405e+01
  -5.8457e+01
  -5.8721e+01
  -5.8482e+01
  -5.8371e+01
  -6.0202e+01
  -5.9767e+01
  -5.9768e+01
  -5.9670e+01
  -5.9632e+01
  -5.9139e+01
  -5.9499e+01
  -5.9226e+01
  -5.9109e+01
  -5.9096e+01
  -5.9160e+01
  -5.9213e+01
  -5.9295e+01
  -5.9254e+01
  -5.9180e+01
  -5.9193e+01
  -5.9150e+01
  -5.9162e+01
  -5.9217e+01
  -5.9329e+01
  -5.9255e+01
  -5.9175e+01
  -5.9146e+01
  -5.9150e+01
  -5.9158e+01
  -5.9179e+01
  -5.9178e+01
  -5.9191e+01
  -5.9226e+01
  -5.9227e+01
  -6.1264e+01
  -5.7258e+01
  -5.7128e+01
  -5.7098e+01
  -5.7094e+01
  -5.7106e+01
  -5.7168e+01
  -5.7388e+01
  -5.7220e+01
  -5.7304e+01
  -5.7278e+01
  -6.4147e+01
  -5.3135e+01
  -5.3197e+01
  -5.4926e+01
  -5.2816e+01
  -5.2807e+01
  -4.9535e+01
  -4.9197e+01
  -4.8728e+01
  -4.9515e+01
  -4.9334e+01
  -4.9468e+01
  -4.9605e+01
  -5.0036e+01
  -4.9617e+01
  -4.9518e+01
  -4.9550e+01
  -4.9437e+01
  -4.9633e+01
  -4.9240e+01
  -4.9255e+01
  -4.9237e+01
  -4.9484e+01
  -4.8655e+01
  -4.8666e+01
  -5.0625e+01
  -4.8374e+01
  -4.8500e+01
  -4.8761e+01
  -4.8543e+01
  -4.8429e+01
  -4.8391e+01
  -4.8389e+01
  -4.9365e+01
  -4.8242e+01
  -4.8247e+01
  -4.8261e+01
  -4.8281e+01
  -4.8278e+01
  -4.8250e+01
  -4.8365e+01
  -4.8538e+01
  -4.8305e+01
  -4.8302e+01
  -4.8336e+01
  -4.8316e+01
  -4.8269e+01
  -5.2930e+01
  -4.8143e+01
  -4.7951e+01
  -4.8018e+01
  -4.8065e+01
  -4.7945e+01
  -4.8053e+01
  -4.8135e+01
  -4.8037e+01
  -4.8060e+01
  -4.8002e+01
  -4.8084e+01
  -4.8133e+01
  -4.8040e+01
  -4.8033e+01
  -4.8174e+01
  -4.8055e+01
  -4.6313e+01
  -4.7333e+01
  -4.6676e+01
  -4.6680e+01
  -4.6705e+01
  -4.6764e+01
  -4.6861e+01
  -4.6736e+01
  -4.6743e+01
  -4.6714e+01
  -4.6703e+01
  -4.6706e+01
  -4.6940e+01
  -4.6702e+01
  -4.6734e+01
  -4.6727e+01
  -4.6771e+01
  -4.6847e+01
  -4.6845e+01
  -4.6747e+01
  -4.6753e+01
  -4.6749e+01
  -4.6779e+01
  -4.6738e+01
  -4.6741e+01
  -4.6709e+01
  -4.6703e+01
  -4.6700e+01
  -4.6768e+01
  -4.6713e+01
  -4.6739e+01
  -4.6730e+01
  -4.6776e+01
  -4.6768e+01
  -4.6806e+01
  -4.6806e+01
  -4.6815e+01
  -4.7225e+01
  -4.4526e+01
  -4.4660e+01
  -4.4939e+01
  -4.4772e+01
  -4.4627e+01
  -4.4590e+01
  -4.4608e+01
  -4.4523e+01
  -4.5402e+01
  -4.1500e+01
  -4.1690e+01
  -4.1688e+01
  -4.1705e+01
  -4.1692e+01
  -4.1728e+01
  -4.1706e+01
  -4.1713e+01
  -4.1693e+01
  -4.1727e+01
  -4.1700e+01
  -4.1711e+01
  -4.1691e+01
  -4.1710e+01
  -4.1459e+01
  -3.1863e+01
  -3.2030e+01
  -3.2070e+01
  -3.2032e+01
  -3.2040e+01
  -3.2019e+01
  -3.2080e+01
  -3.2149e+01
  -3.2178e+01
  -3.2065e+01
  -3.2336e+01
  -3.1828e+01
  -3.0243e+01
  -3.0465e+01
  -3.0536e+01
  -3.0549e+01
  -3.0593e+01
  -3.0537e+01
  -3.0604e+01
  -3.0593e+01
  -3.0512e+01
  -3.0469e+01
  -3.0509e+01
  -3.0483e+01
  -3.0492e+01
  -3.0477e+01
  -3.0665e+01
  -3.0508e+01
  -3.0493e+01
  -3.0474e+01
  -3.0530e+01
  -3.0529e+01
  -3.0587e+01
  -3.0605e+01
  -3.0593e+01
  -3.0518e+01
  -3.0501e+01
  -3.0468e+01
  -3.0517e+01
  -3.0506e+01
  -3.0562e+01
  -3.0582e+01
  -3.0564e+01
  -3.0501e+01
  -3.0501e+01
  -3.0480e+01
  -3.0521e+01
  -3.0487e+01
  -3.0488e+01
  -3.0464e+01
  -3.0510e+01
  -3.0490e+01
  -3.0496e+01
  -3.0468e+01
  -3.0506e+01
  -3.0477e+01
  -3.0474e+01
  -3.0450e+01
  -3.0494e+01
  -3.0469e+01
  -3.0452e+01
  -3.0493e+01
  -3.0515e+01
  -3.0433e+01
  -3.0456e+01
  -3.0441e+01
  -3.0474e+01
  -3.0314e+01
  -2.9598e+01
  -2.9770e+01
  -2.9829e+01
  -2.9810e+01
  -2.9815e+01
  -2.9817e+01
  -2.9883e+01
  -2.9829e+01
  -2.9802e+01
  -2.9772e+01
  -2.9812e+01
  -2.9788e+01
  -2.9795e+01
  -2.9797e+01
  -2.9916e+01
  -2.9859e+01
  -2.9817e+01
  -2.9783e+01
  -2.9820e+01
  -2.9796e+01
  -2.9800e+01
  -2.9777e+01
  -2.9817e+01
  -2.9794e+01
  -2.9797e+01
  -2.9775e+01
