  -2.8584e+05
  -5.7168e+05
  -8.5752e+05
  -1.1434e+06
  -1.4293e+06
  -1.7151e+06
  -2.0010e+06
  -2.2870e+06
  -2.5729e+06
  -2.8589e+06
  -3.1449e+06
  -3.4310e+06
  -3.7171e+06
  -4.0032e+06
  -4.2895e+06
  -4.5758e+06
  -4.8621e+06
  -5.1485e+06
  -5.4351e+06
  -5.7217e+06
  -6.0083e+06
  -6.2951e+06
  -6.5820e+06
  -6.8690e+06
  -7.1560e+06
  -7.4432e+06
  -7.7306e+06
  -8.0180e+06
  -8.3056e+06
  -8.5934e+06
  -8.8812e+06
  -9.1693e+06
  -9.4575e+06
  -9.7459e+06
  -1.0034e+07
  -1.0323e+07
  -1.0612e+07
  -1.0901e+07
  -1.1191e+07
  -1.1481e+07
  -1.1771e+07
  -1.2061e+07
  -1.2352e+07
  -1.2643e+07
  -1.2934e+07
  -1.3227e+07
  -1.3520e+07
  -1.3817e+07
  -1.4153e+07
  -1.4448e+07
  -1.4741e+07
  -1.5034e+07
  -1.5326e+07
  -1.5619e+07
  -1.5912e+07
  -1.6206e+07
  -1.6500e+07
  -1.6795e+07
  -1.7092e+07
  -1.7392e+07
  -1.7710e+07
  -1.8014e+07
  -1.8320e+07
  -1.8670e+07
  -1.8980e+07
  -1.9297e+07
  -1.9612e+07
  -1.9961e+07
  -2.0279e+07
  -2.0595e+07
  -2.0906e+07
  -2.1222e+07
  -2.1594e+07
  -2.1923e+07
  -2.2240e+07
  -2.2556e+07
  -2.2881e+07
  -2.3212e+07
  -2.3525e+07
  -2.3835e+07
  -2.4150e+07
  -2.4479e+07
  -2.4805e+07
  -2.5133e+07
  -2.5481e+07
  -2.5806e+07
  -2.6128e+07
  -2.6480e+07
  -2.6811e+07
  -2.7135e+07
  -2.7470e+07
  -2.7810e+07
  -2.8143e+07
  -2.8490e+07
  -2.8838e+07
  -2.9188e+07
  -2.9556e+07
  -2.9881e+07
  -3.0204e+07
  -3.0526e+07
  -3.0845e+07
  -3.1165e+07
  -3.1503e+07
  -3.1820e+07
  -3.2134e+07
  -3.2446e+07
  -3.2759e+07
  -3.3071e+07
  -3.3384e+07
  -3.3698e+07
  -3.4013e+07
  -3.4332e+07
  -3.4685e+07
  -3.5002e+07
  -3.5319e+07
  -3.5636e+07
  -3.5954e+07
  -3.6276e+07
  -3.6607e+07
  -3.6935e+07
  -3.7270e+07
  -3.7595e+07
  -3.7920e+07
  -3.8249e+07
  -3.8601e+07
  -3.8952e+07
  -3.9284e+07
  -3.9614e+07
  -3.9948e+07
  -4.0321e+07
  -4.0694e+07
  -4.1031e+07
  -4.1367e+07
  -4.1707e+07
  -4.2056e+07
  -4.2401e+07
  -4.2796e+07
  -4.3151e+07
  -4.3538e+07
  -4.3894e+07
  -4.4284e+07
  -4.4634e+07
  -4.4978e+07
  -4.5323e+07
  -4.5670e+07
  -4.6023e+07
  -4.6377e+07
  -4.6727e+07
  -4.7075e+07
  -4.7421e+07
  -4.7767e+07
  -4.8112e+07
  -4.8458e+07
  -4.8806e+07
  -4.9153e+07
  -4.9503e+07
  -4.9863e+07
  -5.0213e+07
  -5.0561e+07
  -5.0908e+07
  -5.1255e+07
  -5.1602e+07
  -5.1950e+07
  -5.2297e+07
  -5.2646e+07
  -5.2996e+07
  -5.3348e+07
  -5.3704e+07
  -5.4080e+07
  -5.4437e+07
  -5.4794e+07
  -5.5152e+07
  -5.5514e+07
  -5.5891e+07
  -5.6267e+07
  -5.6647e+07
  -5.7010e+07
  -5.7369e+07
  -5.7726e+07
  -5.8084e+07
  -5.8443e+07
  -5.8811e+07
  -5.9169e+07
  -5.9522e+07
  -5.9872e+07
  -6.0221e+07
  -6.0570e+07
  -6.0917e+07
  -6.1264e+07
  -6.1611e+07
  -6.1958e+07
  -6.2305e+07
  -6.2652e+07
  -6.3000e+07
  -6.3348e+07
  -6.3697e+07
  -6.4047e+07
  -6.4398e+07
  -6.4750e+07
  -6.5104e+07
  -6.5462e+07
  -6.5826e+07
  -6.6187e+07
  -6.6545e+07
  -6.6902e+07
  -6.7258e+07
  -6.7615e+07
  -6.7972e+07
  -6.8329e+07
  -6.8686e+07
  -6.9043e+07
  -6.9401e+07
  -6.9759e+07
  -7.0117e+07
  -7.0477e+07
  -7.0838e+07
  -7.1203e+07
  -7.1568e+07
  -7.1930e+07
  -7.2291e+07
  -7.2652e+07
  -7.3012e+07
  -7.3373e+07
  -7.3735e+07
  -7.4098e+07
  -7.4462e+07
  -7.4827e+07
  -7.5193e+07
  -7.5559e+07
  -7.5926e+07
  -7.6294e+07
  -7.6663e+07
  -7.7031e+07
  -7.7401e+07
  -7.7770e+07
  -7.8139e+07
  -7.8509e+07
  -7.8879e+07
  -7.9250e+07
  -7.9621e+07
  -7.9993e+07
  -8.0366e+07
  -8.0740e+07
  -8.1115e+07
  -8.1492e+07
  -8.1872e+07
  -8.2255e+07
  -8.2641e+07
  -8.3030e+07
  -8.3430e+07
  -8.3821e+07
  -8.4209e+07
  -8.4595e+07
  -8.4980e+07
  -8.5364e+07
  -8.5747e+07
  -8.6131e+07
  -8.6515e+07
  -8.6900e+07
  -8.7285e+07
  -8.7671e+07
  -8.8058e+07
  -8.8446e+07
  -8.8836e+07
  -8.9227e+07
  -8.9622e+07
  -9.0062e+07
  -9.0458e+07
  -9.0854e+07
  -9.1252e+07
  -9.1656e+07
  -9.2059e+07
  -9.2460e+07
  -9.2862e+07
  -9.3268e+07
  -9.3677e+07
  -9.4084e+07
  -9.4491e+07
  -9.4898e+07
  -9.5306e+07
  -9.5715e+07
  -9.6126e+07
  -9.6539e+07
  -9.6954e+07
  -9.7370e+07
  -9.7789e+07
  -9.8209e+07
  -9.8631e+07
  -9.9057e+07
  -9.9488e+07
  -9.9916e+07
  -1.0034e+08
  -1.0077e+08
  -1.0119e+08
  -1.0162e+08
  -1.0205e+08
  -1.0248e+08
  -1.0291e+08
  -1.0334e+08
  -1.0377e+08
  -1.0420e+08
  -1.0463e+08
  -1.0507e+08
  -1.0550e+08
  -1.0595e+08
  -1.0639e+08
  -1.0683e+08
  -1.0728e+08
  -1.0772e+08
  -1.0817e+08
  -1.0862e+08
  -1.0906e+08
  -1.0951e+08
  -1.0996e+08
  -1.1041e+08
  -1.1086e+08
  -1.1131e+08
  -1.1176e+08
  -1.1221e+08
  -1.1266e+08
  -1.1311e+08
  -1.1356e+08
  -1.1401e+08
  -1.1447e+08
  -1.1492e+08
  -1.1537e+08
  -1.1583e+08
  -1.1628e+08
  -1.1674e+08
  -1.1720e+08
  -1.1766e+08
  -1.1813e+08
  -1.1860e+08
  -1.1907e+08
  -1.1954e+08
  -1.2001e+08
  -1.2049e+08
  -1.2096e+08
  -1.2143e+08
  -1.2191e+08
  -1.2239e+08
  -1.2287e+08
  -1.2335e+08
  -1.2383e+08
  -1.2431e+08
  -1.2479e+08
  -1.2527e+08
  -1.2575e+08
  -1.2624e+08
  -1.2672e+08
  -1.2721e+08
  -1.2769e+08
  -1.2819e+08
  -1.2868e+08
  -1.2917e+08
  -1.2967e+08
  -1.3016e+08
  -1.3066e+08
  -1.3116e+08
  -1.3167e+08
  -1.3218e+08
  -1.3270e+08
  -1.3323e+08
  -1.3374e+08
  -1.3425e+08
  -1.3476e+08
  -1.3528e+08
  -1.3579e+08
  -1.3631e+08
  -1.3682e+08
  -1.3734e+08
  -1.3786e+08
  -1.3838e+08
  -1.3892e+08
  -1.3945e+08
  -1.3997e+08
  -1.4050e+08
  -1.4103e+08
  -1.4157e+08
  -1.4212e+08
  -1.4267e+08
  -1.4322e+08
  -1.4376e+08
  -1.4432e+08
  -1.4487e+08
  -1.4542e+08
  -1.4597e+08
  -1.4652e+08
  -1.4707e+08
  -1.4763e+08
  -1.4820e+08
  -1.4877e+08
  -1.4934e+08
  -1.4992e+08
  -1.5049e+08
  -1.5107e+08
  -1.5165e+08
  -1.5223e+08
  -1.5281e+08
  -1.5339e+08
  -1.5397e+08
  -1.5456e+08
  -1.5514e+08
  -1.5573e+08
  -1.5633e+08
  -1.5693e+08
  -1.5753e+08
  -1.5814e+08
  -1.5874e+08
  -1.5934e+08
  -1.5993e+08
  -1.6053e+08
  -1.6113e+08
  -1.6173e+08
  -1.6233e+08
  -1.6294e+08
  -1.6354e+08
  -1.6414e+08
  -1.6475e+08
  -1.6536e+08
  -1.6598e+08
  -1.6659e+08
  -1.6720e+08
  -1.6781e+08
  -1.6843e+08
  -1.6905e+08
  -1.6967e+08
  -1.7029e+08
  -1.7092e+08
  -1.7154e+08
  -1.7216e+08
  -1.7278e+08
  -1.7340e+08
  -1.7402e+08
  -1.7464e+08
  -1.7527e+08
  -1.7590e+08
  -1.7653e+08
  -1.7716e+08
  -1.7779e+08
  -1.7843e+08
  -1.7907e+08
  -1.7971e+08
  -1.8034e+08
  -1.8098e+08
  -1.8162e+08
  -1.8226e+08
  -1.8290e+08
  -1.8354e+08
  -1.8418e+08
  -1.8482e+08
  -1.8546e+08
  -1.8611e+08
  -1.8675e+08
  -1.8739e+08
  -1.8803e+08
  -1.8867e+08
  -1.8932e+08
  -1.8996e+08
  -1.9060e+08
  -1.9124e+08
  -1.9188e+08
  -1.9253e+08
  -1.9317e+08
  -1.9381e+08
  -1.9446e+08
  -1.9511e+08
  -1.9575e+08
  -1.9639e+08
  -1.9703e+08
  -1.9767e+08
  -1.9831e+08
  -1.9895e+08
  -1.9959e+08
  -2.0024e+08
  -2.0088e+08
  -2.0152e+08
  -2.0215e+08
  -2.0279e+08
  -2.0342e+08
  -2.0406e+08
  -2.0469e+08
  -2.0532e+08
  -2.0596e+08
  -2.0659e+08
  -2.0722e+08
  -2.0786e+08
  -2.0850e+08
  -2.0913e+08
  -2.0976e+08
  -2.1039e+08
  -2.1102e+08
  -2.1165e+08
  -2.1228e+08
  -2.1290e+08
  -2.1353e+08
  -2.1415e+08
  -2.1478e+08
  -2.1540e+08
  -2.1603e+08
  -2.1666e+08
  -2.1730e+08
  -2.1793e+08
  -2.1857e+08
  -2.1921e+08
  -2.1985e+08
  -2.2049e+08
  -2.2113e+08
  -2.2177e+08
  -2.2241e+08
  -2.2306e+08
  -2.2370e+08
  -2.2434e+08
  -2.2498e+08
  -2.2562e+08
  -2.2625e+08
  -2.2690e+08
  -2.2754e+08
  -2.2818e+08
  -2.2883e+08
  -2.2947e+08
  -2.3012e+08
  -2.3077e+08
  -2.3141e+08
  -2.3206e+08
  -2.3270e+08
  -2.3334e+08
  -2.3398e+08
  -2.3462e+08
  -2.3526e+08
  -2.3591e+08
  -2.3655e+08
  -2.3720e+08
  -2.3785e+08
  -2.3850e+08
  -2.3916e+08
  -2.3982e+08
  -2.4047e+08
  -2.4113e+08
  -2.4178e+08
  -2.4243e+08
  -2.4309e+08
  -2.4374e+08
  -2.4439e+08
  -2.4505e+08
  -2.4570e+08
  -2.4636e+08
  -2.4702e+08
  -2.4768e+08
  -2.4835e+08
  -2.4901e+08
  -2.4967e+08
  -2.5034e+08
  -2.5100e+08
  -2.5165e+08
  -2.5231e+08
  -2.5296e+08
  -2.5361e+08
  -2.5425e+08
  -2.5490e+08
  -2.5555e+08
  -2.5619e+08
  -2.5684e+08
  -2.5748e+08
  -2.5813e+08
  -2.5877e+08
  -2.5942e+08
  -2.6006e+08
  -2.6071e+08
  -2.6135e+08
  -2.6199e+08
  -2.6263e+08
  -2.6326e+08
  -2.6390e+08
  -2.6454e+08
  -2.6519e+08
  -2.6582e+08
  -2.6646e+08
  -2.6708e+08
  -2.6771e+08
  -2.6833e+08
  -2.6895e+08
  -2.6957e+08
  -2.7019e+08
  -2.7081e+08
  -2.7143e+08
  -2.7205e+08
  -2.7267e+08
  -2.7328e+08
  -2.7389e+08
  -2.7451e+08
  -2.7512e+08
  -2.7573e+08
  -2.7635e+08
  -2.7696e+08
  -2.7757e+08
  -2.7818e+08
  -2.7879e+08
  -2.7940e+08
  -2.8001e+08
  -2.8063e+08
  -2.8125e+08
  -2.8187e+08
  -2.8247e+08
  -2.8308e+08
  -2.8368e+08
  -2.8428e+08
  -2.8488e+08
  -2.8548e+08
  -2.8608e+08
  -2.8668e+08
  -2.8727e+08
  -2.8787e+08
  -2.8846e+08
  -2.8904e+08
  -2.8963e+08
  -2.9021e+08
  -2.9079e+08
  -2.9137e+08
  -2.9194e+08
  -2.9252e+08
  -2.9309e+08
  -2.9367e+08
  -2.9424e+08
  -2.9482e+08
  -2.9540e+08
  -2.9598e+08
  -2.9655e+08
  -2.9712e+08
  -2.9768e+08
  -2.9824e+08
  -2.9879e+08
  -2.9935e+08
  -2.9990e+08
  -3.0045e+08
  -3.0100e+08
  -3.0155e+08
  -3.0210e+08
  -3.0265e+08
  -3.0320e+08
  -3.0376e+08
  -3.0431e+08
  -3.0485e+08
  -3.0539e+08
  -3.0593e+08
  -3.0646e+08
  -3.0700e+08
  -3.0753e+08
  -3.0807e+08
  -3.0860e+08
  -3.0914e+08
  -3.0968e+08
  -3.1022e+08
  -3.1075e+08
  -3.1129e+08
  -3.1182e+08
  -3.1236e+08
  -3.1290e+08
  -3.1343e+08
  -3.1395e+08
  -3.1447e+08
  -3.1499e+08
  -3.1551e+08
  -3.1602e+08
  -3.1653e+08
  -3.1704e+08
  -3.1755e+08
  -3.1805e+08
  -3.1856e+08
  -3.1906e+08
  -3.1957e+08
  -3.2007e+08
  -3.2057e+08
  -3.2108e+08
  -3.2158e+08
  -3.2209e+08
  -3.2259e+08
  -3.2309e+08
  -3.2360e+08
  -3.2409e+08
  -3.2459e+08
  -3.2508e+08
  -3.2558e+08
  -3.2607e+08
  -3.2655e+08
  -3.2704e+08
  -3.2751e+08
  -3.2799e+08
  -3.2847e+08
  -3.2894e+08
  -3.2941e+08
  -3.2989e+08
  -3.3036e+08
  -3.3083e+08
  -3.3130e+08
  -3.3177e+08
  -3.3223e+08
  -3.3270e+08
  -3.3316e+08
  -3.3362e+08
  -3.3408e+08
  -3.3454e+08
  -3.3499e+08
  -3.3545e+08
  -3.3590e+08
  -3.3635e+08
  -3.3680e+08
  -3.3725e+08
  -3.3769e+08
  -3.3814e+08
  -3.3858e+08
  -3.3903e+08
  -3.3947e+08
  -3.3992e+08
  -3.4036e+08
  -3.4081e+08
  -3.4125e+08
  -3.4169e+08
  -3.4213e+08
  -3.4257e+08
  -3.4300e+08
  -3.4344e+08
  -3.4387e+08
  -3.4430e+08
  -3.4473e+08
  -3.4516e+08
  -3.4559e+08
  -3.4602e+08
  -3.4644e+08
  -3.4687e+08
  -3.4730e+08
  -3.4772e+08
  -3.4815e+08
  -3.4857e+08
  -3.4900e+08
  -3.4943e+08
  -3.4985e+08
  -3.5027e+08
  -3.5069e+08
  -3.5111e+08
  -3.5153e+08
  -3.5195e+08
  -3.5237e+08
  -3.5279e+08
  -3.5321e+08
  -3.5363e+08
  -3.5404e+08
  -3.5446e+08
  -3.5488e+08
  -3.5531e+08
  -3.5573e+08
  -3.5614e+08
  -3.5656e+08
  -3.5698e+08
  -3.5739e+08
  -3.5781e+08
  -3.5822e+08
  -3.5863e+08
  -3.5904e+08
  -3.5945e+08
  -3.5986e+08
  -3.6026e+08
  -3.6067e+08
  -3.6108e+08
  -3.6149e+08
  -3.6189e+08
  -3.6230e+08
  -3.6270e+08
  -3.6311e+08
  -3.6352e+08
  -3.6392e+08
  -3.6433e+08
  -3.6474e+08
  -3.6515e+08
  -3.6556e+08
  -3.6596e+08
  -3.6637e+08
  -3.6677e+08
  -3.6717e+08
  -3.6758e+08
  -3.6798e+08
  -3.6838e+08
  -3.6878e+08
  -3.6918e+08
  -3.6958e+08
  -3.6999e+08
  -3.7039e+08
  -3.7080e+08
  -3.7121e+08
  -3.7162e+08
  -3.7202e+08
  -3.7243e+08
  -3.7283e+08
  -3.7323e+08
  -3.7362e+08
  -3.7402e+08
  -3.7441e+08
  -3.7481e+08
  -3.7520e+08
  -3.7559e+08
  -3.7599e+08
  -3.7639e+08
  -3.7678e+08
  -3.7717e+08
  -3.7756e+08
  -3.7795e+08
  -3.7833e+08
  -3.7872e+08
  -3.7911e+08
  -3.7949e+08
  -3.7988e+08
  -3.8027e+08
  -3.8066e+08
  -3.8104e+08
  -3.8143e+08
  -3.8181e+08
  -3.8220e+08
  -3.8258e+08
  -3.8298e+08
  -3.8337e+08
  -3.8375e+08
  -3.8413e+08
  -3.8451e+08
  -3.8489e+08
  -3.8527e+08
  -3.8565e+08
  -3.8603e+08
  -3.8641e+08
  -3.8678e+08
  -3.8716e+08
  -3.8755e+08
  -3.8793e+08
  -3.8831e+08
  -3.8870e+08
  -3.8908e+08
  -3.8946e+08
  -3.8983e+08
  -3.9021e+08
  -3.9058e+08
  -3.9096e+08
  -3.9133e+08
  -3.9171e+08
  -3.9208e+08
  -3.9246e+08
  -3.9283e+08
  -3.9321e+08
  -3.9358e+08
  -3.9396e+08
  -3.9434e+08
  -3.9472e+08
  -3.9510e+08
  -3.9548e+08
  -3.9585e+08
  -3.9623e+08
  -3.9660e+08
  -3.9698e+08
  -3.9736e+08
  -3.9774e+08
  -3.9812e+08
  -3.9850e+08
  -3.9888e+08
  -3.9925e+08
  -3.9963e+08
  -4.0000e+08
  -4.0037e+08
  -4.0074e+08
  -4.0111e+08
  -4.0148e+08
  -4.0185e+08
  -4.0222e+08
  -4.0259e+08
  -4.0296e+08
  -4.0332e+08
  -4.0369e+08
  -4.0406e+08
  -4.0442e+08
  -4.0478e+08
  -4.0515e+08
  -4.0551e+08
  -4.0587e+08
  -4.0623e+08
  -4.0659e+08
  -4.0695e+08
  -4.0731e+08
  -4.0767e+08
  -4.0803e+08
  -4.0839e+08
  -4.0875e+08
  -4.0912e+08
  -4.0948e+08
  -4.0984e+08
  -4.1020e+08
  -4.1056e+08
  -4.1091e+08
  -4.1127e+08
  -4.1163e+08
  -4.1199e+08
  -4.1234e+08
  -4.1270e+08
  -4.1306e+08
  -4.1341e+08
  -4.1376e+08
  -4.1412e+08
  -4.1447e+08
  -4.1482e+08
  -4.1517e+08
  -4.1553e+08
  -4.1588e+08
  -4.1623e+08
  -4.1658e+08
  -4.1693e+08
  -4.1728e+08
  -4.1763e+08
  -4.1797e+08
  -4.1832e+08
  -4.1866e+08
  -4.1901e+08
  -4.1935e+08
  -4.1969e+08
  -4.2003e+08
  -4.2037e+08
  -4.2072e+08
  -4.2106e+08
  -4.2140e+08
  -4.2174e+08
  -4.2208e+08
  -4.2243e+08
  -4.2277e+08
  -4.2311e+08
  -4.2345e+08
  -4.2379e+08
  -4.2413e+08
  -4.2447e+08
  -4.2481e+08
  -4.2515e+08
  -4.2549e+08
  -4.2582e+08
  -4.2616e+08
  -4.2650e+08
  -4.2683e+08
  -4.2717e+08
  -4.2750e+08
  -4.2784e+08
  -4.2818e+08
  -4.2852e+08
  -4.2886e+08
  -4.2920e+08
  -4.2954e+08
  -4.2988e+08
  -4.3022e+08
  -4.3056e+08
  -4.3089e+08
  -4.3123e+08
  -4.3157e+08
  -4.3190e+08
  -4.3224e+08
  -4.3258e+08
  -4.3291e+08
  -4.3325e+08
  -4.3358e+08
  -4.3391e+08
  -4.3425e+08
  -4.3458e+08
  -4.3492e+08
  -4.3526e+08
  -4.3560e+08
  -4.3595e+08
  -4.3629e+08
  -4.3662e+08
  -4.3696e+08
  -4.3729e+08
  -4.3763e+08
  -4.3796e+08
  -4.3829e+08
  -4.3863e+08
  -4.3896e+08
  -4.3929e+08
  -4.3962e+08
  -4.3995e+08
  -4.4027e+08
  -4.4060e+08
  -4.4093e+08
  -4.4126e+08
  -4.4159e+08
  -4.4192e+08
  -4.4224e+08
  -4.4257e+08
  -4.4290e+08
  -4.4322e+08
  -4.4354e+08
  -4.4387e+08
  -4.4419e+08
  -4.4451e+08
  -4.4483e+08
  -4.4515e+08
  -4.4547e+08
  -4.4579e+08
  -4.4610e+08
  -4.4642e+08
  -4.4674e+08
  -4.4706e+08
  -4.4738e+08
  -4.4770e+08
  -4.4802e+08
  -4.4834e+08
  -4.4866e+08
  -4.4897e+08
  -4.4929e+08
  -4.4960e+08
  -4.4992e+08
  -4.5023e+08
  -4.5054e+08
  -4.5085e+08
  -4.5116e+08
  -4.5148e+08
  -4.5179e+08
  -4.5210e+08
  -4.5240e+08
  -4.5271e+08
  -4.5302e+08
  -4.5333e+08
  -4.5364e+08
  -4.5396e+08
  -4.5427e+08
  -4.5458e+08
  -4.5489e+08
  -4.5520e+08
  -4.5551e+08
  -4.5581e+08
  -4.5612e+08
  -4.5643e+08
  -4.5673e+08
  -4.5704e+08
  -4.5734e+08
  -4.5765e+08
  -4.5795e+08
  -4.5826e+08
  -4.5856e+08
  -4.5887e+08
  -4.5917e+08
  -4.5948e+08
  -4.5979e+08
  -4.6009e+08
  -4.6040e+08
  -4.6071e+08
  -4.6102e+08
  -4.6132e+08
  -4.6163e+08
  -4.6194e+08
  -4.6225e+08
  -4.6256e+08
  -4.6286e+08
  -4.6316e+08
  -4.6347e+08
  -4.6377e+08
  -4.6407e+08
  -4.6437e+08
  -4.6467e+08
  -4.6497e+08
  -4.6528e+08
  -4.6558e+08
  -4.6588e+08
  -4.6619e+08
  -4.6649e+08
  -4.6679e+08
  -4.6709e+08
  -4.6739e+08
  -4.6769e+08
  -4.6799e+08
  -4.6829e+08
  -4.6858e+08
  -4.6888e+08
  -4.6918e+08
  -4.6948e+08
  -4.6978e+08
  -4.7007e+08
  -4.7037e+08
  -4.7067e+08
  -4.7097e+08
  -4.7127e+08
  -4.7157e+08
  -4.7187e+08
  -4.7217e+08
  -4.7247e+08
  -4.7276e+08
  -4.7306e+08
  -4.7336e+08
  -4.7365e+08
  -4.7395e+08
  -4.7425e+08
  -4.7454e+08
  -4.7484e+08
  -4.7513e+08
  -4.7543e+08
  -4.7572e+08
  -4.7602e+08
  -4.7632e+08
  -4.7662e+08
  -4.7692e+08
  -4.7721e+08
  -4.7750e+08
  -4.7780e+08
  -4.7809e+08
  -4.7838e+08
  -4.7867e+08
  -4.7897e+08
  -4.7926e+08
  -4.7955e+08
  -4.7984e+08
  -4.8013e+08
  -4.8043e+08
  -4.8072e+08
  -4.8102e+08
  -4.8132e+08
  -4.8161e+08
  -4.8190e+08
  -4.8219e+08
  -4.8248e+08
  -4.8277e+08
  -4.8306e+08
  -4.8335e+08
  -4.8364e+08
  -4.8393e+08
  -4.8421e+08
  -4.8450e+08
  -4.8479e+08
  -4.8508e+08
  -4.8537e+08
  -4.8566e+08
  -4.8595e+08
  -4.8624e+08
  -4.8653e+08
  -4.8682e+08
  -4.8710e+08
  -4.8739e+08
  -4.8767e+08
  -4.8795e+08
  -4.8824e+08
  -4.8852e+08
  -4.8880e+08
  -4.8909e+08
  -4.8937e+08
  -4.8965e+08
  -4.8993e+08
  -4.9022e+08
  -4.9051e+08
  -4.9079e+08
  -4.9107e+08
  -4.9135e+08
  -4.9163e+08
  -4.9191e+08
  -4.9219e+08
  -4.9246e+08
  -4.9274e+08
  -4.9302e+08
  -4.9329e+08
  -4.9357e+08
  -4.9384e+08
  -4.9412e+08
  -4.9440e+08
  -4.9468e+08
  -4.9496e+08
  -4.9523e+08
  -4.9551e+08
  -4.9578e+08
  -4.9605e+08
  -4.9633e+08
  -4.9660e+08
  -4.9687e+08
  -4.9714e+08
  -4.9741e+08
  -4.9768e+08
  -4.9796e+08
  -4.9823e+08
  -4.9851e+08
  -4.9879e+08
  -4.9906e+08
  -4.9933e+08
  -4.9960e+08
  -4.9987e+08
  -5.0014e+08
  -5.0041e+08
  -5.0068e+08
  -5.0095e+08
  -5.0122e+08
  -5.0149e+08
  -5.0176e+08
  -5.0203e+08
  -5.0230e+08
  -5.0257e+08
  -5.0285e+08
  -5.0312e+08
  -5.0339e+08
  -5.0366e+08
  -5.0392e+08
  -5.0419e+08
  -5.0446e+08
  -5.0472e+08
  -5.0499e+08
  -5.0525e+08
  -5.0552e+08
  -5.0579e+08
  -5.0605e+08
  -5.0632e+08
  -5.0660e+08
  -5.0687e+08
  -5.0713e+08
  -5.0740e+08
  -5.0766e+08
  -5.0793e+08
  -5.0819e+08
  -5.0845e+08
  -5.0872e+08
  -5.0898e+08
  -5.0924e+08
  -5.0951e+08
  -5.0977e+08
  -5.1004e+08
  -5.1030e+08
  -5.1057e+08
  -5.1084e+08
  -5.1111e+08
  -5.1138e+08
  -5.1164e+08
  -5.1191e+08
  -5.1218e+08
  -5.1244e+08
  -5.1271e+08
  -5.1298e+08
  -5.1326e+08
  -5.1354e+08
  -5.1382e+08
  -5.1410e+08
  -5.1438e+08
  -5.1466e+08
  -5.1493e+08
  -5.1519e+08
  -5.1545e+08
  -5.1572e+08
  -5.1598e+08
  -5.1624e+08
  -5.1650e+08
  -5.1676e+08
  -5.1701e+08
  -5.1727e+08
  -5.1753e+08
  -5.1779e+08
  -5.1805e+08
  -5.1831e+08
  -5.1856e+08
  -5.1882e+08
  -5.1908e+08
  -5.1933e+08
  -5.1959e+08
  -5.1984e+08
  -5.2010e+08
  -5.2036e+08
  -5.2061e+08
  -5.2087e+08
  -5.2112e+08
  -5.2138e+08
  -5.2163e+08
  -5.2189e+08
  -5.2214e+08
  -5.2240e+08
  -5.2265e+08
  -5.2290e+08
  -5.2316e+08
  -5.2341e+08
  -5.2366e+08
  -5.2392e+08
  -5.2417e+08
  -5.2442e+08
  -5.2468e+08
  -5.2493e+08
  -5.2518e+08
  -5.2544e+08
  -5.2569e+08
  -5.2594e+08
  -5.2619e+08
  -5.2645e+08
  -5.2670e+08
  -5.2695e+08
  -5.2720e+08
  -5.2745e+08
  -5.2771e+08
  -5.2796e+08
  -5.2821e+08
  -5.2846e+08
  -5.2872e+08
  -5.2897e+08
  -5.2922e+08
  -5.2948e+08
  -5.2973e+08
  -5.2998e+08
  -5.3024e+08
  -5.3049e+08
  -5.3074e+08
  -5.3100e+08
  -5.3125e+08
  -5.3151e+08
  -5.3176e+08
  -5.3202e+08
  -5.3227e+08
  -5.3253e+08
  -5.3280e+08
  -5.3306e+08
  -5.3332e+08
  -5.3358e+08
  -5.3383e+08
  -5.3409e+08
  -5.3435e+08
  -5.3461e+08
  -5.3487e+08
  -5.3513e+08
  -5.3539e+08
  -5.3564e+08
  -5.3590e+08
  -5.3616e+08
  -5.3641e+08
  -5.3667e+08
  -5.3692e+08
  -5.3718e+08
  -5.3743e+08
  -5.3769e+08
  -5.3794e+08
  -5.3820e+08
  -5.3846e+08
  -5.3871e+08
  -5.3897e+08
  -5.3924e+08
  -5.3950e+08
  -5.3976e+08
  -5.4001e+08
  -5.4027e+08
  -5.4052e+08
  -5.4078e+08
  -5.4103e+08
  -5.4128e+08
  -5.4154e+08
  -5.4179e+08
  -5.4204e+08
  -5.4229e+08
  -5.4254e+08
  -5.4280e+08
  -5.4305e+08
  -5.4330e+08
  -5.4355e+08
  -5.4380e+08
  -5.4405e+08
  -5.4430e+08
  -5.4456e+08
  -5.4481e+08
  -5.4506e+08
  -5.4531e+08
  -5.4556e+08
  -5.4581e+08
  -5.4606e+08
  -5.4631e+08
  -5.4656e+08
  -5.4681e+08
  -5.4706e+08
  -5.4731e+08
  -5.4756e+08
  -5.4781e+08
  -5.4806e+08
  -5.4831e+08
  -5.4856e+08
  -5.4880e+08
  -5.4905e+08
  -5.4930e+08
  -5.4955e+08
  -5.4981e+08
  -5.5006e+08
  -5.5031e+08
  -5.5057e+08
  -5.5082e+08
  -5.5107e+08
  -5.5132e+08
  -5.5157e+08
  -5.5182e+08
  -5.5207e+08
  -5.5232e+08
  -5.5257e+08
  -5.5282e+08
  -5.5307e+08
  -5.5332e+08
  -5.5356e+08
  -5.5381e+08
  -5.5406e+08
  -5.5431e+08
  -5.5456e+08
  -5.5480e+08
  -5.5505e+08
  -5.5530e+08
  -5.5555e+08
  -5.5580e+08
  -5.5604e+08
  -5.5629e+08
  -5.5654e+08
  -5.5679e+08
  -5.5704e+08
  -5.5728e+08
  -5.5753e+08
  -5.5778e+08
  -5.5803e+08
  -5.5828e+08
  -5.5852e+08
  -5.5877e+08
  -5.5902e+08
  -5.5927e+08
  -5.5952e+08
  -5.5976e+08
  -5.6001e+08
  -5.6026e+08
  -5.6051e+08
  -5.6076e+08
  -5.6101e+08
  -5.6126e+08
  -5.6151e+08
  -5.6176e+08
  -5.6201e+08
  -5.6226e+08
  -5.6251e+08
  -5.6276e+08
  -5.6301e+08
  -5.6326e+08
  -5.6352e+08
  -5.6377e+08
  -5.6403e+08
  -5.6428e+08
  -5.6454e+08
  -5.6480e+08
  -5.6505e+08
  -5.6531e+08
  -5.6557e+08
  -5.6583e+08
  -5.6608e+08
  -5.6634e+08
  -5.6659e+08
  -5.6684e+08
  -5.6709e+08
  -5.6735e+08
  -5.6760e+08
  -5.6785e+08
  -5.6810e+08
  -5.6835e+08
  -5.6860e+08
  -5.6885e+08
  -5.6910e+08
  -5.6935e+08
  -5.6960e+08
  -5.6985e+08
  -5.7010e+08
  -5.7035e+08
  -5.7060e+08
  -5.7085e+08
  -5.7110e+08
  -5.7135e+08
  -5.7160e+08
  -5.7185e+08
  -5.7210e+08
  -5.7235e+08
  -5.7260e+08
  -5.7285e+08
  -5.7310e+08
  -5.7335e+08
  -5.7360e+08
  -5.7385e+08
  -5.7411e+08
  -5.7436e+08
  -5.7461e+08
  -5.7487e+08
  -5.7512e+08
  -5.7537e+08
  -5.7563e+08
  -5.7589e+08
  -5.7614e+08
  -5.7640e+08
  -5.7666e+08
  -5.7692e+08
  -5.7718e+08
  -5.7744e+08
  -5.7770e+08
  -5.7797e+08
  -5.7823e+08
  -5.7849e+08
  -5.7875e+08
  -5.7901e+08
  -5.7928e+08
  -5.7954e+08
  -5.7980e+08
  -5.8007e+08
  -5.8033e+08
  -5.8059e+08
  -5.8085e+08
  -5.8112e+08
  -5.8138e+08
  -5.8164e+08
  -5.8190e+08
  -5.8217e+08
  -5.8243e+08
  -5.8269e+08
  -5.8296e+08
  -5.8322e+08
  -5.8348e+08
  -5.8375e+08
  -5.8401e+08
  -5.8427e+08
  -5.8454e+08
  -5.8480e+08
  -5.8506e+08
  -5.8533e+08
  -5.8559e+08
  -5.8585e+08
  -5.8612e+08
  -5.8638e+08
  -5.8664e+08
  -5.8691e+08
  -5.8717e+08
  -5.8743e+08
  -5.8770e+08
  -5.8796e+08
  -5.8822e+08
  -5.8848e+08
  -5.8874e+08
  -5.8900e+08
  -5.8927e+08
  -5.8953e+08
  -5.8979e+08
  -5.9005e+08
  -5.9031e+08
  -5.9057e+08
  -5.9084e+08
  -5.9110e+08
  -5.9136e+08
  -5.9162e+08
  -5.9189e+08
  -5.9215e+08
  -5.9241e+08
  -5.9267e+08
  -5.9293e+08
  -5.9320e+08
  -5.9346e+08
  -5.9372e+08
  -5.9398e+08
  -5.9425e+08
  -5.9451e+08
  -5.9477e+08
  -5.9504e+08
  -5.9530e+08
  -5.9556e+08
  -5.9583e+08
  -5.9609e+08
  -5.9636e+08
  -5.9663e+08
  -5.9689e+08
  -5.9716e+08
  -5.9743e+08
  -5.9770e+08
  -5.9798e+08
  -5.9826e+08
  -5.9853e+08
  -5.9880e+08
  -5.9907e+08
  -5.9934e+08
  -5.9961e+08
  -5.9988e+08
  -6.0016e+08
  -6.0045e+08
  -6.0072e+08
  -6.0099e+08
  -6.0126e+08
  -6.0153e+08
  -6.0180e+08
  -6.0208e+08
  -6.0235e+08
  -6.0262e+08
  -6.0289e+08
  -6.0316e+08
  -6.0344e+08
  -6.0371e+08
  -6.0399e+08
  -6.0428e+08
  -6.0457e+08
  -6.0486e+08
  -6.0514e+08
  -6.0543e+08
  -6.0572e+08
  -6.0602e+08
  -6.0631e+08
  -6.0660e+08
  -6.0689e+08
  -6.0719e+08
  -6.0749e+08
  -6.0778e+08
  -6.0807e+08
  -6.0835e+08
  -6.0863e+08
  -6.0891e+08
  -6.0920e+08
  -6.0949e+08
  -6.0977e+08
  -6.1005e+08
  -6.1032e+08
  -6.1060e+08
  -6.1089e+08
  -6.1118e+08
  -6.1146e+08
  -6.1174e+08
  -6.1202e+08
  -6.1230e+08
  -6.1259e+08
  -6.1288e+08
  -6.1316e+08
  -6.1345e+08
  -6.1373e+08
  -6.1402e+08
  -6.1432e+08
  -6.1461e+08
  -6.1490e+08
  -6.1519e+08
  -6.1547e+08
  -6.1576e+08
  -6.1606e+08
  -6.1635e+08
  -6.1664e+08
  -6.1692e+08
  -6.1722e+08
  -6.1751e+08
  -6.1781e+08
  -6.1810e+08
  -6.1838e+08
  -6.1866e+08
  -6.1895e+08
  -6.1923e+08
  -6.1952e+08
  -6.1981e+08
  -6.2010e+08
  -6.2038e+08
  -6.2066e+08
  -6.2094e+08
  -6.2122e+08
  -6.2151e+08
  -6.2180e+08
  -6.2209e+08
  -6.2237e+08
  -6.2265e+08
  -6.2294e+08
  -6.2322e+08
  -6.2350e+08
  -6.2379e+08
  -6.2407e+08
  -6.2436e+08
  -6.2465e+08
  -6.2493e+08
  -6.2521e+08
  -6.2549e+08
  -6.2577e+08
  -6.2606e+08
  -6.2635e+08
  -6.2664e+08
  -6.2692e+08
  -6.2721e+08
  -6.2749e+08
  -6.2777e+08
  -6.2805e+08
  -6.2833e+08
  -6.2861e+08
  -6.2889e+08
  -6.2917e+08
  -6.2945e+08
  -6.2973e+08
  -6.3001e+08
  -6.3029e+08
  -6.3057e+08
  -6.3085e+08
  -6.3113e+08
  -6.3141e+08
  -6.3168e+08
  -6.3196e+08
  -6.3224e+08
  -6.3251e+08
  -6.3279e+08
  -6.3306e+08
  -6.3334e+08
  -6.3362e+08
  -6.3390e+08
  -6.3419e+08
  -6.3446e+08
  -6.3474e+08
  -6.3501e+08
  -6.3529e+08
  -6.3556e+08
  -6.3583e+08
  -6.3611e+08
  -6.3638e+08
  -6.3665e+08
  -6.3693e+08
  -6.3720e+08
  -6.3747e+08
  -6.3775e+08
  -6.3803e+08
  -6.3830e+08
  -6.3858e+08
  -6.3886e+08
  -6.3914e+08
  -6.3942e+08
  -6.3969e+08
  -6.3997e+08
  -6.4024e+08
  -6.4052e+08
  -6.4079e+08
  -6.4106e+08
  -6.4133e+08
  -6.4161e+08
  -6.4188e+08
  -6.4215e+08
  -6.4243e+08
  -6.4270e+08
  -6.4298e+08
  -6.4326e+08
  -6.4353e+08
  -6.4381e+08
  -6.4408e+08
  -6.4435e+08
  -6.4463e+08
  -6.4490e+08
  -6.4517e+08
  -6.4544e+08
  -6.4571e+08
  -6.4598e+08
  -6.4625e+08
  -6.4652e+08
  -6.4679e+08
  -6.4706e+08
  -6.4733e+08
  -6.4760e+08
  -6.4787e+08
  -6.4814e+08
  -6.4841e+08
  -6.4868e+08
  -6.4895e+08
  -6.4922e+08
  -6.4949e+08
  -6.4976e+08
  -6.5002e+08
  -6.5029e+08
  -6.5056e+08
  -6.5083e+08
  -6.5109e+08
  -6.5136e+08
  -6.5163e+08
  -6.5190e+08
  -6.5216e+08
  -6.5243e+08
  -6.5270e+08
  -6.5297e+08
  -6.5324e+08
  -6.5351e+08
  -6.5379e+08
  -6.5406e+08
  -6.5433e+08
  -6.5460e+08
  -6.5487e+08
  -6.5514e+08
  -6.5540e+08
  -6.5567e+08
  -6.5594e+08
  -6.5620e+08
  -6.5647e+08
  -6.5674e+08
  -6.5701e+08
  -6.5727e+08
  -6.5754e+08
  -6.5781e+08
  -6.5808e+08
  -6.5835e+08
  -6.5862e+08
  -6.5889e+08
  -6.5916e+08
  -6.5943e+08
  -6.5970e+08
  -6.5997e+08
  -6.6025e+08
  -6.6052e+08
  -6.6079e+08
  -6.6106e+08
  -6.6134e+08
  -6.6161e+08
  -6.6191e+08
  -6.6219e+08
  -6.6246e+08
  -6.6273e+08
  -6.6300e+08
  -6.6327e+08
  -6.6355e+08
  -6.6382e+08
  -6.6409e+08
  -6.6436e+08
  -6.6463e+08
  -6.6490e+08
  -6.6517e+08
  -6.6544e+08
  -6.6571e+08
  -6.6598e+08
  -6.6625e+08
  -6.6653e+08
  -6.6680e+08
  -6.6707e+08
  -6.6734e+08
  -6.6761e+08
  -6.6788e+08
  -6.6815e+08
  -6.6842e+08
  -6.6869e+08
  -6.6896e+08
  -6.6924e+08
  -6.6951e+08
  -6.6978e+08
  -6.7005e+08
  -6.7032e+08
  -6.7059e+08
  -6.7086e+08
  -6.7114e+08
  -6.7141e+08
  -6.7169e+08
  -6.7197e+08
  -6.7226e+08
  -6.7254e+08
  -6.7282e+08
  -6.7310e+08
  -6.7338e+08
  -6.7367e+08
  -6.7395e+08
  -6.7423e+08
  -6.7452e+08
  -6.7480e+08
  -6.7508e+08
  -6.7536e+08
  -6.7564e+08
  -6.7592e+08
  -6.7620e+08
  -6.7648e+08
  -6.7677e+08
  -6.7706e+08
  -6.7734e+08
  -6.7761e+08
  -6.7789e+08
  -6.7818e+08
  -6.7846e+08
  -6.7874e+08
  -6.7902e+08
  -6.7930e+08
  -6.7959e+08
  -6.7987e+08
  -6.8015e+08
  -6.8043e+08
  -6.8071e+08
  -6.8099e+08
  -6.8128e+08
  -6.8155e+08
  -6.8183e+08
  -6.8211e+08
  -6.8239e+08
  -6.8267e+08
  -6.8295e+08
  -6.8322e+08
  -6.8350e+08
  -6.8379e+08
  -6.8407e+08
  -6.8435e+08
  -6.8463e+08
  -6.8491e+08
  -6.8519e+08
  -6.8546e+08
  -6.8574e+08
  -6.8601e+08
  -6.8629e+08
  -6.8656e+08
  -6.8683e+08
  -6.8710e+08
  -6.8737e+08
  -6.8764e+08
  -6.8791e+08
  -6.8818e+08
  -6.8846e+08
  -6.8873e+08
  -6.8899e+08
  -6.8926e+08
  -6.8953e+08
  -6.8980e+08
  -6.9007e+08
  -6.9034e+08
  -6.9061e+08
  -6.9089e+08
  -6.9117e+08
  -6.9145e+08
  -6.9172e+08
  -6.9200e+08
  -6.9227e+08
  -6.9254e+08
  -6.9281e+08
  -6.9308e+08
  -6.9336e+08
  -6.9363e+08
  -6.9391e+08
  -6.9418e+08
  -6.9445e+08
  -6.9472e+08
  -6.9498e+08
  -6.9525e+08
  -6.9551e+08
  -6.9578e+08
  -6.9604e+08
  -6.9630e+08
  -6.9657e+08
  -6.9683e+08
  -6.9708e+08
  -6.9734e+08
  -6.9761e+08
  -6.9787e+08
  -6.9813e+08
  -6.9840e+08
  -6.9866e+08
  -6.9893e+08
  -6.9919e+08
  -6.9946e+08
  -6.9973e+08
  -6.9999e+08
  -7.0026e+08
  -7.0052e+08
  -7.0078e+08
  -7.0104e+08
  -7.0130e+08
  -7.0156e+08
  -7.0182e+08
  -7.0208e+08
  -7.0234e+08
  -7.0261e+08
  -7.0287e+08
  -7.0314e+08
  -7.0340e+08
  -7.0367e+08
  -7.0393e+08
  -7.0419e+08
  -7.0445e+08
  -7.0471e+08
  -7.0496e+08
  -7.0522e+08
  -7.0547e+08
  -7.0573e+08
  -7.0599e+08
  -7.0625e+08
  -7.0651e+08
  -7.0677e+08
  -7.0703e+08
  -7.0729e+08
  -7.0755e+08
  -7.0780e+08
  -7.0806e+08
  -7.0832e+08
  -7.0858e+08
  -7.0883e+08
  -7.0909e+08
  -7.0934e+08
  -7.0960e+08
  -7.0987e+08
  -7.1013e+08
  -7.1039e+08
  -7.1064e+08
  -7.1089e+08
  -7.1114e+08
  -7.1140e+08
  -7.1168e+08
  -7.1193e+08
  -7.1219e+08
  -7.1245e+08
  -7.1271e+08
  -7.1296e+08
  -7.1321e+08
  -7.1346e+08
  -7.1370e+08
  -7.1396e+08
  -7.1423e+08
  -7.1448e+08
  -7.1473e+08
  -7.1500e+08
  -7.1525e+08
  -7.1550e+08
  -7.1575e+08
  -7.1600e+08
  -7.1628e+08
  -7.1653e+08
  -7.1677e+08
  -7.1701e+08
  -7.1725e+08
  -7.1750e+08
  -7.1774e+08
  -7.1798e+08
  -7.1823e+08
  -7.1847e+08
  -7.1871e+08
  -7.1895e+08
  -7.1919e+08
