  -3.5730e+02
  -3.5730e+02
  -3.5730e+02
  -3.5730e+02
  -3.5730e+02
  -3.5730e+02
  -3.5730e+02
  -3.5730e+02
  -3.5730e+02
  -3.5730e+02
  -3.5730e+02
  -3.5730e+02
  -3.5730e+02
  -3.5730e+02
  -3.5730e+02
  -3.5730e+02
  -3.5730e+02
  -3.5730e+02
  -3.5730e+02
  -3.5730e+02
  -3.5730e+02
  -3.5730e+02
  -3.5730e+02
  -3.5730e+02
  -3.5730e+02
  -3.5730e+02
  -3.5730e+02
  -3.5730e+02
  -3.5730e+02
  -3.5730e+02
  -3.5730e+02
  -3.5730e+02
  -3.5730e+02
  -3.5730e+02
  -3.5730e+02
  -3.5730e+02
  -3.5730e+02
  -3.5730e+02
  -3.5730e+02
  -3.5730e+02
  -3.5730e+02
  -3.5730e+02
  -3.5730e+02
  -3.5730e+02
  -3.5730e+02
  -3.5730e+02
  -3.5730e+02
  -3.5730e+02
  -3.5730e+02
  -3.5730e+02
  -3.5730e+02
  -3.5730e+02
  -3.5730e+02
  -3.5730e+02
  -3.5730e+02
  -3.5730e+02
  -3.5730e+02
  -3.5730e+02
  -3.5730e+02
  -3.5730e+02
  -3.5730e+02
  -3.5730e+02
  -3.5730e+02
  -3.5730e+02
  -3.5730e+02
  -3.5730e+02
  -3.5730e+02
  -3.5730e+02
  -3.5730e+02
  -3.5730e+02
  -3.5730e+02
  -3.5730e+02
  -3.5730e+02
  -3.5730e+02
  -3.5730e+02
  -3.5730e+02
  -3.5730e+02
  -3.5730e+02
  -3.5730e+02
  -3.5730e+02
  -3.5730e+02
  -3.5730e+02
  -3.5730e+02
  -3.5730e+02
  -3.5730e+02
  -3.5730e+02
  -3.5730e+02
  -3.5730e+02
  -3.5730e+02
  -3.5730e+02
  -3.5730e+02
  -3.5730e+02
  -3.5730e+02
  -3.5730e+02
  -3.5730e+02
  -3.5730e+02
  -3.5730e+02
  -3.5730e+02
  -3.5730e+02
  -3.5730e+02
  -3.5730e+02
  -3.5730e+02
  -3.5730e+02
  -3.5730e+02
  -3.5730e+02
  -3.5730e+02
  -3.5730e+02
  -3.5730e+02
  -3.5730e+02
  -3.5730e+02
  -3.5730e+02
  -3.5730e+02
  -3.5730e+02
  -3.5730e+02
  -3.5730e+02
  -3.5730e+02
  -3.5730e+02
  -3.5730e+02
  -3.5730e+02
  -3.5730e+02
  -3.5730e+02
  -3.5730e+02
  -3.5730e+02
  -3.5730e+02
  -3.5730e+02
  -3.5730e+02
  -3.5730e+02
  -3.5730e+02
  -3.5730e+02
  -3.5730e+02
  -3.5730e+02
  -3.5730e+02
  -3.5730e+02
  -3.5730e+02
  -3.5730e+02
  -3.5730e+02
  -3.5730e+02
  -3.5730e+02
  -3.5730e+02
  -3.5730e+02
  -3.5730e+02
  -3.5730e+02
  -3.5730e+02
  -3.5730e+02
  -3.5730e+02
  -3.5730e+02
  -3.5730e+02
  -3.5730e+02
  -3.5730e+02
  -3.5730e+02
  -3.5730e+02
  -3.5730e+02
  -3.5730e+02
  -3.5730e+02
  -3.5730e+02
  -3.5730e+02
  -3.5730e+02
  -3.5730e+02
  -3.5730e+02
  -3.5730e+02
  -3.5730e+02
  -3.5730e+02
  -3.5730e+02
  -3.5730e+02
  -3.5730e+02
  -3.5730e+02
  -3.5730e+02
  -3.5730e+02
  -3.5730e+02
  -3.5730e+02
  -3.5730e+02
  -3.5730e+02
  -3.5730e+02
  -3.5730e+02
  -3.5730e+02
  -3.5730e+02
  -3.5730e+02
  -3.5730e+02
  -3.5730e+02
  -3.5730e+02
  -3.5730e+02
  -3.5730e+02
  -3.5730e+02
  -3.5730e+02
  -3.5730e+02
  -3.5730e+02
  -3.5730e+02
  -3.5730e+02
  -3.5730e+02
  -3.5730e+02
  -3.5730e+02
  -3.5730e+02
  -3.5730e+02
  -3.5730e+02
  -3.5730e+02
  -3.5730e+02
  -3.5730e+02
  -3.5730e+02
  -3.5730e+02
  -3.5730e+02
  -3.5730e+02
  -3.5730e+02
  -3.5730e+02
  -3.5730e+02
  -3.5730e+02
  -3.5730e+02
  -3.5730e+02
  -3.5730e+02
  -3.5730e+02
  -3.5730e+02
  -3.5730e+02
  -3.5730e+02
  -3.5730e+02
  -3.5730e+02
  -3.5730e+02
  -3.5730e+02
  -3.5730e+02
  -3.5730e+02
  -3.5730e+02
  -3.5730e+02
  -3.5730e+02
  -3.5730e+02
  -3.5730e+02
  -3.5730e+02
  -3.5730e+02
  -3.5730e+02
  -3.5730e+02
  -3.5730e+02
  -3.5730e+02
  -3.5730e+02
  -3.5730e+02
  -3.5730e+02
  -3.5730e+02
  -3.5730e+02
  -3.5730e+02
  -3.5730e+02
  -3.5730e+02
  -3.5730e+02
  -3.5730e+02
  -3.5730e+02
  -3.5730e+02
  -3.5730e+02
  -3.5730e+02
  -3.5730e+02
  -3.5730e+02
  -3.5730e+02
  -3.5730e+02
  -3.5730e+02
  -3.5730e+02
  -3.5730e+02
  -3.5730e+02
  -3.5730e+02
  -3.5730e+02
  -3.5730e+02
  -3.5730e+02
  -3.5730e+02
  -3.5730e+02
  -3.5730e+02
  -3.5730e+02
  -3.5730e+02
  -3.5730e+02
  -3.5730e+02
  -3.5730e+02
  -3.5730e+02
  -3.5730e+02
  -3.5730e+02
  -3.5730e+02
  -3.5730e+02
  -3.5730e+02
  -3.5730e+02
  -3.5730e+02
  -3.5730e+02
  -3.5730e+02
  -3.5730e+02
  -3.5730e+02
  -3.5730e+02
  -3.5730e+02
  -3.5730e+02
  -3.5730e+02
  -3.5730e+02
  -3.5730e+02
  -3.5730e+02
  -3.5730e+02
  -3.5730e+02
  -3.5730e+02
  -3.5730e+02
  -3.5730e+02
  -3.5730e+02
  -3.5730e+02
  -3.5730e+02
  -3.5730e+02
  -3.5730e+02
  -3.5730e+02
  -3.5730e+02
  -3.5730e+02
  -3.5730e+02
  -3.5730e+02
  -3.5730e+02
  -3.5730e+02
  -3.5730e+02
  -3.5730e+02
  -3.5730e+02
  -3.5730e+02
  -3.5730e+02
  -3.5730e+02
  -3.5730e+02
  -3.5730e+02
  -3.5730e+02
  -3.5730e+02
  -3.5730e+02
  -3.5730e+02
  -3.5730e+02
  -3.5730e+02
  -3.5730e+02
  -3.5730e+02
  -3.5730e+02
  -3.5730e+02
  -3.5730e+02
  -3.5730e+02
  -3.5730e+02
  -3.5730e+02
  -3.5730e+02
  -3.5730e+02
  -3.5730e+02
  -3.5730e+02
  -3.5730e+02
  -3.5730e+02
  -3.5730e+02
  -3.5730e+02
  -3.5730e+02
  -3.5730e+02
  -3.5730e+02
  -3.5729e+02
  -3.5723e+02
   1.1655e+03
   3.3233e+03
   3.3233e+03
   3.3233e+03
   3.3233e+03
   3.3233e+03
   3.3233e+03
   3.3233e+03
   3.3233e+03
   3.3233e+03
   3.3233e+03
   3.3233e+03
   3.3233e+03
   3.3233e+03
   3.3233e+03
   3.3233e+03
   3.3233e+03
   3.3233e+03
   3.3233e+03
   3.3233e+03
   3.3233e+03
   3.3233e+03
   3.3233e+03
   3.3233e+03
   3.3233e+03
   3.3233e+03
   3.3233e+03
   3.3233e+03
   3.3233e+03
   3.3233e+03
   3.3233e+03
   3.3233e+03
   3.3233e+03
   3.3233e+03
   3.3233e+03
   3.3233e+03
   3.3233e+03
   3.3233e+03
   3.3233e+03
   3.3233e+03
   3.3233e+03
   3.3233e+03
   3.3233e+03
   3.3233e+03
   3.3233e+03
   3.3233e+03
   3.3233e+03
   3.3233e+03
   3.3233e+03
   3.3233e+03
   3.3233e+03
   3.3233e+03
   3.3233e+03
   3.3233e+03
   3.3233e+03
   3.3233e+03
   3.3233e+03
   3.3233e+03
   3.3233e+03
   3.3233e+03
   3.3233e+03
   3.3233e+03
   3.3233e+03
   3.3233e+03
   3.3233e+03
   3.3233e+03
   3.3233e+03
   3.3233e+03
   3.3233e+03
   3.3233e+03
   3.3233e+03
   3.3233e+03
   3.3233e+03
   3.3233e+03
   3.3233e+03
   3.3233e+03
   3.3233e+03
   3.3233e+03
   3.3233e+03
   3.3233e+03
   3.3233e+03
   3.3233e+03
   3.3233e+03
   3.5726e+03
   4.1071e+03
   4.1070e+03
   4.1070e+03
   4.1070e+03
   4.1070e+03
   4.1070e+03
   4.1070e+03
   4.1070e+03
   4.1070e+03
   4.1070e+03
   4.1070e+03
   4.1070e+03
   4.1070e+03
   4.1070e+03
   4.1070e+03
   4.1070e+03
   4.1070e+03
   4.1070e+03
   4.1070e+03
   4.1070e+03
   4.1070e+03
   4.1070e+03
   4.1070e+03
   4.1070e+03
   4.1070e+03
   4.1070e+03
   4.1070e+03
   4.1070e+03
   4.1070e+03
   4.1070e+03
   4.1070e+03
   4.1070e+03
   4.1070e+03
   4.1070e+03
   4.1070e+03
   4.1070e+03
   4.1070e+03
   4.1070e+03
   4.1070e+03
   4.1070e+03
   4.1070e+03
   4.1070e+03
   4.1070e+03
   4.1070e+03
   4.1070e+03
   4.1070e+03
   4.1070e+03
   4.1070e+03
   4.1071e+03
   4.1073e+03
   4.2569e+03
   4.2526e+03
   4.2526e+03
   4.2526e+03
   4.2525e+03
   4.2525e+03
   4.2525e+03
   4.2525e+03
   4.2525e+03
   4.2525e+03
   4.2525e+03
   4.2525e+03
   4.2525e+03
   4.2525e+03
   4.2525e+03
   4.2525e+03
   4.2525e+03
   4.2525e+03
   4.2525e+03
   4.2525e+03
   4.2525e+03
   4.2525e+03
   4.2525e+03
   4.2525e+03
   4.2525e+03
   4.2525e+03
   4.2525e+03
   4.2525e+03
   4.2525e+03
   4.2525e+03
   4.2525e+03
   4.2525e+03
   4.2525e+03
   4.2525e+03
   4.2525e+03
   4.2525e+03
   4.2525e+03
   4.2525e+03
   4.2525e+03
   4.2525e+03
   4.2525e+03
   4.2525e+03
   4.2525e+03
   4.2525e+03
   4.2525e+03
   4.2525e+03
   4.2525e+03
   4.2525e+03
   4.2525e+03
   4.2525e+03
   4.2525e+03
   4.2525e+03
   4.2525e+03
   4.2525e+03
   4.2525e+03
   4.2525e+03
   4.2525e+03
   4.2525e+03
   4.2525e+03
   4.2525e+03
   4.2525e+03
   4.2525e+03
   4.2525e+03
   4.2525e+03
   4.2525e+03
   4.2525e+03
   4.2525e+03
   4.2525e+03
   4.2525e+03
   4.2525e+03
   4.2525e+03
   4.2525e+03
   4.2525e+03
   4.2525e+03
   4.2525e+03
   4.2525e+03
   4.2525e+03
   4.2525e+03
   4.2525e+03
   4.2525e+03
   4.2525e+03
   4.2525e+03
   4.2525e+03
   4.2525e+03
   4.2525e+03
   4.2525e+03
   4.2525e+03
   4.2525e+03
   4.2525e+03
   4.2525e+03
   4.2525e+03
   4.2525e+03
   4.2525e+03
   4.2525e+03
   4.2525e+03
   4.2525e+03
   4.2525e+03
   4.2525e+03
   4.2525e+03
   4.2525e+03
   4.2525e+03
   4.2525e+03
   4.2525e+03
   4.2525e+03
   4.2525e+03
   4.2525e+03
   4.2525e+03
   4.2525e+03
   4.2525e+03
   4.2525e+03
   4.2525e+03
   4.2525e+03
   4.2525e+03
   4.2525e+03
   4.2525e+03
   4.2525e+03
   4.2525e+03
   4.2525e+03
   4.2525e+03
   4.2526e+03
   4.2526e+03
   4.2526e+03
   4.2526e+03
   4.4757e+03
   5.0121e+03
   5.0121e+03
   5.0121e+03
   5.0121e+03
   5.0121e+03
   5.0121e+03
   5.0121e+03
   5.0121e+03
   5.0121e+03
   5.0121e+03
   5.0121e+03
   5.0121e+03
   5.0121e+03
   5.0121e+03
   5.0121e+03
   5.0121e+03
   5.0121e+03
   5.0125e+03
   5.2409e+03
   5.2377e+03
   5.2377e+03
   5.2377e+03
   5.2377e+03
   5.2377e+03
   5.2377e+03
   5.2377e+03
   5.2377e+03
   5.2377e+03
   5.2377e+03
   5.2377e+03
   5.2377e+03
   5.2377e+03
   5.2377e+03
   5.2377e+03
   5.2377e+03
   5.2377e+03
   5.2377e+03
   5.2377e+03
   5.2377e+03
   5.2377e+03
   5.2377e+03
   5.2377e+03
   5.2377e+03
   5.2377e+03
   5.2377e+03
   5.2377e+03
   5.2377e+03
   5.2377e+03
   5.2377e+03
   5.2378e+03
   5.2325e+03
   5.2294e+03
   5.2292e+03
   5.2292e+03
   5.2292e+03
   5.2292e+03
   5.2292e+03
   5.2292e+03
   5.2293e+03
   5.2332e+03
   1.0112e+04
   1.0112e+04
   1.0112e+04
   1.0112e+04
   1.0112e+04
   1.0112e+04
   1.0112e+04
   1.0112e+04
   1.0112e+04
   1.0112e+04
   1.0112e+04
   1.0112e+04
   1.0130e+04
   1.0110e+04
   1.0110e+04
   1.0110e+04
   1.0110e+04
   1.0110e+04
   1.0110e+04
   1.0110e+04
   1.0102e+04
   1.0110e+04
   1.0110e+04
   1.0110e+04
   1.0110e+04
   1.0110e+04
   1.0110e+04
   1.0110e+04
   1.0110e+04
   1.0110e+04
   1.0110e+04
   1.0110e+04
   1.0110e+04
   1.0110e+04
   1.0110e+04
   1.0110e+04
   1.0110e+04
   1.0110e+04
   1.0110e+04
   1.0110e+04
   1.0110e+04
   1.0110e+04
   1.0110e+04
   1.0110e+04
   1.0110e+04
   1.0110e+04
   1.0110e+04
   1.0110e+04
   1.0110e+04
   1.0110e+04
   1.0075e+04
   1.0066e+04
   1.0186e+04
   1.0178e+04
   1.0178e+04
   1.0178e+04
   1.0178e+04
   1.0178e+04
   1.0178e+04
   1.0178e+04
   1.0178e+04
   1.0178e+04
   1.0178e+04
   1.0178e+04
   1.0178e+04
   1.0169e+04
   1.0201e+04
   1.0201e+04
   1.0201e+04
   1.0201e+04
   1.0201e+04
   1.0201e+04
   1.0201e+04
   1.0201e+04
   1.0201e+04
   1.0201e+04
   1.0201e+04
   1.0201e+04
   1.0201e+04
   1.0201e+04
   1.0201e+04
   1.0201e+04
   1.0201e+04
   1.0201e+04
   1.0201e+04
   1.0201e+04
   1.0201e+04
   1.0201e+04
   1.0201e+04
   1.0201e+04
   1.0201e+04
   1.0201e+04
   1.0201e+04
   1.0201e+04
   1.0201e+04
   1.0201e+04
   1.0201e+04
   1.0201e+04
   1.0201e+04
   1.0201e+04
   1.0201e+04
   1.0201e+04
   1.0201e+04
   1.0201e+04
   1.0201e+04
   1.0201e+04
   1.0201e+04
   1.0201e+04
   1.0201e+04
   1.0201e+04
   1.0201e+04
   1.0201e+04
   1.0201e+04
   1.0201e+04
   1.0201e+04
   1.0201e+04
   1.0201e+04
   1.0202e+04
   3.3774e+04
   3.3774e+04
   3.3774e+04
   3.3774e+04
   3.3774e+04
   3.3774e+04
   3.3774e+04
   3.3774e+04
   3.3774e+04
   3.3774e+04
   3.3774e+04
   3.3774e+04
   3.3774e+04
   3.3774e+04
   3.3774e+04
   3.3774e+04
   3.3774e+04
   3.3774e+04
   3.3774e+04
   3.3774e+04
   3.3774e+04
   3.3774e+04
   3.3774e+04
   3.3774e+04
   3.3774e+04
   3.3774e+04
   3.3774e+04
   3.3774e+04
   3.3774e+04
   3.3774e+04
   3.3774e+04
   3.3774e+04
   3.3774e+04
   3.3774e+04
   3.3774e+04
   3.3774e+04
   3.3774e+04
   3.3774e+04
   3.3774e+04
   3.3774e+04
   3.3774e+04
   3.3774e+04
   3.3774e+04
   3.3774e+04
   3.3774e+04
   3.3774e+04
   3.3774e+04
   3.3774e+04
   3.3774e+04
   3.3774e+04
   3.3774e+04
   3.3774e+04
   3.3774e+04
   3.3774e+04
   3.3774e+04
   3.3774e+04
   3.3774e+04
   3.3774e+04
   3.3774e+04
   3.3774e+04
   3.3774e+04
   3.3773e+04
   3.3773e+04
   3.3773e+04
   3.3773e+04
   3.3773e+04
   3.3773e+04
   3.3773e+04
   3.3773e+04
   3.3773e+04
   3.3773e+04
   3.3773e+04
   3.3773e+04
   3.3773e+04
   3.3773e+04
   3.3773e+04
   3.3773e+04
   3.3773e+04
   3.3773e+04
   3.3773e+04
   3.3773e+04
   3.3773e+04
   3.3773e+04
   3.3773e+04
   3.3773e+04
   3.3773e+04
   3.3773e+04
   3.3773e+04
   3.3773e+04
   3.3773e+04
   3.3773e+04
   3.3773e+04
   3.3773e+04
   3.3773e+04
   3.3773e+04
   3.3773e+04
   3.3773e+04
   3.3773e+04
   3.3773e+04
   3.3773e+04
   3.3773e+04
   3.3773e+04
   3.3773e+04
   3.3773e+04
   3.3773e+04
   3.3773e+04
   3.3773e+04
   3.3773e+04
   3.3773e+04
   3.3773e+04
   3.3773e+04
   3.3773e+04
   3.3773e+04
   3.3773e+04
   3.3773e+04
   3.3773e+04
   3.3773e+04
   3.3773e+04
   3.3773e+04
   3.3773e+04
   3.3773e+04
   3.3773e+04
   3.3773e+04
   3.3773e+04
   3.3773e+04
   3.3773e+04
   3.3773e+04
   3.3773e+04
   3.3773e+04
   3.3773e+04
   3.3773e+04
   3.3773e+04
   3.3773e+04
   3.3773e+04
   3.3773e+04
   3.3773e+04
   3.3773e+04
   3.3773e+04
   3.3773e+04
   3.3773e+04
   3.3773e+04
   3.3773e+04
   3.3773e+04
   3.3773e+04
   3.3773e+04
   3.3773e+04
   3.3773e+04
   3.3773e+04
   3.3773e+04
   3.3773e+04
   3.3773e+04
   3.3773e+04
   3.3773e+04
   3.3773e+04
   3.3773e+04
   3.3773e+04
   3.3773e+04
   3.3773e+04
   3.3773e+04
   3.3773e+04
   3.3773e+04
   3.3773e+04
   3.3773e+04
   3.3773e+04
   3.3773e+04
   3.3773e+04
   3.3773e+04
   3.3773e+04
   3.3773e+04
   3.3773e+04
   3.3773e+04
   3.3773e+04
   3.3773e+04
   3.3773e+04
   3.3773e+04
   3.3773e+04
   3.3773e+04
   3.3773e+04
   3.3773e+04
   3.3773e+04
   3.3773e+04
   3.3773e+04
   3.3773e+04
   3.3773e+04
   3.3773e+04
   3.3773e+04
   3.3773e+04
   3.3773e+04
   3.3773e+04
   3.3773e+04
   3.3773e+04
   3.3773e+04
   3.3773e+04
   3.3773e+04
   3.3773e+04
   3.3773e+04
   3.3773e+04
   3.3773e+04
   3.3773e+04
   3.3773e+04
   3.3773e+04
   3.3773e+04
   3.3773e+04
   3.3773e+04
   3.3773e+04
   3.3773e+04
   3.3773e+04
   3.3773e+04
   3.3773e+04
   3.3773e+04
   3.3773e+04
   3.3773e+04
   3.3773e+04
   3.3773e+04
   3.3773e+04
   3.3773e+04
   3.3773e+04
   3.3773e+04
   3.3773e+04
   3.3773e+04
   3.3773e+04
   3.3773e+04
   3.3773e+04
   3.3773e+04
   3.3773e+04
   3.3773e+04
   3.3773e+04
   3.3773e+04
   3.3773e+04
   3.3773e+04
   3.3773e+04
   3.3773e+04
