  -2.8584e+03
  -2.8562e+03
  -2.8495e+03
  -2.8370e+03
  -2.8128e+03
  -2.4296e+03
  -2.6083e+03
  -2.6580e+03
  -2.7640e+03
  -2.6301e+03
  -2.4297e+03
  -2.3430e+03
  -2.1780e+03
  -2.0596e+03
  -2.0456e+03
  -1.9443e+03
  -1.7961e+03
  -1.6283e+03
  -1.6381e+03
  -1.5624e+03
  -1.4827e+03
  -1.3258e+03
  -1.2452e+03
  -1.1476e+03
  -1.1164e+03
  -9.8584e+02
  -9.4311e+02
  -8.2556e+02
  -7.6571e+02
  -5.8391e+02
  -4.9495e+02
  -2.8176e+02
  -2.5472e+02
  -1.1462e+02
   9.2244e+00
   5.0084e+01
   3.3346e+02
   1.9190e+02
   2.5230e+02
   2.7749e+02
   1.6864e+02
   3.6546e+02
   4.2683e+02
   4.7427e+02
   8.8584e+02
   1.0832e+03
   8.6592e+02
   6.9880e+02
   6.7220e+02
   3.7822e+02
   4.8161e+02
   3.8000e+02
   3.5962e+02
   4.5706e+02
   3.7775e+02
   2.6289e+02
   2.3505e+02
   2.6750e+02
   3.0690e+02
   3.7293e+02
   3.8647e+02
   3.2817e+02
   2.2535e+02
   2.2897e+02
   2.3658e+02
   2.4023e+02
   1.6961e+02
   4.7517e+01
   3.0557e+01
   2.1215e+01
   2.6879e+01
   4.6855e+01
   6.1032e+01
   5.9995e+01
  -6.6237e+01
  -6.2068e+01
  -5.2913e+01
  -4.0284e+01
  -2.2371e+01
  -9.4970e+01
  -1.8242e+02
  -1.7293e+02
  -1.5488e+02
  -1.3828e+02
  -1.2347e+02
  -1.6600e+02
  -2.2182e+02
  -2.6421e+02
  -2.4747e+02
  -2.3267e+02
  -2.2987e+02
  -2.2612e+02
  -2.2751e+02
  -2.2814e+02
  -2.2155e+02
  -2.0852e+02
  -2.0171e+02
  -2.0066e+02
  -1.9379e+02
  -1.8701e+02
  -1.8030e+02
  -1.7365e+02
  -1.6708e+02
  -1.6058e+02
  -1.5419e+02
  -1.3968e+02
  -1.3383e+02
  -1.2131e+02
  -1.1010e+02
  -1.0497e+02
  -1.0243e+02
  -9.7221e+01
  -9.2029e+01
  -8.6866e+01
  -8.1744e+01
  -7.6686e+01
  -6.9924e+01
  -6.5188e+01
  -6.0577e+01
  -5.7527e+01
  -5.1693e+01
  -4.7305e+01
  -4.1651e+01
  -3.4528e+01
  -7.9779e+01
  -4.5468e+00
  -5.8445e+00
  -2.5185e+00
   2.0464e+00
   7.3351e+00
   1.2502e+01
   1.8424e+01
  -1.3829e+01
  -1.0652e+01
  -7.4107e+00
  -4.0883e+00
  -6.7454e-01
   2.8324e+00
   6.2613e+00
  -2.0602e+01
  -1.8353e+01
  -1.6095e+01
  -1.3826e+01
  -1.1545e+01
  -9.0132e+00
  -6.7615e+00
  -4.4920e+00
  -2.2031e+00
   1.0643e-01
   2.4380e+00
   4.7924e+00
   7.1701e+00
   9.5716e+00
   1.1997e+01
   1.4085e+01
   1.6495e+01
   1.9922e+01
   2.2499e+01
   2.5091e+01
   2.7694e+01
   3.0306e+01
   3.2077e+01
   3.4625e+01
   1.1714e+01
   1.3676e+01
   1.5216e+01
   1.7104e+01
   1.8982e+01
   4.7159e-01
   2.1513e+00
   3.8190e+00
   5.4744e+00
   7.1176e+00
   8.7484e+00
   1.0367e+01
   1.1973e+01
   1.3567e+01
   1.5148e+01
   1.6717e+01
   1.8273e+01
   2.0367e+01
  -1.1669e+01
  -1.0669e+01
  -9.6836e+00
  -8.7134e+00
  -7.5362e+00
  -6.4379e+00
  -5.4121e+00
  -4.5730e+00
  -3.7464e+00
  -2.9319e+00
  -2.1293e+00
  -1.3381e+00
  -5.5804e-01
   2.1728e-01
   9.9765e-01
   1.7681e+00
   2.5291e+00
   3.2812e+00
   4.0250e+00
   4.7612e+00
   5.3419e+00
   6.0451e+00
   6.7426e+00
   7.4351e+00
