  -7.1459e+01
  -7.1459e+01
  -7.1459e+01
  -7.1459e+01
  -7.1459e+01
  -7.1459e+01
  -7.1459e+01
  -7.1459e+01
  -7.1459e+01
  -7.1459e+01
  -7.1459e+01
  -7.1459e+01
  -7.1459e+01
  -7.1459e+01
  -7.1459e+01
  -7.1459e+01
  -7.1459e+01
  -7.1459e+01
  -7.1459e+01
  -7.1459e+01
  -7.1459e+01
  -7.1460e+01
  -7.1460e+01
  -7.1460e+01
  -7.1460e+01
  -7.1460e+01
  -7.1460e+01
  -7.1460e+01
  -7.1460e+01
  -7.1460e+01
  -7.1460e+01
  -7.1460e+01
  -7.1460e+01
  -7.1460e+01
  -7.1460e+01
  -7.1460e+01
  -7.1460e+01
  -7.1460e+01
  -7.1460e+01
  -7.1460e+01
  -7.1460e+01
  -7.1460e+01
  -7.1460e+01
  -7.1460e+01
  -7.1460e+01
  -7.1460e+01
  -7.1460e+01
  -7.1460e+01
  -7.1461e+01
  -7.1461e+01
  -7.1461e+01
  -7.1461e+01
  -7.1461e+01
  -7.1461e+01
  -7.1461e+01
  -7.1461e+01
  -7.1461e+01
  -7.1462e+01
  -7.1462e+01
  -7.1462e+01
  -7.1462e+01
  -7.1463e+01
  -7.1463e+01
  -7.1464e+01
  -7.1464e+01
  -7.1465e+01
  -7.1466e+01
  -7.1468e+01
  -7.1470e+01
  -7.1473e+01
  -7.1477e+01
  -7.1486e+01
  -7.1502e+01
  -7.1542e+01
  -7.1691e+01
  -7.3297e+01
  -7.3513e+01
  -7.1713e+01
  -7.1557e+01
  -7.1515e+01
  -7.1499e+01
  -7.1491e+01
  -7.1487e+01
  -7.1485e+01
  -7.1484e+01
  -7.1484e+01
  -7.1485e+01
  -7.1486e+01
  -7.1490e+01
  -7.1495e+01
  -7.1506e+01
  -7.1529e+01
  -7.1595e+01
  -7.1933e+01
  -9.4842e+01
  -7.1520e+01
  -7.1144e+01
  -7.1083e+01
  -7.1064e+01
  -7.1059e+01
  -7.1059e+01
  -7.1065e+01
  -7.1081e+01
  -7.1124e+01
  -7.1303e+01
  -7.3745e+01
  -7.3344e+01
  -7.2034e+01
  -7.1863e+01
  -7.1811e+01
  -7.1789e+01
  -7.1779e+01
  -7.1774e+01
  -7.1772e+01
  -7.1774e+01
  -7.1778e+01
  -7.1788e+01
  -7.1807e+01
  -7.1849e+01
  -7.1975e+01
  -7.2701e+01
  -7.9097e+01
  -7.2157e+01
  -7.1826e+01
  -7.1750e+01
  -7.1723e+01
  -7.1712e+01
  -7.1710e+01
  -7.1714e+01
  -7.1727e+01
  -7.1758e+01
  -7.1849e+01
  -7.2361e+01
  -8.8809e+01
  -7.2650e+01
  -7.2358e+01
  -7.2703e+01
  -8.1547e+01
  -7.4299e+01
  -7.4343e+01
  -7.1850e+01
  -7.1673e+01
  -7.1699e+01
  -7.2034e+01
  -7.5281e+01
  -7.2797e+01
  -7.5132e+01
  -7.4675e+01
  -7.3386e+01
  -7.7289e+01
  -7.4089e+01
  -7.3369e+01
  -7.3268e+01
  -7.3273e+01
  -7.3371e+01
  -7.3686e+01
  -7.3998e+01
  -7.3953e+01
  -7.8596e+01
  -7.5885e+01
  -7.4790e+01
  -7.9021e+01
  -7.4784e+01
  -7.4454e+01
  -7.5405e+01
  -8.4691e+01
  -7.4623e+01
  -7.4123e+01
  -7.4027e+01
  -7.4053e+01
  -7.4261e+01
  -7.5690e+01
  -7.8542e+01
  -7.3693e+01
  -7.3437e+01
  -7.3571e+01
  -7.5544e+01
  -7.6432e+01
  -8.3316e+01
  -7.3834e+01
  -7.3494e+01
  -7.3440e+01
  -7.3493e+01
  -7.3799e+01
  -7.7927e+01
  -7.6707e+01
  -7.6026e+01
  -7.5294e+01
  -7.4758e+01
  -7.5055e+01
  -8.1228e+01
  -7.7256e+01
  -7.5607e+01
  -7.5652e+01
  -7.7855e+01
  -7.9522e+01
  -7.4858e+01
  -7.4511e+01
  -7.4527e+01
  -7.4905e+01
  -7.9160e+01
  -8.9231e+01
  -7.6019e+01
  -7.5351e+01
  -7.5278e+01
  -7.5501e+01
  -7.6533e+01
  -1.1778e+02
  -8.1587e+01
  -7.7048e+01
  -7.5707e+01
  -7.5539e+01
  -7.5758e+01
  -7.7162e+01
  -9.0122e+01
  -8.4014e+01
  -7.8240e+01
  -8.0474e+01
  -7.9815e+01
  -8.2286e+01
  -8.2360e+01
  -7.6526e+01
  -7.8354e+01
  -7.9149e+01
  -7.4699e+01
  -7.4344e+01
  -7.4479e+01
  -7.5785e+01
  -8.4395e+01
  -7.6224e+01
  -7.8480e+01
  -7.4029e+01
  -7.3703e+01
  -7.4780e+01
  -8.1749e+01
  -7.3414e+01
  -7.2961e+01
  -7.2853e+01
  -7.2839e+01
  -7.2913e+01
  -7.3272e+01
  -7.8237e+01
  -7.6276e+01
  -7.4452e+01
  -7.4504e+01
  -7.6871e+01
  -7.6536e+01
  -7.2962e+01
  -7.2671e+01
  -7.2594e+01
  -7.2573e+01
  -7.2595e+01
  -7.2702e+01
  -7.3054e+01
  -7.3574e+01
  -8.8282e+01
  -7.3573e+01
  -7.2974e+01
  -7.3270e+01
  -8.2729e+01
  -7.3087e+01
  -7.2733e+01
  -7.2850e+01
  -7.5058e+01
  -7.5713e+01
  -7.4106e+01
  -7.4477e+01
  -1.1867e+02
  -7.5310e+01
  -7.5314e+01
  -1.5008e+02
  -7.5958e+01
  -7.5582e+01
  -7.8261e+01
  -8.1491e+01
  -7.9866e+01
  -7.5900e+01
  -7.5746e+01
  -7.7321e+01
  -8.3894e+01
  -8.7817e+01
  -7.4640e+01
  -7.4114e+01
  -7.4633e+01
  -3.3438e+02
  -7.4292e+01
  -7.3685e+01
  -7.3589e+01
  -7.3646e+01
  -7.4084e+01
  -8.4510e+01
  -7.4622e+01
  -7.4091e+01
  -7.7761e+01
  -7.7447e+01
  -7.6008e+01
  -7.8743e+01
  -8.0663e+01
  -8.7495e+01
  -8.3276e+01
  -8.2683e+01
  -7.6415e+01
  -7.6252e+01
  -7.8509e+01
  -6.4108e+02
  -7.7545e+01
  -7.7121e+01
  -1.4826e+02
  -7.5937e+01
  -7.5286e+01
  -7.6024e+01
  -1.5362e+02
  -7.7453e+01
  -7.7947e+01
  -7.4756e+01
  -7.3742e+01
  -7.4828e+01
  -7.8206e+01
  -7.4201e+01
  -7.7198e+01
  -7.6552e+01
  -7.2682e+01
  -7.2552e+01
  -7.3321e+01
  -7.2989e+01
  -7.6829e+01
  -7.5515e+01
  -7.3503e+01
  -7.3176e+01
  -7.3569e+01
  -8.5499e+01
  -7.3955e+01
  -7.3043e+01
  -7.3001e+01
  -7.3532e+01
  -8.9733e+01
  -7.3659e+01
  -7.2868e+01
  -7.2741e+01
  -7.2865e+01
  -7.3856e+01
  -8.2892e+01
  -7.3586e+01
  -7.3038e+01
  -7.3088e+01
  -7.3486e+01
  -7.4374e+01
  -7.7396e+01
  -7.3475e+01
  -7.5369e+01
  -7.2690e+01
  -7.2628e+01
  -7.6367e+01
  -7.3002e+01
  -7.2426e+01
  -7.2985e+01
  -8.3975e+01
  -7.2686e+01
  -7.2261e+01
  -7.2168e+01
  -7.2161e+01
  -7.2220e+01
  -7.2407e+01
  -7.3157e+01
  -9.9594e+02
  -7.6220e+01
  -7.2891e+01
  -7.2512e+01
  -7.2683e+01
  -7.3370e+01
  -7.3016e+01
  -7.4925e+01
  -7.4560e+01
  -7.2463e+01
  -7.2285e+01
  -7.2661e+01
  -7.6459e+01
  -7.2822e+01
  -7.2488e+01
  -7.4371e+01
  -7.4796e+01
  -7.2430e+01
  -7.2185e+01
  -7.2122e+01
  -7.2115e+01
  -7.2191e+01
  -7.2624e+01
  -8.6939e+01
  -7.2684e+01
  -7.2128e+01
  -7.2122e+01
  -7.2055e+01
  -7.1932e+01
  -7.1884e+01
  -7.1923e+01
  -7.2143e+01
  -7.3894e+01
  -7.5620e+01
  -7.6057e+01
  -7.3181e+01
  -7.2408e+01
  -7.2287e+01
  -7.2354e+01
  -7.2770e+01
  -7.7462e+01
  -7.8247e+01
  -7.3591e+01
  -7.3238e+01
  -7.3913e+01
  -1.5250e+02
  -7.5352e+01
  -8.6933e+01
  -7.9898e+01
  -8.1647e+01
  -8.2214e+01
  -8.9997e+01
  -8.7633e+01
  -8.4361e+01
  -8.4566e+01
  -8.4148e+01
  -8.3447e+01
  -8.7858e+01
  -9.0002e+01
  -1.1663e+02
  -1.1096e+02
  -1.0621e+02
  -1.0222e+02
  -9.8733e+01
  -1.0083e+02
  -1.4877e+02
  -8.6883e+01
  -1.0202e+02
  -9.2099e+01
  -8.3777e+01
  -8.6116e+01
  -8.2361e+01
  -8.0650e+01
  -9.1082e+01
  -7.6078e+01
  -7.7236e+01
  -7.8709e+01
  -7.3860e+01
  -7.3619e+01
  -7.4399e+01
  -1.6500e+02
  -7.5519e+01
  -7.5366e+01
  -9.1217e+01
  -7.5801e+01
  -7.4885e+01
  -7.8567e+01
  -7.8739e+01
  -7.8559e+01
  -7.4790e+01
  -2.2311e+02
  -7.3419e+01
  -7.2790e+01
  -7.2907e+01
  -7.3711e+01
  -4.4335e+02
  -7.3456e+01
  -7.2696e+01
  -7.2672e+01
  -7.3456e+01
  -9.7898e+01
  -7.3723e+01
  -7.3266e+01
  -7.4134e+01
  -1.4611e+02
  -7.5178e+01
  -7.5137e+01
  -1.4833e+02
  -7.4358e+01
  -7.4802e+01
  -7.4815e+01
  -9.7077e+01
  -7.4805e+01
  -7.3403e+01
  -7.3295e+01
  -7.3956e+01
  -1.0165e+02
  -7.4180e+01
  -7.3856e+01
  -7.4832e+01
  -8.6366e+01
  -7.5217e+01
  -7.4651e+01
  -7.5323e+01
  -8.0016e+01
  -7.3572e+01
  -7.3161e+01
  -7.3193e+01
  -7.4719e+01
  -7.5290e+01
  -7.2149e+01
  -7.1900e+01
  -7.1793e+01
  -7.1723e+01
  -7.1697e+01
  -7.1709e+01
  -7.1764e+01
  -7.1936e+01
  -7.3009e+01
  -7.4688e+01
  -7.1555e+01
  -7.1605e+01
  -7.1976e+01
  -7.1734e+01
  -7.1512e+01
  -7.1349e+01
  -7.1257e+01
  -7.1262e+01
  -7.1211e+01
  -7.1103e+01
  -7.1031e+01
  -7.0992e+01
  -7.0970e+01
  -7.0957e+01
  -7.0952e+01
  -7.0952e+01
  -7.0958e+01
  -7.0970e+01
  -7.0992e+01
  -7.1039e+01
  -7.1169e+01
  -7.1635e+01
  -7.2248e+01
  -7.1445e+01
  -7.1166e+01
  -7.1110e+01
  -7.1121e+01
  -7.1158e+01
  -7.1205e+01
  -7.1253e+01
  -7.1271e+01
  -7.1234e+01
  -7.1197e+01
  -7.1230e+01
  -7.1596e+01
  -2.0471e+02
  -7.2330e+01
  -7.1843e+01
  -7.1776e+01
  -7.1877e+01
  -7.2023e+01
  -7.1861e+01
  -7.1828e+01
  -7.1919e+01
  -7.2292e+01
  -8.2289e+01
  -7.2521e+01
  -7.1839e+01
  -7.1699e+01
  -7.1645e+01
  -7.1624e+01
  -7.1624e+01
  -7.1644e+01
  -7.1691e+01
  -7.1791e+01
  -7.2116e+01
  -7.6878e+01
  -7.3529e+01
  -7.2520e+01
  -7.2393e+01
  -7.2508e+01
  -7.3300e+01
  -7.4157e+01
  -7.9575e+01
  -7.4901e+01
  -7.5133e+01
  -7.3879e+01
  -7.3798e+01
  -9.0787e+01
  -8.2050e+01
  -7.3772e+01
  -7.2682e+01
  -7.2426e+01
  -7.2396e+01
  -7.2614e+01
  -7.4822e+01
  -7.5052e+01
  -7.2685e+01
  -7.2604e+01
  -7.3374e+01
  -7.2883e+01
  -7.2981e+01
  -8.2591e+01
  -7.3513e+01
  -7.3192e+01
  -7.5100e+01
  -7.2792e+01
  -7.2954e+01
  -7.4388e+01
  -7.7675e+01
  -7.2555e+01
  -7.2202e+01
  -7.2172e+01
  -7.2557e+01
  -7.4446e+01
  -7.2445e+01
  -7.2125e+01
  -7.2292e+01
  -7.4818e+01
  -7.5432e+01
  -7.1953e+01
  -7.1877e+01
  -7.1862e+01
  -7.1802e+01
  -7.1872e+01
  -7.2207e+01
  -7.2960e+01
  -7.1954e+01
  -7.1849e+01
  -7.2304e+01
  -7.9477e+01
  -7.2816e+01
  -7.2241e+01
  -7.2016e+01
  -7.2110e+01
  -7.2664e+01
  -7.3119e+01
  -7.2376e+01
  -7.2016e+01
  -7.2028e+01
  -7.2120e+01
  -7.1880e+01
  -7.1708e+01
  -7.1655e+01
  -7.1646e+01
  -7.1653e+01
  -7.1675e+01
  -7.1747e+01
  -7.2049e+01
  -7.2645e+01
  -7.2888e+01
  -7.2173e+01
  -7.1920e+01
  -7.2382e+01
  -7.2860e+01
  -7.2248e+01
  -7.2609e+01
  -7.5730e+01
  -7.1699e+01
  -7.1871e+01
  -7.1832e+01
  -7.1694e+01
  -7.2756e+01
  -7.3141e+01
  -7.2020e+01
  -7.2027e+01
  -7.2269e+01
  -7.3448e+01
  -7.3041e+01
  -7.1597e+01
  -7.1414e+01
  -7.1407e+01
  -7.1499e+01
  -7.1774e+01
  -7.2460e+01
  -7.2777e+01
  -7.2313e+01
  -7.2083e+01
  -7.1870e+01
  -7.1774e+01
  -7.1744e+01
  -7.1565e+01
  -7.1410e+01
  -7.1320e+01
  -7.1273e+01
  -7.1250e+01
  -7.1238e+01
  -7.1231e+01
  -7.1234e+01
  -7.1285e+01
  -7.1452e+01
  -7.1499e+01
  -7.1342e+01
  -7.1331e+01
  -7.1472e+01
  -7.1766e+01
  -7.2023e+01
  -7.1927e+01
  -7.2205e+01
  -7.2290e+01
  -7.1718e+01
  -7.1466e+01
  -7.1379e+01
  -7.1351e+01
  -7.1332e+01
  -7.1308e+01
  -7.1295e+01
  -7.1295e+01
  -7.1284e+01
  -7.1261e+01
  -7.1242e+01
  -7.1232e+01
  -7.1230e+01
  -7.1234e+01
  -7.1247e+01
  -7.1282e+01
  -7.1366e+01
  -7.1537e+01
  -7.1763e+01
  -7.1906e+01
  -7.2276e+01
  -7.2772e+01
  -7.1779e+01
  -7.1443e+01
  -7.1342e+01
  -7.1278e+01
  -7.1218e+01
  -7.1174e+01
  -7.1146e+01
  -7.1130e+01
  -7.1124e+01
  -7.1126e+01
  -7.1138e+01
  -7.1162e+01
  -7.1194e+01
  -7.1247e+01
  -7.1443e+01
  -7.5941e+01
  -7.2623e+01
  -7.2745e+01
  -7.2333e+01
  -7.2274e+01
  -7.3041e+01
  -7.2906e+01
  -7.2136e+01
  -7.1947e+01
  -7.1949e+01
  -7.2041e+01
  -7.2015e+01
  -7.1857e+01
  -7.1746e+01
  -7.1697e+01
  -7.1690e+01
  -7.1742e+01
  -7.2092e+01
  -7.5348e+01
  -7.2059e+01
  -7.1775e+01
  -7.1751e+01
  -7.1812e+01
  -7.2059e+01
  -7.4234e+01
  -7.4199e+01
  -7.2310e+01
  -7.2114e+01
  -7.2190e+01
  -7.2810e+01
  -7.2519e+01
  -7.2121e+01
  -7.2033e+01
  -7.2027e+01
  -7.2084e+01
  -7.2255e+01
  -7.2874e+01
  -7.8843e+01
  -7.3419e+01
  -7.2665e+01
  -7.2319e+01
  -7.2159e+01
  -7.2092e+01
  -7.2060e+01
  -7.2048e+01
  -7.2058e+01
  -7.2117e+01
  -7.2348e+01
  -7.4081e+01
  -7.5013e+01
  -7.2411e+01
  -7.2112e+01
  -7.2029e+01
  -7.1999e+01
  -7.1991e+01
  -7.1997e+01
  -7.2020e+01
  -7.2076e+01
  -7.2224e+01
  -7.2859e+01
  -7.9277e+01
  -7.3172e+01
  -7.2745e+01
  -7.2526e+01
  -7.2288e+01
  -7.2175e+01
  -7.2135e+01
  -7.2137e+01
  -7.2184e+01
  -7.2345e+01
  -7.3168e+01
  -7.8526e+01
  -7.2905e+01
  -7.2662e+01
  -7.2552e+01
  -7.2303e+01
  -7.2212e+01
  -7.2180e+01
  -7.2166e+01
  -7.2197e+01
  -7.2324e+01
  -7.2891e+01
  -8.0015e+01
  -7.3252e+01
  -7.2642e+01
  -7.2646e+01
  -7.2760e+01
  -7.2720e+01
  -7.2661e+01
  -7.2789e+01
  -7.3029e+01
  -7.3297e+01
  -7.7164e+01
  -7.4017e+01
  -7.2957e+01
  -7.2742e+01
  -7.2661e+01
  -7.2666e+01
  -7.2815e+01
  -7.3152e+01
  -7.3991e+01
  -7.6390e+01
  -7.3420e+01
  -7.3224e+01
  -7.4194e+01
  -7.4847e+01
  -7.4131e+01
  -7.3792e+01
  -7.3770e+01
  -7.5019e+01
  -7.4775e+01
  -7.3991e+01
  -7.4165e+01
  -7.3051e+01
  -7.2858e+01
  -7.2867e+01
  -7.3024e+01
  -7.3470e+01
  -7.4629e+01
  -7.3752e+01
  -7.3035e+01
  -7.2831e+01
  -7.2821e+01
  -7.3014e+01
  -7.3484e+01
  -7.3796e+01
  -7.4866e+01
  -7.4875e+01
  -7.3616e+01
  -7.3316e+01
  -7.3397e+01
  -7.3387e+01
  -7.3121e+01
  -7.3096e+01
  -7.3434e+01
  -7.4454e+01
  -7.3918e+01
  -7.3160e+01
  -7.2913e+01
  -7.2840e+01
  -7.2850e+01
  -7.2929e+01
  -7.3145e+01
  -7.3801e+01
  -7.4609e+01
  -7.3862e+01
  -7.5043e+01
  -7.4600e+01
  -7.3562e+01
  -7.4342e+01
  -7.4446e+01
  -7.4007e+01
  -7.4926e+01
  -7.4231e+01
  -7.3385e+01
  -7.3099e+01
  -7.3010e+01
  -7.3016e+01
  -7.3133e+01
  -7.3524e+01
  -7.4502e+01
  -7.4121e+01
  -7.3392e+01
  -7.3150e+01
  -7.3082e+01
  -7.3123e+01
  -7.3294e+01
  -7.3774e+01
  -7.5169e+01
  -7.6320e+01
  -7.3935e+01
  -7.3333e+01
  -7.3163e+01
  -7.3128e+01
  -7.3206e+01
  -7.3510e+01
  -7.4231e+01
  -7.4149e+01
  -7.3462e+01
  -7.3186e+01
  -7.3117e+01
  -7.3169e+01
  -7.3373e+01
  -7.3884e+01
  -7.4675e+01
  -7.4577e+01
  -7.4043e+01
  -7.3799e+01
  -7.5281e+01
  -7.5841e+01
  -7.4879e+01
  -7.4662e+01
  -7.3428e+01
  -7.3170e+01
  -7.2457e+01
  -7.2073e+01
  -7.2001e+01
  -7.2143e+01
  -7.2551e+01
  -7.2968e+01
  -7.2842e+01
  -7.3884e+01
  -7.5666e+01
  -7.2875e+01
  -7.1807e+01
  -7.1655e+01
  -7.1785e+01
  -7.2203e+01
  -7.2304e+01
  -7.1957e+01
  -7.2529e+01
  -7.3769e+01
  -7.1695e+01
  -7.1714e+01
  -7.2110e+01
  -7.2082e+01
  -7.1631e+01
  -7.1377e+01
  -7.1315e+01
  -7.1407e+01
  -7.1697e+01
  -7.2125e+01
  -7.2012e+01
  -7.1568e+01
  -7.1333e+01
  -7.1284e+01
  -7.1399e+01
  -7.1733e+01
  -7.2135e+01
  -7.1904e+01
  -7.1496e+01
  -7.1315e+01
  -7.1312e+01
  -7.1486e+01
  -7.1889e+01
  -7.2191e+01
  -7.1851e+01
  -7.1526e+01
  -7.1438e+01
  -7.1543e+01
  -7.1887e+01
  -7.2620e+01
  -7.3547e+01
  -7.2425e+01
  -7.1914e+01
  -7.3590e+01
  -7.2960e+01
  -7.2517e+01
  -7.3197e+01
  -7.4057e+01
  -7.2573e+01
  -7.1979e+01
  -7.1865e+01
  -7.2004e+01
  -7.2388e+01
  -7.2608e+01
  -7.2225e+01
  -7.1896e+01
  -7.1791e+01
  -7.1869e+01
  -7.2165e+01
  -7.2600e+01
  -7.2536e+01
  -7.2234e+01
  -7.2589e+01
  -7.4572e+01
  -7.2435e+01
  -7.2518e+01
  -7.2663e+01
  -7.2263e+01
  -7.1931e+01
  -7.1826e+01
  -7.1915e+01
  -7.2228e+01
  -7.2617e+01
  -7.2428e+01
  -7.2029e+01
  -7.1848e+01
  -7.1869e+01
  -7.2101e+01
  -7.2521e+01
