  -2.8584e+03
  -2.8582e+03
  -2.8578e+03
  -2.8571e+03
  -2.8561e+03
  -2.8432e+03
  -2.8444e+03
  -2.8455e+03
  -2.8467e+03
  -2.8442e+03
  -2.8412e+03
  -2.8378e+03
  -2.8340e+03
  -2.8295e+03
  -2.8245e+03
  -2.8185e+03
  -2.8111e+03
  -2.8007e+03
  -2.7796e+03
  -2.7847e+03
  -2.7761e+03
  -2.7652e+03
  -2.7484e+03
  -2.6628e+03
  -2.7450e+03
  -2.7232e+03
  -2.7361e+03
  -2.7220e+03
  -2.7070e+03
  -2.6900e+03
  -2.6698e+03
  -2.6420e+03
  -2.5824e+03
  -2.5566e+03
  -2.6687e+03
  -2.4315e+03
  -2.5255e+03
  -2.5973e+03
  -2.5415e+03
  -2.4646e+03
  -2.4869e+03
  -2.4315e+03
  -2.3396e+03
  -2.2979e+03
  -2.2613e+03
  -2.2928e+03
  -2.2693e+03
  -2.1736e+03
  -2.1450e+03
  -2.1029e+03
  -2.0620e+03
  -1.9850e+03
  -2.1486e+03
  -2.0298e+03
  -1.9076e+03
  -1.8522e+03
  -1.8375e+03
  -1.8687e+03
  -1.8547e+03
  -1.8288e+03
  -1.8748e+03
  -1.8356e+03
  -1.7864e+03
  -1.7274e+03
  -1.7379e+03
  -1.7217e+03
  -1.7417e+03
  -1.6415e+03
  -1.6318e+03
  -1.5504e+03
  -1.6099e+03
  -1.5963e+03
  -1.5681e+03
  -1.5731e+03
  -1.6018e+03
  -1.5368e+03
  -1.5345e+03
  -1.5165e+03
  -1.4847e+03
  -1.4069e+03
  -1.3729e+03
  -1.4486e+03
  -1.4146e+03
  -1.2865e+03
  -1.3542e+03
  -1.3430e+03
  -1.3218e+03
  -1.2381e+03
  -1.2226e+03
  -1.1969e+03
  -1.1773e+03
  -1.1803e+03
  -1.1677e+03
  -1.1448e+03
  -1.1080e+03
  -1.1311e+03
  -1.0409e+03
  -1.0189e+03
  -9.7836e+02
  -9.6071e+02
  -9.6097e+02
  -9.4961e+02
  -9.3170e+02
  -9.0907e+02
  -8.8304e+02
  -8.5187e+02
  -8.1186e+02
  -7.7318e+02
  -7.1760e+02
  -7.1903e+02
  -6.9638e+02
  -6.6622e+02
  -6.3343e+02
  -5.9905e+02
  -5.6196e+02
  -5.1556e+02
  -5.0392e+02
  -4.7151e+02
  -4.6563e+02
  -4.4291e+02
  -4.1070e+02
  -4.5202e+02
  -4.2926e+02
  -4.1289e+02
  -3.9192e+02
  -3.5060e+02
  -3.0772e+02
  -2.7481e+02
  -2.5994e+02
  -2.6640e+02
  -1.9808e+02
  -3.1515e+02
  -2.0341e+02
  -1.6337e+02
  -8.8204e+01
  -1.6390e+01
   1.8110e+01
  -1.2136e+02
  -7.9822e+01
  -9.8541e+01
  -6.3323e+01
  -2.2907e+01
   1.9324e+01
   2.8131e+01
   3.6440e+01
   1.1423e+02
   7.1564e+01
   1.7140e+01
   1.5561e+01
   1.5066e+02
   4.7750e+01
   7.1404e+01
   1.2328e+02
   1.9587e+02
   2.8386e+02
   3.3712e+02
   4.6254e+02
   1.7908e+02
   1.6157e+02
   3.3142e+02
   3.0730e+02
   3.3844e+02
   8.2738e+02
   7.5622e+02
   6.1458e+02
   5.2761e+02
   4.6866e+02
   3.6613e+02
   3.2496e+02
   3.3161e+02
   5.3756e+02
   4.0484e+02
   5.7154e+02
   5.8428e+02
   6.3607e+02
   8.3503e+02
   7.7550e+02
   7.4763e+02
   6.9219e+02
   6.0051e+02
   6.9573e+02
   6.9091e+02
   5.5524e+02
   5.1488e+02
   6.5845e+02
   8.0275e+02
   6.4313e+02
   6.4006e+02
   6.4839e+02
   6.7779e+02
   7.3525e+02
   7.8629e+02
   6.4281e+02
   6.3062e+02
   5.5407e+02
   5.4816e+02
   3.4397e+02
   2.3974e+02
   2.2428e+02
  -2.3911e+00
  -9.4310e-01
   7.8754e+01
   8.4350e+01
   1.5133e+02
   2.6986e+02
   1.3016e+02
   2.4317e+02
   2.7171e+02
   2.5752e+02
   3.1307e+02
   3.2777e+02
   4.0782e+02
   2.6666e+02
   1.8659e+02
   1.7460e+02
   2.7276e+02
   4.1561e+02
   2.2361e+02
   2.4377e+02
   2.4399e+02
   3.3735e+02
   3.5052e+02
   4.9018e+02
   3.5374e+02
   2.7895e+02
   4.0295e+02
   5.3871e+02
   5.6293e+02
   5.9266e+02
   6.0735e+02
   5.9690e+02
   3.4198e+02
   3.2423e+02
   2.4147e+02
   2.0331e+02
   1.8335e+02
   1.7809e+02
   1.8796e+02
   2.1675e+02
   2.6188e+02
   1.5697e+02
   4.3890e+02
   2.1418e+02
   1.9161e+02
   4.8673e+01
   1.3761e+02
   1.2692e+02
   9.8491e+01
   6.9668e+01
   2.0327e+01
   2.3333e+01
  -1.1161e+01
  -4.1390e+01
   1.6243e+01
  -1.4254e+02
  -2.6284e+02
  -2.8011e+02
  -2.6768e+02
  -2.7506e+02
  -1.8966e+02
  -2.2941e+02
  -2.6005e+02
  -2.7603e+02
  -2.7640e+02
  -1.8222e+02
  -1.9592e+02
  -2.4381e+02
  -2.8604e+02
  -3.1668e+02
  -2.9905e+02
  -2.8440e+02
  -4.0346e+02
  -4.2145e+02
  -4.3790e+02
  -5.3759e+02
  -5.4898e+02
  -5.5826e+02
  -5.6666e+02
  -5.7342e+02
  -4.7346e+02
  -4.6534e+02
  -5.9691e+02
  -6.0898e+02
  -4.6593e+02
  -3.0330e+02
  -3.3106e+02
  -3.5258e+02
  -3.0351e+02
  -3.1506e+02
  -3.2355e+02
  -2.8565e+02
  -2.9437e+02
  -3.0204e+02
  -3.0808e+02
  -3.1178e+02
  -3.1347e+02
  -3.1284e+02
  -3.1010e+02
  -3.0451e+02
  -2.3594e+02
  -3.3532e+02
  -4.5085e+02
  -6.1264e+02
  -5.9227e+02
  -4.0722e+02
  -4.2913e+02
  -4.3976e+02
  -4.1748e+02
  -4.4430e+02
  -4.6366e+02
  -4.7497e+02
  -4.8087e+02
  -4.8285e+02
  -4.8142e+02
  -4.7500e+02
  -4.5800e+02
  -5.1232e+02
  -5.7438e+02
  -5.6662e+02
  -5.9593e+02
  -5.7836e+02
  -4.7292e+02
  -4.7971e+02
  -4.8758e+02
  -4.2516e+02
  -4.2362e+02
  -3.7794e+02
  -3.6673e+02
  -3.6395e+02
  -4.3908e+02
  -4.3842e+02
  -4.3737e+02
  -4.3555e+02
  -2.8641e+02
  -2.8471e+02
  -2.7892e+02
  -2.5933e+02
  -1.4101e+02
  -2.8009e+02
  -2.8107e+02
  -2.1047e+02
  -2.1056e+02
  -2.0896e+02
  -2.0407e+02
  -3.0022e+02
  -3.0303e+02
  -2.9879e+02
  -1.3133e+02
  -8.3123e+01
  -3.1448e+02
  -3.3324e+02
  -3.4490e+02
  -3.5411e+02
  -3.6079e+02
  -3.6599e+02
  -2.8797e+02
  -2.9359e+02
  -2.5929e+02
  -2.6367e+02
  -2.6724e+02
  -3.3918e+02
  -3.4340e+02
  -3.4725e+02
  -3.1208e+02
  -3.1533e+02
  -3.1786e+02
  -3.2042e+02
  -2.9648e+02
  -3.2404e+02
  -3.3278e+02
  -3.3391e+02
  -3.3490e+02
  -3.3527e+02
  -3.3536e+02
  -3.3491e+02
  -3.3422e+02
  -3.3293e+02
  -3.3136e+02
  -3.2942e+02
  -3.2747e+02
  -2.5663e+02
  -2.5586e+02
  -2.5450e+02
  -2.5416e+02
  -2.5297e+02
  -2.5229e+02
  -2.5025e+02
  -2.4794e+02
  -2.4353e+02
  -2.3941e+02
  -2.3797e+02
  -2.4065e+02
  -2.4516e+02
  -2.4852e+02
  -2.5027e+02
  -2.5050e+02
  -2.5139e+02
  -2.5396e+02
  -2.5895e+02
  -2.6489e+02
  -2.7060e+02
  -2.7551e+02
  -2.7890e+02
  -2.8149e+02
  -2.8200e+02
  -2.8027e+02
  -2.6807e+02
  -2.3435e+02
  -2.7973e+02
  -3.2097e+02
  -3.3547e+02
  -3.4063e+02
  -3.4315e+02
  -3.4678e+02
  -3.4880e+02
  -3.5171e+02
  -3.5313e+02
  -3.5578e+02
  -3.5632e+02
  -3.5785e+02
  -3.5779e+02
  -3.5935e+02
  -3.5845e+02
  -3.5902e+02
  -3.5768e+02
  -3.5838e+02
  -3.5726e+02
  -3.2420e+02
  -3.2437e+02
  -3.2734e+02
  -3.2870e+02
  -3.3159e+02
  -3.3251e+02
  -3.3475e+02
  -3.3462e+02
  -3.3481e+02
  -3.5928e+02
  -3.6022e+02
  -3.2287e+02
  -2.9551e+02
  -3.8146e+02
  -3.2831e+02
  -3.3171e+02
  -3.3599e+02
  -3.3762e+02
  -3.4085e+02
  -3.4035e+02
  -3.4141e+02
  -3.3911e+02
  -3.3866e+02
  -3.3479e+02
  -3.3254e+02
  -2.7832e+02
  -2.7964e+02
  -2.7834e+02
  -2.7954e+02
  -3.1854e+02
  -3.8814e+02
  -3.9110e+02
  -3.9654e+02
  -3.9879e+02
  -4.0319e+02
  -4.0361e+02
  -4.0559e+02
  -4.0270e+02
  -3.4042e+02
  -3.3644e+02
  -4.0071e+02
  -4.0393e+02
  -4.1066e+02
  -3.4930e+02
  -3.6410e+02
  -3.7612e+02
  -3.8882e+02
  -3.9683e+02
  -4.0466e+02
  -4.0811e+02
  -4.1247e+02
  -4.1316e+02
  -4.1498e+02
  -4.1455e+02
  -4.1643e+02
  -4.1594e+02
  -4.1744e+02
  -4.1742e+02
  -4.2052e+02
  -4.2059e+02
  -4.2352e+02
  -4.2412e+02
  -4.2826e+02
  -4.2905e+02
  -4.3267e+02
  -4.3346e+02
  -4.3747e+02
  -4.3798e+02
  -4.4092e+02
  -4.4100e+02
  -4.4429e+02
  -4.4365e+02
  -4.4574e+02
  -4.4460e+02
  -4.4704e+02
  -4.4498e+02
  -4.4610e+02
  -4.4338e+02
  -4.4426e+02
  -4.4058e+02
  -4.3991e+02
  -4.3497e+02
  -4.3303e+02
  -4.2584e+02
  -4.1984e+02
  -4.0556e+02
  -3.7816e+02
  -4.6597e+02
  -4.7123e+02
  -4.7087e+02
  -4.7479e+02
  -4.7485e+02
  -4.7784e+02
  -4.7763e+02
  -4.5152e+02
  -4.5077e+02
  -4.5287e+02
  -4.5159e+02
  -5.1343e+02
  -5.1238e+02
  -5.1377e+02
  -5.1229e+02
  -5.1455e+02
  -5.1251e+02
  -5.1321e+02
  -5.1091e+02
  -5.1257e+02
  -5.0985e+02
  -5.1023e+02
  -5.0740e+02
  -5.0864e+02
  -5.0577e+02
  -5.0597e+02
  -5.0306e+02
  -5.0422e+02
  -5.0117e+02
  -5.0114e+02
  -4.9799e+02
  -4.9868e+02
  -4.9543e+02
  -4.9500e+02
  -4.9169e+02
  -4.9219e+02
  -4.8869e+02
  -4.8859e+02
  -4.8535e+02
  -4.8634e+02
  -4.8322e+02
  -4.8391e+02
  -4.8105e+02
  -4.8231e+02
  -4.2335e+02
  -4.2453e+02
  -4.2200e+02
  -4.2298e+02
  -4.1961e+02
  -4.1851e+02
  -4.1338e+02
  -4.1054e+02
  -4.0210e+02
  -3.9504e+02
  -3.8784e+02
  -3.9023e+02
  -3.9458e+02
  -3.7405e+02
  -3.7917e+02
  -3.8610e+02
  -3.8813e+02
  -3.9169e+02
  -3.9227e+02
  -3.9587e+02
  -3.5384e+02
  -3.5649e+02
  -3.5673e+02
  -3.6020e+02
  -3.6021e+02
  -3.6205e+02
  -3.6178e+02
  -3.6452e+02
  -3.6351e+02
  -3.6313e+02
  -3.5803e+02
  -3.4578e+02
  -3.1784e+02
  -3.0241e+02
  -3.1505e+02
  -3.2826e+02
  -3.1623e+02
  -3.0627e+02
  -2.9884e+02
  -2.6014e+02
  -2.5944e+02
  -2.5647e+02
  -2.5194e+02
  -2.5616e+02
  -2.7955e+02
  -2.8110e+02
  -2.8155e+02
  -2.6172e+02
  -2.6231e+02
  -2.6411e+02
  -2.6500e+02
  -2.6877e+02
  -2.6977e+02
  -2.7137e+02
  -2.7208e+02
  -2.7542e+02
  -2.7547e+02
  -2.7650e+02
  -2.7595e+02
  -2.7815e+02
  -2.7691e+02
  -2.7676e+02
  -2.7473e+02
  -2.7532e+02
  -2.7305e+02
  -2.7219e+02
  -2.7104e+02
  -2.7383e+02
  -2.7508e+02
  -2.7817e+02
  -2.8034e+02
  -2.8499e+02
  -2.8668e+02
  -2.8908e+02
  -3.3304e+02
  -3.3701e+02
  -3.3811e+02
  -3.4002e+02
  -3.4073e+02
  -3.4339e+02
  -3.4409e+02
  -3.4486e+02
  -3.4527e+02
  -3.4735e+02
  -3.4721e+02
  -3.4744e+02
  -3.4696e+02
  -3.4820e+02
  -3.4737e+02
  -3.4675e+02
  -3.4552e+02
  -3.4550e+02
  -3.4415e+02
  -3.4210e+02
  -3.4040e+02
  -3.3958e+02
  -3.3694e+02
  -3.7409e+02
  -3.7136e+02
  -3.7013e+02
  -3.6652e+02
  -3.6303e+02
  -3.5801e+02
  -3.5307e+02
  -3.4243e+02
  -3.1905e+02
  -3.1019e+02
  -3.6052e+02
  -3.5997e+02
  -3.5959e+02
  -3.5913e+02
  -3.6022e+02
  -3.5944e+02
  -3.5882e+02
  -3.5778e+02
  -3.5832e+02
  -3.5707e+02
  -3.5599e+02
  -3.5461e+02
  -3.5480e+02
  -3.5319e+02
  -3.5151e+02
  -3.4897e+02
  -3.4678e+02
  -3.4121e+02
  -3.5395e+02
  -3.2542e+02
  -3.6660e+02
  -3.6493e+02
  -3.6315e+02
  -3.6089e+02
  -3.3650e+02
  -3.3364e+02
  -3.3169e+02
  -3.2852e+02
  -3.2832e+02
  -3.2529e+02
  -3.2376e+02
  -3.2069e+02
  -3.1983e+02
  -3.1473e+02
  -3.0914e+02
  -2.9930e+02
  -2.8473e+02
  -2.5942e+02
  -3.6231e+02
  -3.8591e+02
  -3.9041e+02
  -3.8923e+02
  -3.8711e+02
  -3.8529e+02
  -3.8547e+02
  -3.8345e+02
  -3.8186e+02
  -3.8004e+02
  -3.4021e+02
  -3.4054e+02
  -3.4121e+02
  -3.4117e+02
  -3.4345e+02
  -3.4301e+02
  -3.4295e+02
  -3.4232e+02
  -3.4341e+02
  -3.4300e+02
  -3.4184e+02
  -3.0132e+02
  -3.0291e+02
  -3.0215e+02
  -3.0168e+02
  -3.0089e+02
  -3.0220e+02
  -3.0142e+02
  -3.0049e+02
  -2.9975e+02
  -3.0064e+02
  -2.9993e+02
  -2.9897e+02
  -2.9829e+02
  -2.9876e+02
  -2.9826e+02
  -2.9707e+02
  -2.9654e+02
  -2.9670e+02
  -2.9620e+02
  -2.9462e+02
  -2.9371e+02
  -2.9249e+02
  -2.8738e+02
  -2.4693e+02
  -2.8514e+02
  -2.8438e+02
  -2.8302e+02
  -2.8039e+02
  -2.7876e+02
  -2.7744e+02
  -2.7519e+02
  -2.7220e+02
  -2.6942e+02
  -2.6688e+02
  -2.6339e+02
  -2.5864e+02
  -2.5391e+02
  -2.4868e+02
  -2.4180e+02
  -2.0483e+02
  -1.9417e+02
  -1.6421e+02
  -1.4916e+02
  -1.3501e+02
  -1.2639e+02
  -1.2534e+02
  -1.2590e+02
  -1.2310e+02
  -1.9459e+02
  -1.7435e+02
  -1.6348e+02
  -2.1142e+02
  -2.0989e+02
  -2.0935e+02
  -2.0588e+02
  -2.0345e+02
  -1.9933e+02
  -1.9722e+02
  -1.9330e+02
  -1.9093e+02
  -1.8763e+02
  -1.8654e+02
  -1.8428e+02
  -1.8365e+02
  -1.8247e+02
  -1.8364e+02
  -1.8262e+02
  -1.8354e+02
  -1.8267e+02
  -1.8408e+02
  -1.8301e+02
  -1.8374e+02
  -1.8252e+02
  -1.8345e+02
  -1.8204e+02
  -1.8234e+02
  -1.8077e+02
  -1.8139e+02
  -1.7964e+02
  -1.7931e+02
  -1.7738e+02
  -1.7742e+02
  -1.7533e+02
  -1.7420e+02
  -1.7177e+02
  -1.7101e+02
  -1.6815e+02
  -1.6543e+02
  -1.6167e+02
  -1.5892e+02
  -1.9386e+02
  -1.9217e+02
  -1.9048e+02
  -1.9330e+02
  -1.9844e+02
  -2.0814e+02
  -2.1662e+02
  -2.2119e+02
  -2.2121e+02
  -2.2130e+02
  -2.2179e+02
  -2.2380e+02
  -2.2370e+02
  -2.2289e+02
  -2.2230e+02
  -2.2330e+02
  -2.2219e+02
  -2.2087e+02
  -2.1953e+02
  -2.1989e+02
  -2.1834e+02
  -2.1647e+02
  -2.1474e+02
  -2.1456e+02
  -2.1275e+02
  -2.1051e+02
  -2.0864e+02
  -2.0784e+02
  -2.0595e+02
  -2.0386e+02
  -2.0192e+02
  -2.0089e+02
  -1.9889e+02
  -1.9649e+02
  -1.9435e+02
  -1.9291e+02
  -1.9048e+02
  -1.8752e+02
  -1.8463e+02
  -1.8218e+02
  -1.7857e+02
  -1.7418e+02
  -1.6926e+02
  -1.6419e+02
  -1.5619e+02
  -1.4494e+02
  -1.2689e+02
  -1.0188e+02
  -1.0378e+02
  -1.1591e+02
  -1.3340e+02
  -1.4382e+02
  -1.1882e+02
  -1.2094e+02
  -1.2216e+02
  -1.2279e+02
  -1.1973e+02
  -1.1332e+02
  -1.0514e+02
  -1.1079e+02
  -1.2812e+02
  -1.3606e+02
  -1.1560e+02
  -9.5548e+01
  -9.3114e+01
  -9.5432e+01
  -9.7022e+01
  -1.0875e+02
  -1.6582e+02
  -1.6537e+02
  -1.4267e+02
  -1.0414e+02
  -1.0214e+02
  -1.0774e+02
  -1.1284e+02
  -1.1762e+02
  -1.1978e+02
  -1.2063e+02
  -1.2163e+02
  -1.2354e+02
  -1.2379e+02
  -1.2328e+02
  -1.2314e+02
  -1.2458e+02
  -1.2362e+02
  -1.2266e+02
  -1.2143e+02
  -1.2193e+02
  -1.2041e+02
  -1.1869e+02
  -1.1678e+02
  -1.1637e+02
  -1.1384e+02
  -1.1035e+02
  -1.0663e+02
  -1.0356e+02
  -9.7238e+01
  -8.8999e+01
  -8.1676e+01
  -8.4347e+01
  -1.0051e+02
  -1.1203e+02
  -9.1167e+01
  -7.3291e+01
  -6.8755e+01
  -6.8578e+01
  -6.4943e+01
  -1.0563e+02
  -2.5138e+01
  -9.0518e+01
  -9.1871e+01
  -9.3539e+01
  -9.4027e+01
  -9.2381e+01
  -9.2275e+01
