  -2.8961e+04
  -2.8961e+04
  -2.8961e+04
  -2.8961e+04
  -2.8424e+04
  -2.6831e+04
  -2.7065e+04
  -8.7529e+03
   3.6290e+04
   6.8390e+04
   6.8249e+04
   7.0501e+04
   7.5364e+04
   7.6258e+04
   7.9584e+04
   8.0601e+04
   8.3252e+04
   8.3023e+04
   8.2938e+04
   8.3246e+04
   8.3599e+04
   8.4232e+04
   8.4241e+04
   9.1203e+04
   9.1936e+04
   9.3091e+04
   9.3078e+04
   9.3676e+04
   9.3802e+04
   9.5644e+04
   9.7132e+04
   9.8891e+04
   9.8812e+04
   9.8583e+04
   9.9025e+04
   9.8948e+04
   9.9647e+04
   9.9640e+04
   9.9520e+04
   9.9731e+04
   9.9728e+04
   9.9730e+04
   9.9773e+04
   9.9912e+04
   9.9905e+04
   9.9890e+04
   1.0062e+05
   1.0065e+05
   1.0052e+05
   1.0061e+05
   1.0389e+05
   1.0437e+05
   1.0807e+05
   1.0803e+05
   1.0802e+05
   1.0802e+05
   1.0803e+05
   1.0784e+05
   1.0784e+05
   1.0784e+05
   1.0782e+05
   1.0782e+05
   1.0782e+05
   1.0782e+05
   1.0784e+05
   1.0820e+05
   1.0820e+05
   1.0820e+05
   1.0825e+05
   1.0825e+05
   1.0825e+05
   1.0825e+05
   1.0825e+05
   1.0825e+05
   1.0825e+05
   1.0825e+05
   1.0825e+05
   1.0825e+05
   1.0825e+05
   1.0825e+05
   1.0825e+05
   1.0876e+05
   1.0875e+05
   1.0875e+05
   1.0874e+05
   1.0874e+05
   1.0873e+05
   1.0873e+05
   1.0872e+05
   1.0872e+05
   1.0872e+05
   1.0872e+05
   1.0872e+05
   1.0872e+05
   1.0869e+05
   1.0877e+05
   1.0877e+05
   1.0876e+05
   1.0876e+05
   1.0876e+05
   1.0876e+05
   1.0876e+05
   1.0876e+05
   1.0876e+05
   1.0876e+05
   1.0879e+05
   1.0874e+05
   1.0874e+05
   1.0874e+05
   1.0874e+05
   1.0873e+05
   1.0872e+05
   1.0870e+05
   1.0862e+05
   1.0870e+05
   1.0870e+05
   1.0871e+05
   1.0882e+05
   1.0882e+05
   1.0882e+05
   1.0880e+05
   1.0879e+05
   1.0880e+05
   1.1757e+05
   1.1757e+05
   1.1757e+05
   1.1757e+05
   1.1755e+05
   1.1755e+05
   1.1770e+05
   1.1769e+05
   1.1769e+05
   1.1769e+05
   1.1769e+05
   1.1769e+05
   1.1769e+05
   1.1769e+05
   1.1769e+05
   1.1769e+05
   1.1769e+05
   1.1769e+05
   1.1765e+05
   1.1766e+05
   1.1766e+05
   1.1781e+05
   1.1778e+05
   1.1778e+05
   1.1778e+05
   1.1778e+05
   1.1778e+05
   1.1778e+05
   1.1778e+05
   1.1778e+05
   1.1778e+05
   1.1778e+05
   1.1778e+05
   1.1778e+05
   1.1778e+05
   1.1778e+05
   1.1773e+05
   1.1788e+05
   1.1788e+05
   1.1787e+05
   1.1788e+05
   1.1787e+05
   1.1787e+05
   1.1787e+05
   1.1787e+05
   1.1787e+05
   1.1787e+05
   1.1787e+05
   1.1787e+05
   1.1787e+05
   1.1787e+05
   1.1787e+05
   1.1787e+05
   1.1787e+05
   1.1786e+05
   1.1778e+05
   1.1778e+05
   1.1778e+05
   1.1770e+05
   1.1775e+05
   1.1775e+05
   1.1775e+05
   1.1775e+05
   1.1775e+05
   1.1775e+05
   1.1775e+05
   1.1775e+05
   1.1775e+05
   1.1773e+05
   1.1772e+05
   1.1772e+05
   1.1772e+05
   1.1772e+05
   1.1768e+05
   1.1763e+05
   1.1763e+05
   1.1858e+05
   1.1860e+05
