  -2.8584e+05
  -5.7189e+05
  -8.5861e+05
  -1.1465e+06
  -1.4366e+06
  -1.7347e+06
  -2.0304e+06
  -2.3295e+06
  -2.6400e+06
  -2.9438e+06
  -3.2705e+06
  -3.5940e+06
  -3.9123e+06
  -4.2302e+06
  -4.5469e+06
  -4.8647e+06
  -5.1848e+06
  -5.5141e+06
  -5.8411e+06
  -6.1716e+06
  -6.5005e+06
  -6.8296e+06
  -7.1617e+06
  -7.4945e+06
  -7.8321e+06
  -8.1730e+06
  -8.5166e+06
  -8.8657e+06
  -9.2267e+06
  -9.5977e+06
  -9.9724e+06
  -1.0353e+07
  -1.0737e+07
  -1.1125e+07
  -1.1522e+07
  -1.1929e+07
  -1.2353e+07
  -1.2780e+07
  -1.3214e+07
  -1.3660e+07
  -1.4122e+07
  -1.4599e+07
  -1.5077e+07
  -1.5567e+07
  -1.6063e+07
  -1.6550e+07
  -1.7035e+07
  -1.7499e+07
  -1.7950e+07
  -1.8395e+07
  -1.8834e+07
  -1.9268e+07
  -1.9686e+07
  -2.0093e+07
  -2.0491e+07
  -2.0877e+07
  -2.1256e+07
  -2.1628e+07
  -2.1997e+07
  -2.2365e+07
  -2.2721e+07
  -2.3068e+07
  -2.3415e+07
  -2.3744e+07
  -2.4064e+07
  -2.4369e+07
  -2.4663e+07
  -2.4950e+07
  -2.5228e+07
  -2.5497e+07
  -2.5759e+07
  -2.6013e+07
  -2.6267e+07
  -2.6509e+07
  -2.6745e+07
  -2.6977e+07
  -2.7200e+07
  -2.7418e+07
  -2.7630e+07
  -2.7836e+07
  -2.8038e+07
  -2.8234e+07
  -2.8426e+07
  -2.8612e+07
  -2.8795e+07
  -2.8973e+07
  -2.9147e+07
  -2.9317e+07
  -2.9485e+07
  -2.9649e+07
  -2.9811e+07
  -2.9970e+07
  -3.0127e+07
  -3.0282e+07
  -3.0434e+07
  -3.0583e+07
  -3.0729e+07
  -3.0873e+07
  -3.1015e+07
  -3.1155e+07
  -3.1292e+07
  -3.1427e+07
  -3.1561e+07
  -3.1693e+07
  -3.1823e+07
  -3.1951e+07
  -3.2078e+07
  -3.2203e+07
  -3.2327e+07
  -3.2450e+07
  -3.2571e+07
  -3.2692e+07
  -3.2812e+07
  -3.2930e+07
  -3.3046e+07
  -3.3161e+07
  -3.3274e+07
  -3.3386e+07
  -3.3498e+07
  -3.3608e+07
  -3.3716e+07
  -3.3823e+07
  -3.3929e+07
  -3.4034e+07
  -3.4138e+07
  -3.4240e+07
  -3.4342e+07
  -3.4443e+07
  -3.4545e+07
  -3.4644e+07
  -3.4742e+07
  -3.4840e+07
  -3.4936e+07
  -3.5032e+07
  -3.5126e+07
  -3.5219e+07
  -3.5312e+07
  -3.5403e+07
  -3.5494e+07
  -3.5584e+07
  -3.5674e+07
  -3.5762e+07
  -3.5850e+07
  -3.5938e+07
  -3.6025e+07
  -3.6111e+07
  -3.6197e+07
  -3.6283e+07
  -3.6368e+07
  -3.6454e+07
  -3.6539e+07
  -3.6624e+07
  -3.6707e+07
  -3.6789e+07
  -3.6870e+07
  -3.6951e+07
  -3.7031e+07
  -3.7111e+07
  -3.7189e+07
  -3.7267e+07
  -3.7343e+07
  -3.7420e+07
  -3.7495e+07
  -3.7570e+07
  -3.7644e+07
  -3.7718e+07
  -3.7791e+07
  -3.7864e+07
  -3.7936e+07
  -3.8007e+07
  -3.8078e+07
  -3.8149e+07
  -3.8219e+07
  -3.8289e+07
  -3.8358e+07
  -3.8426e+07
  -3.8495e+07
  -3.8563e+07
  -3.8630e+07
  -3.8697e+07
  -3.8764e+07
  -3.8830e+07
  -3.8896e+07
  -3.8962e+07
  -3.9027e+07
  -3.9092e+07
  -3.9156e+07
  -3.9220e+07
  -3.9284e+07
  -3.9348e+07
  -3.9412e+07
  -3.9475e+07
  -3.9539e+07
  -3.9602e+07
  -3.9668e+07
  -3.9730e+07
  -3.9791e+07
  -3.9852e+07
  -3.9913e+07
  -3.9973e+07
  -4.0033e+07
  -4.0092e+07
  -4.0151e+07
  -4.0210e+07
  -4.0269e+07
