  -2.8584e+03
  -2.8562e+03
  -2.8495e+03
  -2.8371e+03
  -2.8134e+03
  -2.4365e+03
  -2.6094e+03
  -2.6576e+03
  -2.7786e+03
  -2.6346e+03
  -2.3889e+03
  -2.3978e+03
  -2.2937e+03
  -2.2366e+03
  -2.1547e+03
  -2.0488e+03
  -1.9164e+03
  -1.7308e+03
  -1.5396e+03
  -1.5460e+03
  -1.5010e+03
  -1.3717e+03
  -1.2112e+03
  -1.0360e+03
  -9.5075e+02
  -8.0552e+02
  -7.8287e+02
  -6.5602e+02
  -5.0418e+02
  -4.5098e+02
  -4.1681e+02
  -3.6234e+02
  -3.7207e+02
  -3.6260e+02
  -2.7178e+02
  -1.5984e+02
   1.7002e+01
   1.6794e+02
   3.4654e+02
   1.8565e+02
   7.0359e+01
   1.3598e+02
   2.1023e+02
   3.0020e+02
   1.9700e+02
   1.7825e+02
   3.0580e+02
   1.5925e+02
   1.5427e+02
  -1.9790e+02
  -1.9251e+02
  -3.4022e+02
  -4.2859e+02
  -2.7937e+02
  -1.4760e+02
  -1.7966e+02
  -1.3999e+02
  -6.0378e+01
   5.1410e-01
   4.6481e+01
  -3.2106e+02
  -1.9442e+02
   1.5549e+02
  -1.0689e+02
   3.2183e+01
   4.0641e+01
  -1.4328e+01
  -6.8446e+01
  -1.0704e+02
  -7.5469e+01
  -4.5658e+01
  -2.0664e+02
  -2.1096e+02
  -1.2847e+02
  -1.3733e+02
  -9.4036e+01
  -1.8297e+02
  -1.9037e+02
  -1.8145e+02
  -1.5888e+02
  -1.3492e+02
  -1.1218e+02
  -9.6643e+01
  -8.2283e+01
  -7.2031e+01
  -6.4416e+01
  -5.5930e+01
  -4.8048e+01
  -4.1663e+01
  -3.4696e+01
  -2.8389e+01
  -2.2827e+01
  -1.8422e+01
  -1.3698e+01
  -9.7147e+00
  -6.0325e+00
  -1.6542e+00
   3.0366e+00
   8.0441e+00
   1.3327e+01
  -3.5201e+01
  -3.1701e+01
  -2.8135e+01
  -2.4498e+01
  -2.0772e+01
  -1.6941e+01
  -1.3025e+01
  -8.9208e+00
  -5.5403e+00
  -3.4182e+00
  -4.6035e+00
  -1.6794e+01
  -5.8202e+01
  -5.3467e+01
  -2.6345e+01
  -9.7606e+00
   2.9806e+00
   1.3906e+01
   2.3771e+01
   3.2094e+01
   1.0312e+01
   1.8574e+01
   2.7398e+01
   3.5782e+01
   4.2291e+01
   5.1335e+01
   6.2702e+01
  -1.0182e+00
  -6.5330e+01
  -4.3651e+01
  -2.8442e+01
  -4.4647e+01
  -3.6452e+01
  -2.8980e+01
  -2.1937e+01
  -1.5204e+01
  -5.4599e+01
  -9.7501e+01
  -9.5558e+01
  -9.3630e+01
  -9.1689e+01
  -8.9701e+01
  -8.7623e+01
  -8.5391e+01
  -8.2911e+01
  -8.0029e+01
  -7.6494e+01
  -7.1866e+01
  -6.5341e+01
  -5.5444e+01
  -3.9202e+01
  -2.5548e+01
  -8.6328e+01
  -8.5256e+01
  -8.4174e+01
  -8.3084e+01
  -7.9577e+01
  -7.8509e+01
  -7.7439e+01
  -7.6368e+01
  -7.5297e+01
  -7.4226e+01
  -7.3156e+01
  -7.2087e+01
  -7.1019e+01
  -6.9951e+01
  -6.8883e+01
  -6.7815e+01
  -6.4838e+01
  -6.3797e+01
  -6.2753e+01
  -6.1705e+01
  -6.0652e+01
  -5.9594e+01
  -5.6903e+01
  -5.5861e+01
  -5.6375e+01
  -5.5284e+01
  -5.4181e+01
  -5.3067e+01
  -5.1939e+01
  -5.0797e+01
  -4.9639e+01
  -4.8466e+01
  -4.7275e+01
  -4.7422e+01
  -4.6160e+01
  -4.4881e+01
  -4.3584e+01
  -4.2271e+01
  -4.0942e+01
  -3.9601e+01
  -3.8249e+01
  -3.6888e+01
  -3.5523e+01
  -3.5200e+01
  -3.3820e+01
  -3.1498e+01
  -3.0173e+01
  -2.8839e+01
  -2.7478e+01
  -2.6067e+01
  -2.4569e+01
  -2.2920e+01
  -2.1001e+01
