  -2.8584e+03
  -2.8584e+03
  -2.8583e+03
  -2.8582e+03
  -2.8580e+03
  -2.8562e+03
  -2.8563e+03
  -2.8565e+03
  -2.8567e+03
  -2.8563e+03
  -2.8559e+03
  -2.8554e+03
  -2.8550e+03
  -2.8544e+03
  -2.8538e+03
  -2.8532e+03
  -2.8525e+03
  -2.8518e+03
  -2.8510e+03
  -2.8502e+03
  -2.8493e+03
  -2.8484e+03
  -2.8474e+03
  -2.8463e+03
  -2.8452e+03
  -2.8441e+03
  -2.8429e+03
  -2.8416e+03
  -2.8402e+03
  -2.8388e+03
  -2.8373e+03
  -2.8357e+03
  -2.8341e+03
  -2.8323e+03
  -2.8305e+03
  -2.8285e+03
  -2.8264e+03
  -2.8241e+03
  -2.8217e+03
  -2.8191e+03
  -2.8163e+03
  -2.8131e+03
  -2.8095e+03
  -2.8052e+03
  -2.8001e+03
  -2.7933e+03
  -2.7829e+03
  -2.7624e+03
  -2.9796e+03
  -2.7865e+03
  -2.7833e+03
  -2.7799e+03
  -2.7762e+03
  -2.7721e+03
  -2.7675e+03
  -2.7622e+03
  -2.7556e+03
  -2.7468e+03
  -2.7331e+03
  -2.7041e+03
  -2.9169e+03
  -2.8518e+03
  -2.8474e+03
  -3.2714e+03
  -2.8771e+03
  -2.8880e+03
  -2.7976e+03
  -3.2072e+03
  -2.8953e+03
  -2.8921e+03
  -2.8817e+03
  -2.8703e+03
  -3.3605e+03
  -2.8859e+03
  -2.7963e+03
  -2.8003e+03
  -2.8949e+03
  -2.9310e+03
  -2.7300e+03
  -2.7236e+03
  -2.7150e+03
  -2.8403e+03
  -2.7944e+03
  -2.7601e+03
  -2.7552e+03
  -2.6791e+03
  -2.6422e+03
  -2.9091e+03
  -2.7279e+03
  -2.7102e+03
  -2.7043e+03
  -2.5842e+03
  -2.5450e+03
  -2.7620e+03
  -2.6876e+03
  -2.5757e+03
  -2.7518e+03
  -2.4233e+03
  -2.4354e+03
  -2.4516e+03
  -2.4472e+03
  -2.4387e+03
  -2.5634e+03
  -2.4373e+03
  -2.4490e+03
  -2.4513e+03
  -2.4500e+03
  -2.4464e+03
  -2.4406e+03
  -2.4321e+03
  -2.4191e+03
  -2.3958e+03
  -2.5874e+03
  -2.3923e+03
  -2.3820e+03
  -2.3688e+03
  -2.3505e+03
  -2.3220e+03
  -2.3547e+03
  -2.2755e+03
  -2.4016e+03
  -2.3822e+03
  -2.3812e+03
  -2.3732e+03
  -2.6377e+03
  -2.6077e+03
  -2.3676e+03
  -2.3589e+03
  -2.3498e+03
  -2.7865e+03
  -2.7566e+03
  -2.3247e+03
  -2.3151e+03
  -2.3095e+03
  -2.3850e+03
  -2.3441e+03
  -2.8647e+03
  -2.4080e+03
  -2.7205e+03
  -2.3101e+03
  -2.5894e+03
  -2.1090e+03
  -2.1419e+03
  -2.1488e+03
  -2.1410e+03
  -2.1274e+03
  -2.1242e+03
  -2.1366e+03
  -2.1450e+03
  -2.1454e+03
  -2.1404e+03
  -2.1308e+03
  -2.1183e+03
  -2.1058e+03
  -2.0927e+03
  -2.0761e+03
  -2.0770e+03
  -2.0196e+03
  -2.0230e+03
  -2.0190e+03
  -2.0100e+03
  -1.9971e+03
  -1.9813e+03
  -1.9635e+03
  -1.9436e+03
  -1.9214e+03
  -1.8952e+03
  -1.8571e+03
  -1.9338e+03
  -1.8863e+03
  -1.8618e+03
  -1.8336e+03
  -1.7932e+03
  -1.7604e+03
  -1.8925e+03
  -1.9262e+03
  -1.8848e+03
  -1.8723e+03
  -1.8558e+03
  -1.8326e+03
  -1.7976e+03
  -1.7816e+03
  -1.7268e+03
  -1.7613e+03
  -1.7725e+03
  -1.7761e+03
  -1.7761e+03
  -1.7739e+03
  -1.7701e+03
  -1.7652e+03
  -1.7392e+03
  -1.7323e+03
  -1.7049e+03
  -1.6960e+03
  -1.6858e+03
  -1.6743e+03
  -1.6612e+03
  -1.6461e+03
  -1.7016e+03
  -1.6900e+03
  -1.6767e+03
  -1.6420e+03
  -1.5898e+03
  -1.5742e+03
  -1.5686e+03
  -1.5624e+03
  -1.5540e+03
  -1.5445e+03
  -1.5358e+03
  -1.5290e+03
  -1.5235e+03
  -1.5183e+03
  -1.5133e+03
  -1.5086e+03
  -1.5048e+03
  -1.5036e+03
  -1.5168e+03
  -1.5263e+03
  -1.5217e+03
  -1.5137e+03
  -1.5035e+03
  -1.4920e+03
  -1.4793e+03
  -1.4653e+03
  -1.4501e+03
  -1.4340e+03
  -1.4181e+03
  -1.4033e+03
  -1.3901e+03
  -1.3781e+03
  -1.3669e+03
  -1.3565e+03
  -1.3472e+03
  -1.3388e+03
  -1.3310e+03
  -1.3234e+03
  -1.3154e+03
  -1.3068e+03
  -1.2972e+03
  -1.2865e+03
  -1.2745e+03
  -1.2610e+03
  -1.2458e+03
  -1.2283e+03
  -1.2075e+03
  -1.1822e+03
  -1.1538e+03
  -1.1323e+03
  -1.1005e+03
  -1.1289e+03
  -1.0609e+03
  -1.0753e+03
  -1.0782e+03
  -1.0838e+03
  -1.0876e+03
  -1.0876e+03
  -1.0847e+03
  -1.0798e+03
  -1.0732e+03
  -1.0651e+03
  -1.0556e+03
  -1.0445e+03
  -1.0314e+03
  -1.0155e+03
  -9.9447e+02
  -9.5974e+02
  -1.2165e+03
  -9.6779e+02
  -9.4675e+02
  -9.1744e+02
  -9.0453e+02
  -8.5855e+02
  -8.6453e+02
  -8.5767e+02
  -8.3437e+02
  -7.8834e+02
  -7.3278e+02
  -7.8633e+02
  -7.7090e+02
  -7.5482e+02
  -7.3780e+02
  -7.1162e+02
  -6.9317e+02
  -6.7414e+02
  -6.5484e+02
  -7.2141e+02
  -7.0833e+02
  -6.9083e+02
  -6.6559e+02
  -6.7653e+02
  -7.4199e+02
  -8.2218e+02
  -8.1093e+02
  -7.9880e+02
  -7.7686e+02
  -7.6377e+02
  -7.5011e+02
  -7.3579e+02
  -7.2059e+02
  -7.0419e+02
  -6.8616e+02
  -6.6595e+02
  -6.4281e+02
  -6.1578e+02
  -5.8565e+02
  -5.5879e+02
  -5.4020e+02
  -5.9667e+02
  -5.8866e+02
  -5.7906e+02
  -5.6749e+02
  -5.5655e+02
  -5.4775e+02
  -5.4040e+02
  -5.3320e+02
  -5.2528e+02
  -5.1027e+02
  -5.0038e+02
  -4.8942e+02
  -4.7740e+02
  -4.6436e+02
  -4.5035e+02
  -4.3544e+02
  -4.1972e+02
  -4.0330e+02
  -3.8626e+02
  -3.6868e+02
  -3.5057e+02
  -3.3189e+02
  -4.0217e+02
  -5.3357e+02
  -5.2131e+02
  -5.0461e+02
  -4.7647e+02
  -4.4991e+02
  -4.3416e+02
  -4.2808e+02
  -4.2291e+02
  -4.9044e+02
  -4.8365e+02
  -4.8734e+02
  -4.8297e+02
  -4.4801e+02
  -4.2394e+02
  -4.0027e+02
  -3.7507e+02
  -3.4879e+02
  -3.2260e+02
  -2.9707e+02
  -3.3571e+02
  -3.0995e+02
  -3.4280e+02
  -3.1194e+02
  -3.6627e+02
  -3.4996e+02
  -3.3647e+02
  -3.1676e+02
  -2.9172e+02
  -2.6255e+02
  -2.9174e+02
  -3.6631e+02
  -3.6950e+02
  -4.6329e+02
  -3.4641e+02
  -3.2319e+02
  -3.0351e+02
  -2.8206e+02
  -2.6994e+02
  -2.5995e+02
  -3.2109e+02
  -2.9870e+02
  -2.7313e+02
  -3.1461e+02
  -4.1069e+02
  -3.4969e+02
  -3.0907e+02
  -2.6752e+02
  -2.2085e+02
  -1.5966e+02
  -1.7927e+02
  -2.1932e+02
  -2.5593e+02
  -2.8737e+02
  -3.3011e+02
  -2.4776e+02
  -1.9173e+02
  -2.5602e+02
  -2.2817e+02
  -1.9995e+02
  -1.7171e+02
  -2.6964e+02
  -2.4971e+02
  -2.2791e+02
  -2.1272e+02
  -2.2275e+02
  -2.2461e+02
  -2.5884e+02
  -2.1657e+02
  -1.6531e+02
  -1.2385e+02
  -7.5714e+01
  -3.5056e+01
   1.1076e+01
  -6.8509e+00
   5.8487e+01
   1.1636e+02
   1.7625e+02
   2.0741e+02
   2.1156e+02
   2.4870e+02
   2.9978e+02
   3.5211e+02
   3.9699e+02
   4.4041e+02
   3.8989e+02
   4.1822e+02
   3.8617e+02
   4.2047e+02
   4.5206e+02
   3.8499e+02
   3.9637e+02
   3.9784e+02
   3.9651e+02
   3.9842e+02
   4.0940e+02
   4.3598e+02
   3.8807e+02
   4.2813e+02
   4.2704e+02
   4.5041e+02
   4.1512e+02
   4.3415e+02
   4.5191e+02
   3.8531e+02
   3.2191e+02
   3.4278e+02
   2.7880e+02
   1.6101e+02
   1.8458e+02
   2.1803e+02
   2.3252e+02
   2.6496e+02
   2.7365e+02
   1.2842e+02
   1.2802e+02
   8.7385e+01
   8.7487e+01
   8.9813e+01
  -9.3436e+00
  -1.7860e+00
   1.3591e+01
   4.0253e+01
   7.9424e+01
   1.2413e+02
   1.6685e+02
   1.9963e+02
   2.3070e+02
   2.6067e+02
   2.9130e+02
   3.2460e+02
   3.6356e+02
   4.0792e+02
   3.2415e+02
   3.6139e+02
   2.4212e+02
   2.5740e+02
   2.6838e+02
   2.1098e+02
   2.2564e+02
   2.4122e+02
   2.5745e+02
   2.7444e+02
   2.8959e+02
   3.1661e+02
   3.7707e+02
   2.7805e+02
   2.6364e+02
   1.5294e+02
   1.3921e+02
   1.2791e+02
   1.2352e+02
   1.2392e+02
   1.2783e+02
   1.3526e+02
   1.4587e+02
   1.6104e+02
   1.8469e+02
   1.8779e+02
   1.5958e+02
   1.4505e+02
   5.0338e+01
   5.7746e+01
   7.9726e+01
   1.0070e+02
   1.1512e+02
   1.1578e+02
   1.2134e+02
   1.3416e+02
   1.5683e+02
   1.9213e+02
   3.1919e+01
   1.0698e+02
   1.6591e+02
   1.7677e+02
   1.7564e+02
   1.0751e+02
   1.3031e+02
   2.9680e+01
   4.1295e+01
   4.9956e+01
   5.6712e+01
   6.1722e+01
  -1.1771e+01
  -8.9300e+00
  -2.7442e-01
   1.5170e+01
   3.7395e+01
   6.7499e+01
   1.0338e+02
  -1.7920e+01
   1.6365e+01
   3.9601e+01
   4.2490e+01
  -2.6061e+01
  -2.9676e+01
  -3.0535e+01
  -2.7822e+01
  -2.0857e+01
  -9.4779e+00
   6.4080e+00
   2.7759e+01
   5.8341e+01
   3.5508e+01
   1.0478e+02
   3.1436e+00
   5.0246e+01
   7.6074e+01
   1.2082e+02
   1.3451e+02
   1.5780e+02
   1.8544e+02
   2.1398e+02
   2.4115e+02
   2.6295e+02
   2.8656e+02
   3.0805e+02
   3.2313e+02
   3.3466e+02
   3.3727e+02
   3.3729e+02
   3.3233e+02
   2.9571e+02
   1.4438e+02
   1.6789e+02
   8.3144e+01
   9.7393e+01
   1.0577e+02
   1.1407e+02
   1.2187e+02
   1.2936e+02
   1.3666e+02
   1.4587e+02
   1.5339e+02
   1.5904e+02
   1.6483e+02
   1.7297e+02
   1.8126e+02
   1.8954e+02
   1.9765e+02
   2.0544e+02
   2.1274e+02
   2.1939e+02
   2.2204e+02
   2.2494e+02
   2.1669e+02
   1.7375e+02
   2.0428e+02
   2.2216e+02
   2.3787e+02
   2.5477e+02
   2.6791e+02
   2.8121e+02
   2.9914e+02
   3.1449e+02
   3.3593e+02
   2.4568e+02
   2.6584e+02
   1.9244e+02
   2.0873e+02
   2.2452e+02
   2.3925e+02
   1.6357e+02
   1.7726e+02
   1.9344e+02
   4.7747e+01
   5.1885e+01
   6.3709e+01
   8.1022e+01
   1.0297e+02
  -8.9246e+01
  -8.0845e+01
  -7.1385e+01
  -6.3544e+01
  -5.1588e+01
  -3.8269e+01
  -2.5366e+01
  -1.1609e+01
   2.7697e+00
   1.7405e+01
   3.2209e+01
  -8.7916e+01
  -7.9693e+01
  -7.1617e+01
  -6.2951e+01
  -5.3385e+01
  -4.3645e+01
  -3.5244e+01
  -2.8937e+01
  -2.5837e+01
  -2.4857e+01
  -2.4698e+01
  -2.3474e+01
  -1.8267e+01
  -3.9860e+00
  -1.1133e+02
  -7.5698e+01
  -4.0339e+01
  -1.7170e+01
  -9.3439e+00
  -4.7904e-01
  -4.4503e+00
  -5.8459e+00
  -5.0604e+00
  -3.0706e+00
  -2.9188e-01
   2.9246e+00
   6.5080e+00
   1.0700e+01
   1.5346e+01
   2.0452e+01
   2.5995e+01
   3.1558e+01
  -4.1324e+01
  -4.0047e+01
  -3.9528e+01
  -3.9095e+01
  -3.8220e+01
  -3.6549e+01
  -3.4289e+01
  -3.0611e+01
  -2.8707e+01
  -3.7381e+01
  -6.1317e+01
  -9.6959e+01
  -2.1699e+02
  -2.5474e+02
  -3.2895e+02
  -3.2333e+02
  -3.5726e+02
  -3.5796e+02
  -3.3812e+02
  -3.2022e+02
  -3.0395e+02
  -2.9056e+02
  -2.8036e+02
  -2.6921e+02
  -2.6040e+02
  -2.5659e+02
  -2.5353e+02
  -2.5069e+02
  -2.4744e+02
  -2.3977e+02
  -2.3362e+02
  -2.2821e+02
  -2.1664e+02
  -2.0085e+02
  -4.1297e+02
  -4.2583e+02
  -4.3528e+02
  -4.4679e+02
  -4.5736e+02
  -4.6275e+02
  -4.5559e+02
  -4.5160e+02
  -4.4685e+02
  -4.4250e+02
  -4.3885e+02
  -4.3585e+02
  -4.3338e+02
  -4.3131e+02
  -4.2953e+02
  -4.2798e+02
  -4.2659e+02
  -4.2533e+02
  -4.2416e+02
  -4.1719e+02
  -4.1047e+02
  -4.0399e+02
  -4.0309e+02
  -4.8376e+02
  -4.8348e+02
  -4.8319e+02
  -4.6981e+02
  -4.6318e+02
  -4.6271e+02
  -4.6211e+02
  -4.6133e+02
  -4.6032e+02
  -4.5900e+02
  -4.5730e+02
  -4.5511e+02
  -4.5230e+02
  -4.4880e+02
  -4.5067e+02
  -4.5255e+02
  -4.4952e+02
  -4.4875e+02
  -4.4423e+02
  -4.4733e+02
  -4.5063e+02
  -4.5337e+02
  -4.5540e+02
  -4.5680e+02
  -4.5769e+02
  -4.5208e+02
  -4.4631e+02
  -4.4627e+02
  -4.4606e+02
  -4.4574e+02
  -4.5129e+02
  -4.5086e+02
  -4.5042e+02
  -4.5002e+02
  -4.4965e+02
  -4.4935e+02
  -4.4914e+02
  -4.4902e+02
  -4.4901e+02
  -4.4912e+02
  -4.4937e+02
  -4.4978e+02
  -4.5033e+02
  -4.5097e+02
  -4.5164e+02
  -4.5223e+02
  -4.5261e+02
  -4.5263e+02
  -4.5215e+02
  -4.4511e+02
  -4.4337e+02
  -4.4689e+02
  -4.4397e+02
  -4.4065e+02
  -4.3133e+02
  -4.2767e+02
  -4.2392e+02
  -4.2015e+02
  -4.1636e+02
  -4.0721e+02
  -4.0347e+02
  -3.9973e+02
  -3.9602e+02
  -3.9236e+02
  -3.8879e+02
  -3.8044e+02
  -3.7732e+02
  -3.7450e+02
  -3.7206e+02
  -3.6999e+02
  -3.6827e+02
  -3.6680e+02
  -3.6548e+02
  -3.6419e+02
  -3.6282e+02
  -3.6126e+02
  -3.5941e+02
  -3.5719e+02
  -3.5454e+02
  -3.5140e+02
  -3.4772e+02
  -3.4347e+02
  -3.3855e+02
  -3.3281e+02
  -3.2603e+02
  -3.1780e+02
  -3.0749e+02
  -2.9394e+02
  -2.7423e+02
  -2.6104e+02
  -1.2865e+02
  -1.5038e+02
  -1.5593e+02
  -1.5978e+02
  -1.6323e+02
  -1.6626e+02
  -1.6873e+02
  -1.7051e+02
  -1.7133e+02
  -1.7058e+02
  -1.6643e+02
  -1.5433e+02
  -1.8237e+02
  -2.4714e+02
  -2.5438e+02
  -2.5841e+02
  -2.6088e+02
  -2.6245e+02
  -2.6337e+02
  -2.6378e+02
  -2.6374e+02
  -2.6326e+02
  -2.6231e+02
  -2.5744e+02
  -2.5529e+02
  -2.5218e+02
  -2.4749e+02
  -2.3967e+02
  -2.2553e+02
  -2.8297e+02
  -2.3805e+02
  -2.4893e+02
  -2.5307e+02
  -2.5760e+02
  -2.6076e+02
  -2.5958e+02
  -2.6125e+02
  -2.5885e+02
  -2.5591e+02
  -2.5235e+02
  -2.4794e+02
  -2.4220e+02
  -2.3397e+02
  -2.2017e+02
  -2.1028e+02
  -1.6326e+02
  -1.8357e+02
  -1.9158e+02
  -1.9496e+02
  -1.9639e+02
  -1.9952e+02
  -1.9940e+02
  -1.9898e+02
  -1.9841e+02
  -1.9777e+02
  -1.9708e+02
  -1.9622e+02
  -1.9497e+02
  -1.9288e+02
  -1.8668e+02
  -1.8086e+02
  -1.7252e+02
  -1.6217e+02
  -1.5072e+02
  -1.3885e+02
  -1.2662e+02
  -1.1345e+02
  -9.7934e+01
  -7.8690e+01
  -7.8303e+01
  -5.8156e+01
  -6.4873e+01
  -6.9830e+01
  -7.1043e+01
  -7.0311e+01
  -6.8550e+01
  -6.6206e+01
  -6.3505e+01
  -6.0561e+01
  -5.7431e+01
  -5.3426e+01
  -5.0067e+01
  -4.7273e+01
  -4.3824e+01
  -4.0517e+01
  -3.7473e+01
  -3.4763e+01
  -3.1939e+01
  -2.9780e+01
  -2.7653e+01
  -2.5381e+01
  -2.2809e+01
  -9.4496e+01
  -9.3563e+01
  -9.2422e+01
  -9.1040e+01
  -8.9388e+01
  -8.7430e+01
  -8.5125e+01
  -8.2430e+01
  -7.9306e+01
  -7.5730e+01
  -7.1714e+01
  -6.7321e+01
  -6.2663e+01
  -5.7101e+01
  -5.2338e+01
  -4.7579e+01
  -1.1407e+02
  -1.1359e+02
  -1.1172e+02
  -1.1142e+02
  -1.1104e+02
  -1.1043e+02
  -1.0798e+02
  -1.0654e+02
  -1.0466e+02
  -1.0249e+02
  -1.0023e+02
  -9.6818e+01
  -9.5019e+01
  -9.3626e+01
  -9.2640e+01
  -9.2001e+01
  -9.1619e+01
  -9.1408e+01
  -9.1293e+01
  -9.1217e+01
  -1.4880e+02
  -1.4919e+02
  -1.4953e+02
  -1.4979e+02
  -1.4997e+02
  -1.5006e+02
  -1.5005e+02
  -1.4799e+02
  -1.4777e+02
  -1.4744e+02
  -1.4699e+02
  -1.4644e+02
  -1.4579e+02
  -1.4505e+02
  -1.4425e+02
  -1.4340e+02
  -1.4256e+02
  -1.4361e+02
  -1.4287e+02
  -1.4223e+02
  -1.4173e+02
  -1.4137e+02
  -1.4115e+02
  -1.4109e+02
  -1.4118e+02
  -1.4147e+02
  -1.4198e+02
  -1.4277e+02
  -1.4390e+02
  -1.4538e+02
  -1.4713e+02
  -1.4906e+02
  -1.5102e+02
  -1.5299e+02
  -1.5496e+02
  -1.5699e+02
  -1.5909e+02
  -1.6127e+02
  -1.6350e+02
  -1.6577e+02
  -1.6807e+02
  -1.7042e+02
  -1.7283e+02
  -1.7528e+02
  -1.7773e+02
  -1.8009e+02
  -1.8228e+02
  -1.8421e+02
  -1.8586e+02
  -1.8477e+02
  -1.8581e+02
  -1.8419e+02
  -1.8472e+02
  -1.8504e+02
  -1.8520e+02
  -1.8519e+02
  -1.8505e+02
  -1.8477e+02
  -1.8435e+02
  -1.8379e+02
  -1.8305e+02
  -1.8214e+02
  -1.8104e+02
  -1.7975e+02
  -1.7828e+02
  -1.7663e+02
  -1.7485e+02
  -1.7297e+02
  -1.7103e+02
  -1.6907e+02
  -1.6503e+02
  -1.6318e+02
  -1.6142e+02
  -1.5976e+02
  -1.5820e+02
  -2.0905e+02
  -2.1274e+02
  -2.1400e+02
  -2.1557e+02
  -2.1747e+02
  -2.1976e+02
  -2.2248e+02
  -2.2567e+02
  -2.2935e+02
  -2.3344e+02
  -2.3770e+02
  -2.4146e+02
  -2.4358e+02
  -2.4286e+02
  -2.3910e+02
  -2.3351e+02
  -2.2768e+02
  -2.2254e+02
  -2.1837e+02
  -2.1233e+02
  -2.0981e+02
  -2.0786e+02
  -2.0634e+02
  -2.0518e+02
  -2.0429e+02
  -2.0363e+02
  -2.0317e+02
  -2.0288e+02
  -2.0275e+02
  -2.0276e+02
  -2.0291e+02
  -2.0319e+02
  -2.0357e+02
  -2.0404e+02
  -2.0460e+02
  -2.0523e+02
  -2.0590e+02
  -2.0662e+02
  -2.0736e+02
  -2.0812e+02
  -2.1160e+02
  -2.1237e+02
  -2.1314e+02
  -2.1390e+02
  -2.1748e+02
  -2.1823e+02
  -2.1897e+02
  -2.1969e+02
  -2.2041e+02
  -2.2112e+02
  -2.2182e+02
  -2.2254e+02
  -2.2324e+02
  -2.2390e+02
  -2.2440e+02
  -2.2453e+02
  -2.2386e+02
  -2.2194e+02
  -2.1874e+02
  -2.1488e+02
  -2.1106e+02
  -2.0756e+02
  -2.0439e+02
  -2.0152e+02
  -1.9890e+02
  -1.9652e+02
  -1.9439e+02
  -1.9251e+02
  -1.9088e+02
  -1.8952e+02
  -1.8842e+02
  -1.8758e+02
  -1.8703e+02
  -1.8431e+02
  -1.8429e+02
  -1.8215e+02
  -1.8261e+02
  -1.8326e+02
  -1.8405e+02
  -1.8493e+02
  -1.8584e+02
  -1.8672e+02
  -1.8754e+02
  -1.8586e+02
  -1.8643e+02
  -1.8684e+02
  -1.8703e+02
  -1.8697e+02
  -1.8659e+02
  -1.8344e+02
  -1.8204e+02
  -1.8002e+02
  -1.7742e+02
  -1.7228e+02
  -1.6928e+02
  -1.6670e+02
  -1.6501e+02
  -1.6449e+02
  -1.6507e+02
  -1.6645e+02
  -1.6827e+02
  -1.7025e+02
  -1.7222e+02
  -1.7408e+02
  -1.7579e+02
  -1.7733e+02
  -1.7864e+02
  -1.7975e+02
  -1.8069e+02
  -1.8148e+02
  -1.8214e+02
  -1.8267e+02
  -1.8306e+02
  -1.8333e+02
  -1.8347e+02
  -1.8346e+02
  -1.8330e+02
  -1.8298e+02
  -1.8247e+02
  -1.8177e+02
  -1.8087e+02
  -1.7982e+02
  -1.7866e+02
  -1.7740e+02
  -1.7609e+02
  -1.7479e+02
  -1.7362e+02
  -1.7272e+02
  -1.7219e+02
  -1.7213e+02
  -1.7046e+02
  -1.7138e+02
  -1.7273e+02
  -1.7442e+02
  -1.7636e+02
  -1.7847e+02
  -1.8067e+02
  -1.8288e+02
  -1.8505e+02
  -1.8716e+02
  -1.8920e+02
  -1.9115e+02
  -1.9300e+02
  -1.9476e+02
  -1.9641e+02
  -1.9797e+02
  -1.9943e+02
  -2.0080e+02
  -2.0208e+02
  -2.0328e+02
  -2.0440e+02
  -2.0545e+02
  -2.0642e+02
  -2.0733e+02
  -2.0818e+02
  -2.0897e+02
  -2.0971e+02
  -2.1040e+02
  -2.0850e+02
  -2.0908e+02
  -2.0961e+02
  -2.1011e+02
  -2.0805e+02
  -2.0844e+02
  -2.0880e+02
  -2.0911e+02
  -2.0938e+02
  -2.0961e+02
  -2.0980e+02
  -2.0994e+02
  -2.1005e+02
  -2.1012e+02
  -2.1016e+02
  -2.1017e+02
  -2.1016e+02
  -2.1012e+02
  -2.1006e+02
  -2.1000e+02
  -2.0993e+02
  -2.0985e+02
  -2.0978e+02
  -2.0971e+02
  -2.0966e+02
  -2.0963e+02
  -2.0962e+02
  -2.0963e+02
  -2.0967e+02
  -2.0974e+02
  -2.0983e+02
  -2.0995e+02
  -2.1008e+02
  -2.1024e+02
  -2.1041e+02
  -2.1059e+02
  -2.1078e+02
  -2.1097e+02
  -2.1116e+02
  -2.1134e+02
  -2.1152e+02
  -2.1168e+02
  -2.1182e+02
  -2.1195e+02
  -2.1207e+02
  -2.1216e+02
  -2.1224e+02
  -2.1230e+02
  -2.1233e+02
  -2.1234e+02
  -2.1233e+02
  -2.1230e+02
  -2.1225e+02
  -2.1217e+02
  -2.1208e+02
  -2.1196e+02
  -2.1182e+02
  -2.1166e+02
  -2.1148e+02
  -2.1128e+02
  -2.1106e+02
  -2.1082e+02
  -2.1055e+02
  -2.1027e+02
  -2.0997e+02
  -2.0965e+02
  -2.0931e+02
  -2.0895e+02
  -2.0611e+02
  -2.0571e+02
  -2.0528e+02
  -2.0482e+02
  -2.0433e+02
  -2.0380e+02
  -2.0322e+02
  -2.0258e+02
  -2.0187e+02
  -2.0105e+02
  -2.0010e+02
  -1.9893e+02
  -1.9744e+02
  -1.9537e+02
  -1.9211e+02
  -1.8580e+02
  -1.9954e+02
  -1.8296e+02
  -1.8267e+02
  -1.8237e+02
  -1.8207e+02
  -1.8176e+02
  -1.8144e+02
  -1.8112e+02
  -1.8079e+02
  -1.8046e+02
  -1.8012e+02
  -1.7978e+02
  -1.7943e+02
  -1.7695e+02
  -1.7660e+02
  -1.7624e+02
  -1.7588e+02
  -1.7552e+02
  -1.7515e+02
  -1.7478e+02
  -1.7440e+02
  -1.7402e+02
  -1.7363e+02
  -1.7324e+02
  -1.7284e+02
  -1.7242e+02
  -1.7200e+02
  -1.7157e+02
  -1.7112e+02
  -1.7065e+02
  -1.7017e+02
  -1.6968e+02
  -1.6917e+02
  -1.6864e+02
  -1.6811e+02
  -1.6758e+02
  -1.6705e+02
  -1.6654e+02
  -1.6607e+02
  -1.6565e+02
  -1.6531e+02
  -1.6506e+02
  -1.6491e+02
  -1.6488e+02
  -1.6495e+02
  -1.6512e+02
  -1.6537e+02
  -1.6570e+02
  -1.6609e+02
  -1.6651e+02
  -1.6697e+02
  -1.6743e+02
  -1.6593e+02
  -1.6640e+02
  -1.6686e+02
  -1.6730e+02
  -1.6773e+02
  -1.6814e+02
  -1.6853e+02
  -1.6889e+02
  -1.6924e+02
  -1.6956e+02
  -1.6986e+02
  -1.7013e+02
  -1.7039e+02
  -1.7061e+02
  -1.7082e+02
  -1.7100e+02
  -1.7116e+02
  -1.7129e+02
  -1.7140e+02
  -1.7149e+02
  -1.7155e+02
  -1.7158e+02
  -1.7158e+02
  -1.7155e+02
  -1.7148e+02
  -1.7138e+02
  -1.7124e+02
  -1.7105e+02
  -1.7083e+02
  -1.7055e+02
  -1.7023e+02
  -1.6986e+02
  -1.6944e+02
  -1.6701e+02
  -1.6650e+02
  -1.6596e+02
  -1.6537e+02
  -1.6477e+02
  -1.6414e+02
  -1.6350e+02
  -1.6285e+02
  -1.6221e+02
  -1.6158e+02
  -1.6096e+02
  -1.6036e+02
  -1.5979e+02
  -1.5924e+02
  -1.5873e+02
  -1.5824e+02
  -1.5778e+02
  -1.5734e+02
  -1.5692e+02
  -1.5653e+02
  -1.5616e+02
  -1.5580e+02
  -1.5545e+02
  -1.5511e+02
  -1.5478e+02
  -1.5446e+02
  -1.5413e+02
  -1.5380e+02
  -1.5346e+02
  -1.5311e+02
  -1.5275e+02
  -1.5237e+02
  -1.5197e+02
  -1.5155e+02
  -1.5111e+02
  -1.5062e+02
  -1.5011e+02
  -1.4955e+02
  -1.4894e+02
  -1.4828e+02
  -1.4755e+02
  -1.4676e+02
  -1.4590e+02
  -1.4496e+02
  -1.4392e+02
  -1.4279e+02
  -1.4155e+02
  -1.4019e+02
  -1.3871e+02
  -1.3707e+02
  -1.3525e+02
  -1.3319e+02
  -1.3078e+02
  -1.2784e+02
  -1.2407e+02
  -1.2059e+02
  -1.2679e+02
  -1.2355e+02
  -1.2667e+02
  -1.2889e+02
  -1.2998e+02
  -1.3048e+02
  -1.3069e+02
  -1.3074e+02
  -1.3071e+02
  -1.3063e+02
  -1.3052e+02
  -1.3041e+02
  -1.3030e+02
  -1.3020e+02
  -1.3012e+02
  -1.3007e+02
  -1.3006e+02
  -1.3008e+02
  -1.3015e+02
  -1.3026e+02
  -1.3040e+02
  -1.3056e+02
  -1.3073e+02
  -1.3089e+02
  -1.3103e+02
  -1.3113e+02
  -1.3118e+02
  -1.3119e+02
  -1.3113e+02
  -1.3102e+02
  -1.3086e+02
  -1.3063e+02
  -1.3034e+02
  -1.3000e+02
  -1.2960e+02
  -1.2914e+02
  -1.2863e+02
  -1.2807e+02
  -1.2745e+02
  -1.2678e+02
  -1.2605e+02
  -1.2526e+02
  -1.2442e+02
  -1.2351e+02
  -1.2253e+02
  -1.2148e+02
  -1.2037e+02
  -1.1917e+02
  -1.1790e+02
  -1.1655e+02
  -1.1512e+02
  -1.1359e+02
  -1.1194e+02
  -1.1011e+02
  -1.0800e+02
  -1.0541e+02
  -1.0198e+02
  -9.7026e+01
  -8.9093e+01
  -7.4373e+01
  -1.3574e+02
  -1.3443e+02
  -1.3466e+02
  -1.3642e+02
  -1.3656e+02
  -1.3666e+02
  -1.3673e+02
  -1.3677e+02
  -1.3679e+02
  -1.3680e+02
  -1.3679e+02
  -1.3677e+02
  -1.3675e+02
  -1.3834e+02
  -1.3831e+02
  -1.3827e+02
  -1.3822e+02
  -1.3817e+02
  -1.3812e+02
  -1.3806e+02
  -1.3799e+02
  -1.3792e+02
  -1.3783e+02
  -1.3774e+02
  -1.3763e+02
  -1.3751e+02
  -1.3738e+02
  -1.3724e+02
  -1.3708e+02
  -1.3690e+02
  -1.3671e+02
  -1.3650e+02
  -1.3627e+02
  -1.3602e+02
  -1.3576e+02
  -1.3547e+02
  -1.3517e+02
  -1.3484e+02
  -1.3449e+02
  -1.3413e+02
  -1.3535e+02
  -1.3493e+02
  -1.3449e+02
  -1.3403e+02
  -1.3354e+02
  -1.3302e+02
  -1.3248e+02
  -1.3191e+02
  -1.3132e+02
  -1.3070e+02
  -1.3007e+02
  -1.2942e+02
  -1.2876e+02
  -1.2809e+02
  -1.2741e+02
  -1.2672e+02
  -1.2603e+02
  -1.2534e+02
  -1.2466e+02
  -1.2401e+02
  -1.2341e+02
  -1.2286e+02
  -1.2238e+02
  -1.2199e+02
  -1.2170e+02
  -1.2153e+02
  -1.2147e+02
  -1.2153e+02
  -1.2169e+02
  -1.2195e+02
  -1.2229e+02
  -1.2270e+02
  -1.2314e+02
  -1.2362e+02
  -1.2410e+02
  -1.2460e+02
  -1.2508e+02
  -1.2555e+02
  -1.2601e+02
  -1.2643e+02
  -1.2683e+02
  -1.2718e+02
  -1.2749e+02
  -1.2776e+02
  -1.2646e+02
  -1.2664e+02
  -1.2677e+02
  -1.2685e+02
  -1.2690e+02
  -1.2690e+02
  -1.2686e+02
  -1.2679e+02
  -1.2667e+02
  -1.2653e+02
  -1.2634e+02
  -1.2613e+02
  -1.2588e+02
  -1.2560e+02
  -1.2529e+02
  -1.2495e+02
  -1.2459e+02
  -1.2419e+02
  -1.2378e+02
  -1.2333e+02
  -1.2287e+02
  -1.2238e+02
  -1.2188e+02
  -1.2135e+02
  -1.2081e+02
  -1.2026e+02
  -1.1969e+02
  -1.1913e+02
  -1.1856e+02
  -1.1800e+02
  -1.1746e+02
  -1.1696e+02
  -1.1650e+02
  -1.1610e+02
  -1.1580e+02
  -1.1561e+02
  -1.1558e+02
  -1.1572e+02
  -1.1607e+02
  -1.1664e+02
  -1.1742e+02
  -1.1839e+02
  -1.1949e+02
  -1.2065e+02
  -1.2180e+02
  -1.2288e+02
  -1.2382e+02
  -1.2459e+02
  -1.2518e+02
  -1.2557e+02
  -1.2577e+02
  -1.2581e+02
  -1.2569e+02
  -1.2541e+02
  -1.2501e+02
  -1.2449e+02
  -1.2386e+02
  -1.2313e+02
  -1.2232e+02
  -1.2143e+02
  -1.2047e+02
  -1.1944e+02
  -1.1835e+02
  -1.1721e+02
  -1.1601e+02
  -1.1474e+02
  -1.1479e+02
  -1.1340e+02
  -1.1194e+02
  -1.1042e+02
  -1.1017e+02
  -1.0853e+02
  -1.0684e+02
  -1.0511e+02
  -1.0333e+02
  -1.0150e+02
  -9.9594e+01
  -9.7610e+01
  -9.4396e+01
  -9.2273e+01
  -9.0061e+01
  -8.7749e+01
  -8.6369e+01
  -8.3803e+01
  -8.1113e+01
  -7.8292e+01
  -7.5332e+01
  -7.2228e+01
  -6.8980e+01
  -6.5596e+01
  -6.2101e+01
  -5.8540e+01
  -5.4985e+01
  -5.1529e+01
  -4.8280e+01
  -4.5366e+01
  -4.3015e+01
  -4.1923e+01
  -4.3938e+01
  -5.5146e+01
  -7.4354e+01
  -8.6586e+01
  -8.6938e+01
  -8.1849e+01
  -7.5232e+01
  -6.7860e+01
  -5.9550e+01
  -5.0572e+01
  -4.1443e+01
  -1.2127e+02
  -1.2182e+02
  -1.2246e+02
  -1.2313e+02
  -1.2377e+02
  -1.2583e+02
  -1.2627e+02
  -1.2659e+02
  -1.2681e+02
  -1.2696e+02
  -1.2709e+02
  -1.2725e+02
  -1.2903e+02
  -1.2934e+02
  -1.2976e+02
  -1.3031e+02
  -1.3098e+02
  -1.3178e+02
  -1.3270e+02
  -1.3372e+02
  -1.3649e+02
  -1.3761e+02
  -1.3871e+02
  -1.3977e+02
  -1.4078e+02
  -1.4173e+02
  -1.4262e+02
  -1.4343e+02
  -1.4417e+02
  -1.4482e+02
  -1.4539e+02
  -1.4588e+02
  -1.4628e+02
  -1.4479e+02
  -1.4501e+02
  -1.4338e+02
  -1.4703e+02
  -1.4700e+02
  -1.4690e+02
  -1.4672e+02
  -1.4647e+02
  -1.4615e+02
  -1.4578e+02
  -1.4537e+02
  -1.4492e+02
  -1.4629e+02
  -1.4581e+02
  -1.4352e+02
  -1.4307e+02
  -1.4261e+02
  -1.4213e+02
  -1.4165e+02
  -1.4117e+02
  -1.4070e+02
  -1.4023e+02
  -1.3978e+02
  -1.3936e+02
  -1.3895e+02
  -1.3684e+02
  -1.3648e+02
  -1.3446e+02
  -1.3413e+02
  -1.3380e+02
  -1.3349e+02
  -1.3319e+02
  -1.3291e+02
  -1.3263e+02
  -1.3237e+02
  -1.3211e+02
  -1.3186e+02
  -1.3162e+02
  -1.3139e+02
  -1.3117e+02
  -1.3095e+02
  -1.3074e+02
  -1.3054e+02
  -1.3196e+02
  -1.3177e+02
  -1.3159e+02
  -1.3142e+02
  -1.3125e+02
  -1.3109e+02
  -1.2934e+02
  -1.2920e+02
  -1.2906e+02
  -1.2894e+02
  -1.2882e+02
  -1.2871e+02
  -1.2861e+02
  -1.2852e+02
  -1.2844e+02
  -1.2837e+02
  -1.2831e+02
  -1.2826e+02
  -1.2821e+02
  -1.2663e+02
  -1.2659e+02
  -1.2656e+02
  -1.2653e+02
  -1.2651e+02
  -1.2649e+02
  -1.2648e+02
  -1.2496e+02
  -1.2495e+02
  -1.2493e+02
  -1.2492e+02
  -1.2491e+02
  -1.2489e+02
  -1.2487e+02
  -1.2484e+02
  -1.2482e+02
  -1.2480e+02
  -1.2478e+02
  -1.2476e+02
  -1.2474e+02
  -1.2473e+02
  -1.2473e+02
  -1.2326e+02
  -1.2327e+02
  -1.2328e+02
  -1.2330e+02
  -1.2332e+02
  -1.2335e+02
  -1.2340e+02
  -1.2345e+02
  -1.2351e+02
  -1.2359e+02
  -1.2368e+02
  -1.2379e+02
  -1.2392e+02
  -1.2408e+02
  -1.2426e+02
  -1.2595e+02
  -1.2620e+02
  -1.2648e+02
  -1.2681e+02
  -1.2717e+02
  -1.2758e+02
  -1.2803e+02
  -1.2854e+02
  -1.2911e+02
  -1.2974e+02
  -1.3043e+02
  -1.3118e+02
  -1.3200e+02
  -1.3289e+02
  -1.3385e+02
  -1.3487e+02
  -1.3595e+02
  -1.3710e+02
  -1.3830e+02
  -1.3954e+02
  -1.4082e+02
  -1.4212e+02
  -1.4344e+02
  -1.4475e+02
  -1.4604e+02
  -1.4730e+02
  -1.4850e+02
  -1.4965e+02
  -1.5072e+02
  -1.5173e+02
  -1.5266e+02
  -1.5726e+02
  -1.5805e+02
  -1.5875e+02
  -1.5938e+02
  -1.5992e+02
  -1.6040e+02
  -1.6080e+02
  -1.6114e+02
  -1.6142e+02
  -1.6164e+02
  -1.6181e+02
  -1.6193e+02
  -1.6199e+02
  -1.6202e+02
  -1.6199e+02
  -1.6193e+02
  -1.6383e+02
  -1.6369e+02
  -1.6352e+02
  -1.6332e+02
  -1.6308e+02
  -1.6282e+02
  -1.6253e+02
  -1.6221e+02
  -1.6186e+02
  -1.6149e+02
  -1.6110e+02
  -1.6068e+02
  -1.5828e+02
  -1.5780e+02
  -1.5730e+02
  -1.5675e+02
  -1.5617e+02
  -1.5554e+02
  -1.5298e+02
  -1.5222e+02
  -1.5139e+02
  -1.5045e+02
  -1.4939e+02
  -1.5000e+02
  -1.4864e+02
  -1.4708e+02
  -1.4527e+02
  -1.4318e+02
  -1.4250e+02
  -1.3967e+02
  -1.3645e+02
  -1.3301e+02
  -1.2972e+02
  -1.2715e+02
  -1.2730e+02
  -1.2701e+02
  -1.2746e+02
  -1.2818e+02
  -1.2887e+02
  -1.2934e+02
  -1.2949e+02
  -1.2927e+02
  -1.3020e+02
  -1.2892e+02
  -1.2679e+02
  -1.2215e+02
  -1.1802e+02
  -1.1248e+02
  -1.0487e+02
  -9.5693e+01
  -8.5622e+01
  -7.5752e+01
  -6.7582e+01
  -6.1960e+01
  -5.9387e+01
  -5.9608e+01
  -6.1533e+01
  -6.5186e+01
  -6.8536e+01
  -7.1933e+01
  -7.5298e+01
  -7.8740e+01
  -8.2341e+01
  -8.6066e+01
  -8.9901e+01
  -9.3907e+01
  -9.6847e+01
  -1.0106e+02
  -1.0521e+02
  -1.0773e+02
  -1.0976e+02
  -1.1256e+02
  -1.1340e+02
  -1.1504e+02
  -1.1620e+02
  -1.1696e+02
  -1.1740e+02
  -1.1757e+02
  -1.1755e+02
  -1.1736e+02
  -1.1702e+02
  -1.1657e+02
  -1.1601e+02
  -1.1537e+02
  -1.1465e+02
  -1.1386e+02
  -1.1299e+02
  -1.1204e+02
  -1.1102e+02
  -1.0994e+02
  -1.0880e+02
  -1.0760e+02
  -1.0634e+02
  -1.0503e+02
  -1.0492e+02
  -1.0348e+02
  -1.0199e+02
  -1.0043e+02
  -9.8811e+01
  -9.7125e+01
  -9.5377e+01
  -9.3564e+01
  -9.1683e+01
  -8.9736e+01
  -8.6670e+01
  -8.4629e+01
  -8.2537e+01
  -7.9437e+01
  -7.7274e+01
  -7.5069e+01
  -7.2827e+01
  -7.0554e+01
  -6.8252e+01
  -6.5925e+01
  -6.3571e+01
  -6.1189e+01
  -5.8773e+01
  -5.6321e+01
  -5.3831e+01
  -5.1294e+01
  -8.6637e+01
  -8.4731e+01
  -8.2771e+01
  -8.0752e+01
  -7.8672e+01
  -7.6531e+01
  -7.4332e+01
  -7.2078e+01
  -6.9776e+01
  -6.7433e+01
  -6.5066e+01
  -6.2697e+01
  -6.0358e+01
  -5.8075e+01
  -5.5864e+01
  -5.3736e+01
  -5.1684e+01
  -5.0280e+01
  -4.8263e+01
  -4.5661e+01
  -4.3559e+01
  -4.1313e+01
  -3.8855e+01
  -8.4447e+01
  -8.1708e+01
  -7.8505e+01
  -7.4790e+01
  -7.0649e+01
  -6.6511e+01
  -6.3106e+01
  -6.1272e+01
  -6.1464e+01
  -6.3423e+01
  -6.6313e+01
  -6.9259e+01
  -7.1766e+01
  -7.3673e+01
  -7.4992e+01
  -7.5807e+01
  -7.6242e+01
  -7.6509e+01
  -7.6631e+01
  -7.6432e+01
  -7.6021e+01
  -7.4599e+01
  -7.4084e+01
  -7.3640e+01
  -7.3332e+01
  -7.3074e+01
  -7.2937e+01
  -7.2960e+01
  -7.3065e+01
  -7.3264e+01
  -7.3592e+01
  -7.4040e+01
  -7.4591e+01
  -7.5222e+01
  -7.5901e+01
  -7.6603e+01
  -7.7347e+01
  -7.8099e+01
  -7.8862e+01
  -7.9627e+01
  -8.0368e+01
  -8.1074e+01
  -8.1747e+01
  -8.3409e+01
  -8.4040e+01
  -8.3608e+01
  -8.4141e+01
  -8.4624e+01
  -8.5057e+01
  -8.5439e+01
  -8.5781e+01
  -8.6109e+01
  -8.6415e+01
  -8.6688e+01
  -8.6927e+01
