  -2.0001e-08
  -2.0001e-08
  -2.0001e-08
  -2.0000e-08
  -2.0000e-08
  -1.9999e-08
  -1.9998e-08
  -1.9997e-08
  -1.9996e-08
  -1.9995e-08
  -1.9994e-08
  -1.9994e-08
  -1.9993e-08
  -1.9993e-08
  -1.9993e-08
  -1.9994e-08
  -1.9994e-08
  -1.9994e-08
  -1.9994e-08
  -1.9994e-08
  -1.9994e-08
  -1.9993e-08
  -1.9992e-08
  -1.9990e-08
  -1.9988e-08
  -1.9987e-08
  -1.9985e-08
  -1.9984e-08
  -1.9982e-08
  -1.9981e-08
  -1.9981e-08
  -1.9980e-08
  -1.9980e-08
  -1.9980e-08
  -1.9980e-08
  -1.9980e-08
  -1.9980e-08
  -1.9979e-08
  -1.9979e-08
  -1.9978e-08
  -1.9976e-08
  -1.9975e-08
  -1.9973e-08
  -1.9972e-08
  -1.9970e-08
  -1.9969e-08
  -1.9968e-08
  -1.9967e-08
  -1.9966e-08
  -1.9966e-08
  -1.9966e-08
  -1.9966e-08
  -1.9966e-08
  -1.9965e-08
  -1.9965e-08
  -1.9964e-08
  -1.9963e-08
  -1.9962e-08
  -1.9960e-08
  -1.9959e-08
  -1.9957e-08
  -1.9955e-08
  -1.9954e-08
  -1.9953e-08
  -1.9952e-08
  -1.9951e-08
  -1.9951e-08
  -1.9951e-08
  -1.9952e-08
  -1.9952e-08
  -1.9952e-08
  -1.9953e-08
  -1.9953e-08
  -1.9953e-08
  -1.9952e-08
  -1.9951e-08
  -1.9950e-08
  -1.9949e-08
  -1.9948e-08
  -1.9947e-08
  -1.9946e-08
  -1.9946e-08
  -1.9945e-08
  -1.9945e-08
  -1.9945e-08
  -1.9945e-08
  -1.9945e-08
  -1.9945e-08
  -1.9945e-08
  -1.9945e-08
  -1.9944e-08
  -1.9943e-08
  -1.9942e-08
  -1.9940e-08
  -1.9938e-08
  -1.9937e-08
  -1.9935e-08
  -1.9934e-08
  -1.9932e-08
  -1.9931e-08
  -1.9931e-08
  -1.9930e-08
  -1.9930e-08
  -1.9930e-08
  -1.9930e-08
  -1.9930e-08
  -1.9930e-08
  -1.9929e-08
  -1.9929e-08
  -1.9928e-08
  -1.9926e-08
  -1.9925e-08
  -1.9923e-08
  -1.9921e-08
  -1.9920e-08
  -1.9918e-08
  -1.9917e-08
  -1.9916e-08
  -1.9915e-08
  -1.9915e-08
  -1.9914e-08
  -1.9914e-08
  -1.9914e-08
  -1.9913e-08
  -1.9913e-08
  -1.9912e-08
  -1.9911e-08
  -1.9909e-08
  -1.9908e-08
  -1.9906e-08
  -1.9906e-08
  -1.9906e-08
  -1.9906e-08
  -1.9907e-08
  -1.9908e-08
  -1.9909e-08
  -1.9910e-08
  -1.9912e-08
  -1.9914e-08
  -1.9916e-08
  -1.9918e-08
  -1.9919e-08
  -1.9921e-08
  -1.9923e-08
  -1.9924e-08
  -1.9925e-08
  -1.9925e-08
  -1.9926e-08
  -1.9926e-08
  -1.9926e-08
  -1.9926e-08
  -1.9927e-08
  -1.9927e-08
  -1.9928e-08
  -1.9929e-08
  -1.9930e-08
  -1.9932e-08
  -1.9933e-08
  -1.9934e-08
  -1.9936e-08
  -1.9937e-08
  -1.9938e-08
  -1.9938e-08
  -1.9938e-08
  -1.9938e-08
  -1.9938e-08
  -1.9938e-08
  -1.9938e-08
  -1.9938e-08
  -1.9938e-08
  -1.9938e-08
  -1.9939e-08
  -1.9939e-08
  -1.9940e-08
  -1.9942e-08
  -1.9943e-08
  -1.9944e-08
  -1.9946e-08
  -1.9947e-08
  -1.9948e-08
  -1.9949e-08
  -1.9949e-08
  -1.9949e-08
  -1.9949e-08
  -1.9949e-08
  -1.9949e-08
  -1.9949e-08
  -1.9949e-08
  -1.9949e-08
  -1.9949e-08
  -1.9950e-08
  -1.9950e-08
  -1.9951e-08
  -1.9953e-08
  -1.9954e-08
  -1.9955e-08
  -1.9957e-08
  -1.9958e-08
  -1.9958e-08
  -1.9959e-08
  -1.9959e-08
  -1.9960e-08
  -1.9960e-08
  -1.9960e-08
  -1.9960e-08
  -1.9961e-08
  -1.9961e-08
  -1.9962e-08
  -1.9963e-08
  -1.9965e-08
  -1.9966e-08
  -1.9968e-08
  -1.9970e-08
  -1.9972e-08
  -1.9974e-08
  -1.9975e-08
  -1.9977e-08
  -1.9977e-08
  -1.9978e-08
  -1.9978e-08
  -1.9978e-08
  -1.9978e-08
  -1.9978e-08
  -1.9978e-08
  -1.9978e-08
  -1.9979e-08
  -1.9979e-08
  -1.9980e-08
  -1.9981e-08
  -1.9982e-08
  -1.9983e-08
  -1.9984e-08
  -1.9986e-08
  -1.9987e-08
  -1.9987e-08
  -1.9988e-08
  -1.9988e-08
  -1.9988e-08
  -1.9988e-08
  -1.9988e-08
  -1.9987e-08
  -1.9987e-08
  -1.9988e-08
  -1.9988e-08
  -1.9989e-08
  -1.9990e-08
  -1.9991e-08
  -1.9992e-08
  -1.9993e-08
  -1.9995e-08
  -1.9996e-08
  -1.9997e-08
  -1.9998e-08
  -1.9999e-08
  -1.9999e-08
  -1.9999e-08
  -1.9999e-08
  -1.9998e-08
  -1.9998e-08
  -1.9998e-08
  -1.9999e-08
  -1.9999e-08
  -2.0000e-08
  -2.0001e-08
  -2.0002e-08
  -2.0003e-08
  -2.0005e-08
  -2.0006e-08
  -2.0008e-08
  -2.0010e-08
  -2.0011e-08
  -2.0012e-08
  -2.0014e-08
  -2.0014e-08
  -2.0015e-08
  -2.0016e-08
  -2.0016e-08
  -2.0016e-08
  -2.0017e-08
  -2.0018e-08
  -2.0019e-08
  -2.0020e-08
  -2.0021e-08
  -2.0023e-08
  -2.0024e-08
  -2.0026e-08
  -2.0027e-08
  -2.0029e-08
  -2.0031e-08
  -2.0032e-08
  -2.0033e-08
  -2.0034e-08
  -2.0034e-08
  -2.0034e-08
  -2.0034e-08
  -2.0034e-08
  -2.0033e-08
  -2.0033e-08
  -2.0033e-08
  -2.0033e-08
  -2.0034e-08
  -2.0034e-08
  -2.0035e-08
  -2.0036e-08
  -2.0037e-08
  -2.0038e-08
  -2.0040e-08
  -2.0041e-08
  -2.0042e-08
  -2.0043e-08
  -2.0043e-08
  -2.0043e-08
  -2.0043e-08
  -2.0043e-08
  -2.0043e-08
  -2.0043e-08
  -2.0043e-08
  -2.0044e-08
  -2.0044e-08
  -2.0045e-08
  -2.0045e-08
  -2.0046e-08
  -2.0048e-08
  -2.0049e-08
  -2.0050e-08
  -2.0052e-08
  -2.0053e-08
  -2.0054e-08
  -2.0055e-08
  -2.0055e-08
  -2.0055e-08
  -2.0055e-08
  -2.0055e-08
  -2.0055e-08
  -2.0055e-08
  -2.0055e-08
  -2.0055e-08
  -2.0056e-08
  -2.0057e-08
  -2.0058e-08
  -2.0059e-08
  -2.0061e-08
  -2.0062e-08
  -2.0064e-08
  -2.0066e-08
  -2.0067e-08
  -2.0069e-08
  -2.0070e-08
  -2.0071e-08
  -2.0071e-08
  -2.0072e-08
  -2.0072e-08
  -2.0072e-08
  -2.0073e-08
  -2.0073e-08
  -2.0074e-08
  -2.0074e-08
  -2.0075e-08
  -2.0076e-08
  -2.0077e-08
  -2.0078e-08
  -2.0080e-08
  -2.0081e-08
  -2.0082e-08
  -2.0083e-08
  -2.0084e-08
  -2.0085e-08
  -2.0085e-08
  -2.0085e-08
  -2.0084e-08
  -2.0084e-08
  -2.0084e-08
  -2.0083e-08
  -2.0083e-08
  -2.0083e-08
  -2.0084e-08
  -2.0084e-08
  -2.0085e-08
  -2.0086e-08
  -2.0087e-08
  -2.0089e-08
  -2.0090e-08
  -2.0091e-08
  -2.0092e-08
  -2.0093e-08
  -2.0094e-08
  -2.0094e-08
  -2.0094e-08
  -2.0093e-08
  -2.0093e-08
  -2.0093e-08
  -2.0092e-08
  -2.0092e-08
  -2.0092e-08
  -2.0092e-08
  -2.0092e-08
  -2.0093e-08
  -2.0093e-08
  -2.0094e-08
  -2.0095e-08
  -2.0096e-08
  -2.0097e-08
  -2.0097e-08
  -2.0098e-08
  -2.0098e-08
  -2.0098e-08
  -2.0097e-08
  -2.0097e-08
  -2.0096e-08
  -2.0096e-08
  -2.0095e-08
  -2.0095e-08
  -2.0096e-08
  -2.0096e-08
  -2.0097e-08
  -2.0097e-08
  -2.0098e-08
  -2.0100e-08
  -2.0101e-08
  -2.0102e-08
  -2.0103e-08
  -2.0104e-08
  -2.0104e-08
  -2.0104e-08
  -2.0104e-08
  -2.0104e-08
  -2.0103e-08
  -2.0103e-08
  -2.0102e-08
  -2.0101e-08
  -2.0101e-08
  -2.0101e-08
  -2.0101e-08
  -2.0101e-08
  -2.0101e-08
  -2.0101e-08
  -2.0102e-08
  -2.0102e-08
  -2.0103e-08
  -2.0103e-08
  -2.0103e-08
  -2.0103e-08
  -2.0102e-08
  -2.0101e-08
  -2.0101e-08
  -2.0100e-08
  -2.0099e-08
  -2.0098e-08
  -2.0097e-08
  -2.0097e-08
  -2.0097e-08
  -2.0097e-08
  -2.0097e-08
  -2.0098e-08
  -2.0098e-08
  -2.0099e-08
  -2.0100e-08
  -2.0100e-08
  -2.0101e-08
  -2.0101e-08
  -2.0101e-08
  -2.0100e-08
  -2.0099e-08
  -2.0099e-08
  -2.0098e-08
  -2.0097e-08
  -2.0096e-08
  -2.0095e-08
  -2.0095e-08
  -2.0095e-08
  -2.0095e-08
  -2.0095e-08
  -2.0095e-08
  -2.0096e-08
  -2.0097e-08
  -2.0098e-08
  -2.0098e-08
  -2.0099e-08
  -2.0099e-08
  -2.0099e-08
  -2.0099e-08
  -2.0099e-08
  -2.0098e-08
  -2.0098e-08
  -2.0098e-08
  -2.0098e-08
  -2.0098e-08
  -2.0098e-08
  -2.0098e-08
  -2.0099e-08
  -2.0100e-08
  -2.0100e-08
  -2.0101e-08
  -2.0102e-08
  -2.0103e-08
  -2.0104e-08
  -2.0104e-08
  -2.0104e-08
  -2.0104e-08
  -2.0103e-08
  -2.0103e-08
  -2.0102e-08
  -2.0101e-08
  -2.0100e-08
  -2.0099e-08
  -2.0099e-08
  -2.0098e-08
  -2.0098e-08
  -2.0098e-08
  -2.0098e-08
  -2.0099e-08
  -2.0099e-08
  -2.0100e-08
  -2.0101e-08
  -2.0101e-08
  -2.0100e-08
  -2.0100e-08
  -2.0099e-08
  -2.0098e-08
  -2.0097e-08
  -2.0096e-08
  -2.0094e-08
  -2.0093e-08
  -2.0092e-08
  -2.0092e-08
  -2.0091e-08
  -2.0091e-08
  -2.0091e-08
  -2.0091e-08
  -2.0091e-08
  -2.0091e-08
  -2.0091e-08
  -2.0091e-08
  -2.0090e-08
  -2.0090e-08
  -2.0088e-08
  -2.0087e-08
  -2.0086e-08
  -2.0084e-08
  -2.0083e-08
  -2.0081e-08
  -2.0080e-08
  -2.0080e-08
  -2.0079e-08
  -2.0079e-08
  -2.0079e-08
  -2.0079e-08
  -2.0080e-08
  -2.0080e-08
  -2.0080e-08
  -2.0081e-08
  -2.0081e-08
  -2.0080e-08
  -2.0079e-08
  -2.0079e-08
  -2.0078e-08
  -2.0077e-08
  -2.0075e-08
  -2.0075e-08
  -2.0074e-08
  -2.0073e-08
  -2.0073e-08
  -2.0073e-08
  -2.0073e-08
  -2.0073e-08
  -2.0073e-08
  -2.0073e-08
  -2.0073e-08
  -2.0073e-08
  -2.0072e-08
  -2.0071e-08
  -2.0070e-08
  -2.0068e-08
  -2.0067e-08
  -2.0065e-08
  -2.0064e-08
  -2.0063e-08
  -2.0062e-08
  -2.0061e-08
  -2.0060e-08
  -2.0060e-08
  -2.0060e-08
  -2.0060e-08
  -2.0060e-08
  -2.0060e-08
  -2.0060e-08
  -2.0060e-08
  -2.0059e-08
  -2.0059e-08
  -2.0057e-08
  -2.0056e-08
  -2.0054e-08
  -2.0053e-08
  -2.0051e-08
  -2.0050e-08
  -2.0049e-08
  -2.0048e-08
  -2.0047e-08
  -2.0047e-08
  -2.0047e-08
  -2.0046e-08
  -2.0046e-08
  -2.0046e-08
  -2.0046e-08
  -2.0045e-08
  -2.0044e-08
  -2.0043e-08
  -2.0041e-08
  -2.0040e-08
  -2.0038e-08
  -2.0036e-08
  -2.0035e-08
  -2.0034e-08
  -2.0033e-08
  -2.0033e-08
  -2.0033e-08
  -2.0033e-08
  -2.0033e-08
  -2.0033e-08
  -2.0034e-08
  -2.0034e-08
  -2.0034e-08
  -2.0034e-08
  -2.0034e-08
  -2.0033e-08
  -2.0032e-08
  -2.0031e-08
  -2.0029e-08
  -2.0028e-08
  -2.0027e-08
  -2.0026e-08
  -2.0025e-08
  -2.0025e-08
  -2.0025e-08
  -2.0025e-08
  -2.0025e-08
  -2.0025e-08
  -2.0025e-08
  -2.0025e-08
  -2.0025e-08
  -2.0024e-08
