  -2.0001e-08
  -1.9979e-08
  -1.9974e-08
  -1.9968e-08
  -1.9962e-08
  -1.9981e-08
  -1.9978e-08
  -1.9974e-08
  -1.9969e-08
  -1.9988e-08
  -1.9985e-08
  -1.9982e-08
  -1.9977e-08
  -1.9988e-08
  -1.9982e-08
  -1.9968e-08
  -1.9954e-08
  -1.9968e-08
  -1.9964e-08
  -1.9959e-08
  -1.9954e-08
  -1.9968e-08
  -1.9964e-08
  -1.9959e-08
  -1.9954e-08
  -1.9968e-08
  -1.9964e-08
  -1.9959e-08
  -1.9954e-08
  -1.9968e-08
  -1.9964e-08
  -1.9959e-08
  -1.9954e-08
  -1.9968e-08
  -1.9964e-08
  -1.9959e-08
  -1.9954e-08
  -1.9968e-08
  -1.9963e-08
  -1.9959e-08
  -1.9954e-08
  -1.9968e-08
  -1.9963e-08
  -1.9959e-08
  -1.9954e-08
  -1.9968e-08
  -1.9963e-08
  -1.9959e-08
  -1.9954e-08
  -1.9967e-08
  -1.9963e-08
  -1.9959e-08
  -1.9954e-08
  -1.9967e-08
  -1.9963e-08
  -1.9959e-08
  -1.9954e-08
  -1.9967e-08
  -1.9963e-08
  -1.9959e-08
  -1.9954e-08
  -1.9967e-08
  -1.9963e-08
  -1.9958e-08
  -1.9954e-08
  -1.9967e-08
  -1.9963e-08
  -1.9958e-08
  -1.9954e-08
  -1.9967e-08
  -1.9963e-08
  -1.9958e-08
  -1.9954e-08
  -1.9967e-08
  -1.9962e-08
  -1.9958e-08
  -1.9954e-08
  -1.9966e-08
  -1.9962e-08
  -1.9958e-08
  -1.9953e-08
  -1.9966e-08
  -1.9962e-08
  -1.9958e-08
  -1.9953e-08
  -1.9966e-08
  -1.9962e-08
  -1.9958e-08
  -1.9953e-08
  -1.9966e-08
  -1.9962e-08
  -1.9958e-08
  -1.9953e-08
  -1.9966e-08
  -1.9962e-08
  -1.9958e-08
  -1.9953e-08
  -1.9966e-08
  -1.9962e-08
  -1.9958e-08
  -1.9953e-08
  -1.9966e-08
  -1.9962e-08
  -1.9957e-08
  -1.9953e-08
  -1.9965e-08
  -1.9962e-08
  -1.9957e-08
  -1.9953e-08
  -1.9965e-08
  -1.9961e-08
  -1.9957e-08
  -1.9953e-08
  -1.9965e-08
  -1.9961e-08
  -1.9957e-08
  -1.9953e-08
  -1.9965e-08
  -1.9961e-08
  -1.9957e-08
  -1.9953e-08
  -1.9965e-08
  -1.9961e-08
  -1.9957e-08
  -1.9953e-08
  -1.9965e-08
  -1.9961e-08
  -1.9957e-08
  -1.9953e-08
  -1.9964e-08
  -1.9961e-08
  -1.9957e-08
  -1.9953e-08
  -1.9964e-08
  -1.9961e-08
  -1.9957e-08
  -1.9953e-08
  -1.9964e-08
  -1.9960e-08
  -1.9957e-08
  -1.9952e-08
  -1.9964e-08
  -1.9960e-08
  -1.9956e-08
  -1.9952e-08
  -1.9964e-08
  -1.9960e-08
  -1.9956e-08
  -1.9952e-08
  -1.9964e-08
  -1.9960e-08
  -1.9956e-08
  -1.9952e-08
  -1.9964e-08
  -1.9960e-08
  -1.9956e-08
  -1.9952e-08
  -1.9963e-08
  -1.9960e-08
  -1.9956e-08
  -1.9952e-08
  -1.9963e-08
  -1.9960e-08
  -1.9956e-08
  -1.9952e-08
  -1.9963e-08
  -1.9960e-08
  -1.9956e-08
  -1.9952e-08
  -1.9963e-08
  -1.9960e-08
  -1.9956e-08
  -1.9952e-08
  -1.9963e-08
  -1.9959e-08
  -1.9956e-08
  -1.9952e-08
  -1.9963e-08
  -1.9959e-08
  -1.9956e-08
  -1.9952e-08
  -1.9962e-08
  -1.9959e-08
  -1.9955e-08
  -1.9952e-08
  -1.9962e-08
  -1.9959e-08
  -1.9955e-08
  -1.9952e-08
  -1.9962e-08
  -1.9959e-08
  -1.9955e-08
  -1.9952e-08
  -1.9962e-08
  -1.9959e-08
  -1.9955e-08
  -1.9952e-08
  -1.9962e-08
  -1.9958e-08
  -1.9955e-08
  -1.9951e-08
  -1.9961e-08
  -1.9958e-08
  -1.9955e-08
  -1.9951e-08
  -1.9961e-08
  -1.9958e-08
  -1.9955e-08
  -1.9951e-08
  -1.9961e-08
  -1.9958e-08
  -1.9955e-08
  -1.9951e-08
  -1.9961e-08
  -1.9958e-08
  -1.9955e-08
  -1.9951e-08
  -1.9961e-08
  -1.9958e-08
  -1.9955e-08
  -1.9951e-08
  -1.9961e-08
  -1.9958e-08
  -1.9954e-08
  -1.9951e-08
  -1.9960e-08
  -1.9957e-08
  -1.9954e-08
  -1.9951e-08
  -1.9960e-08
  -1.9957e-08
  -1.9954e-08
  -1.9951e-08
  -1.9960e-08
  -1.9957e-08
  -1.9954e-08
  -1.9951e-08
  -1.9960e-08
  -1.9957e-08
  -1.9954e-08
  -1.9951e-08
  -1.9960e-08
  -1.9957e-08
  -1.9954e-08
  -1.9951e-08
  -1.9959e-08
  -1.9957e-08
  -1.9954e-08
  -1.9951e-08
  -1.9959e-08
  -1.9957e-08
  -1.9954e-08
  -1.9950e-08
  -1.9959e-08
  -1.9956e-08
  -1.9953e-08
  -1.9950e-08
  -1.9959e-08
  -1.9956e-08
  -1.9953e-08
  -1.9950e-08
  -1.9959e-08
  -1.9956e-08
  -1.9953e-08
  -1.9950e-08
  -1.9959e-08
  -1.9956e-08
  -1.9953e-08
  -1.9950e-08
  -1.9958e-08
  -1.9956e-08
  -1.9953e-08
  -1.9950e-08
  -1.9958e-08
  -1.9956e-08
  -1.9953e-08
  -1.9950e-08
  -1.9958e-08
  -1.9955e-08
  -1.9953e-08
  -1.9950e-08
  -1.9958e-08
  -1.9955e-08
  -1.9953e-08
  -1.9950e-08
  -1.9957e-08
  -1.9955e-08
  -1.9953e-08
  -1.9950e-08
  -1.9957e-08
  -1.9955e-08
  -1.9952e-08
  -1.9950e-08
  -1.9957e-08
  -1.9955e-08
  -1.9952e-08
  -1.9950e-08
  -1.9957e-08
  -1.9955e-08
  -1.9952e-08
  -1.9950e-08
  -1.9957e-08
  -1.9955e-08
  -1.9952e-08
  -1.9949e-08
  -1.9957e-08
  -1.9954e-08
  -1.9952e-08
  -1.9949e-08
  -1.9956e-08
  -1.9954e-08
  -1.9952e-08
  -1.9949e-08
  -1.9956e-08
  -1.9954e-08
  -1.9952e-08
  -1.9949e-08
  -1.9956e-08
  -1.9954e-08
  -1.9952e-08
  -1.9949e-08
  -1.9956e-08
  -1.9954e-08
  -1.9952e-08
  -1.9949e-08
  -1.9956e-08
  -1.9954e-08
  -1.9951e-08
  -1.9949e-08
  -1.9955e-08
  -1.9953e-08
  -1.9951e-08
  -1.9949e-08
  -1.9955e-08
  -1.9953e-08
  -1.9951e-08
  -1.9949e-08
  -1.9955e-08
  -1.9953e-08
  -1.9951e-08
  -1.9949e-08
  -1.9955e-08
  -1.9953e-08
  -1.9951e-08
  -1.9949e-08
  -1.9954e-08
  -1.9953e-08
  -1.9951e-08
  -1.9949e-08
  -1.9954e-08
  -1.9953e-08
  -1.9951e-08
  -1.9948e-08
  -1.9954e-08
  -1.9952e-08
  -1.9951e-08
  -1.9948e-08
  -1.9954e-08
  -1.9952e-08
  -1.9950e-08
  -1.9948e-08
  -1.9954e-08
  -1.9952e-08
  -1.9950e-08
  -1.9948e-08
  -1.9954e-08
  -1.9952e-08
  -1.9950e-08
  -1.9948e-08
  -1.9953e-08
  -1.9952e-08
  -1.9950e-08
  -1.9948e-08
  -1.9953e-08
  -1.9952e-08
  -1.9950e-08
  -1.9948e-08
  -1.9953e-08
  -1.9951e-08
  -1.9950e-08
  -1.9948e-08
  -1.9953e-08
  -1.9951e-08
  -1.9950e-08
  -1.9948e-08
  -1.9952e-08
  -1.9951e-08
  -1.9949e-08
  -1.9948e-08
  -1.9952e-08
  -1.9951e-08
  -1.9949e-08
  -1.9948e-08
  -1.9952e-08
  -1.9951e-08
  -1.9949e-08
  -1.9948e-08
  -1.9952e-08
  -1.9951e-08
  -1.9949e-08
  -1.9947e-08
  -1.9952e-08
  -1.9950e-08
  -1.9949e-08
  -1.9947e-08
  -1.9951e-08
  -1.9950e-08
  -1.9949e-08
  -1.9947e-08
  -1.9951e-08
  -1.9950e-08
  -1.9949e-08
  -1.9947e-08
  -1.9951e-08
  -1.9950e-08
  -1.9949e-08
  -1.9947e-08
  -1.9951e-08
  -1.9950e-08
  -1.9949e-08
  -1.9947e-08
  -1.9951e-08
  -1.9950e-08
  -1.9948e-08
  -1.9947e-08
  -1.9950e-08
  -1.9949e-08
  -1.9948e-08
  -1.9947e-08
  -1.9950e-08
  -1.9949e-08
  -1.9948e-08
  -1.9947e-08
  -1.9950e-08
  -1.9949e-08
  -1.9948e-08
  -1.9947e-08
  -1.9950e-08
  -1.9949e-08
  -1.9948e-08
  -1.9947e-08
  -1.9950e-08
  -1.9949e-08
  -1.9948e-08
  -1.9947e-08
  -1.9949e-08
  -1.9949e-08
  -1.9948e-08
  -1.9946e-08
  -1.9949e-08
  -1.9948e-08
  -1.9948e-08
  -1.9946e-08
  -1.9949e-08
  -1.9948e-08
  -1.9947e-08
  -1.9946e-08
  -1.9949e-08
  -1.9948e-08
  -1.9947e-08
  -1.9946e-08
  -1.9949e-08
  -1.9948e-08
  -1.9947e-08
  -1.9946e-08
  -1.9948e-08
  -1.9948e-08
  -1.9947e-08
  -1.9946e-08
  -1.9948e-08
  -1.9948e-08
  -1.9947e-08
  -1.9946e-08
  -1.9948e-08
  -1.9947e-08
  -1.9947e-08
  -1.9946e-08
  -1.9948e-08
  -1.9947e-08
  -1.9947e-08
  -1.9946e-08
  -1.9947e-08
  -1.9947e-08
  -1.9946e-08
  -1.9946e-08
  -1.9947e-08
  -1.9947e-08
  -1.9946e-08
  -1.9946e-08
  -1.9947e-08
  -1.9947e-08
  -1.9946e-08
  -1.9946e-08
  -1.9947e-08
  -1.9946e-08
  -1.9946e-08
  -1.9945e-08
  -1.9946e-08
  -1.9946e-08
  -1.9946e-08
  -1.9945e-08
  -1.9946e-08
  -1.9946e-08
  -1.9946e-08
  -1.9945e-08
  -1.9946e-08
  -1.9946e-08
  -1.9946e-08
  -1.9945e-08
  -1.9946e-08
  -1.9946e-08
  -1.9946e-08
  -1.9945e-08
  -1.9946e-08
  -1.9946e-08
  -1.9946e-08
  -1.9945e-08
  -1.9946e-08
  -1.9946e-08
  -1.9945e-08
  -1.9945e-08
  -1.9945e-08
  -1.9945e-08
  -1.9945e-08
  -1.9945e-08
  -1.9945e-08
  -1.9945e-08
  -1.9945e-08
  -1.9945e-08
  -1.9945e-08
  -1.9945e-08
  -1.9945e-08
  -1.9945e-08
  -1.9945e-08
  -1.9945e-08
  -1.9945e-08
  -1.9945e-08
  -1.9944e-08
  -1.9945e-08
  -1.9945e-08
  -1.9945e-08
  -1.9944e-08
  -1.9944e-08
  -1.9945e-08
  -1.9944e-08
  -1.9944e-08
  -1.9944e-08
  -1.9944e-08
  -1.9944e-08
  -1.9944e-08
  -1.9944e-08
  -1.9944e-08
  -1.9944e-08
  -1.9944e-08
  -1.9944e-08
  -1.9944e-08
  -1.9944e-08
  -1.9943e-08
  -1.9944e-08
  -1.9944e-08
  -1.9944e-08
  -1.9943e-08
  -1.9944e-08
  -1.9944e-08
  -1.9944e-08
  -1.9943e-08
  -1.9944e-08
  -1.9944e-08
  -1.9944e-08
  -1.9943e-08
  -1.9943e-08
  -1.9944e-08
  -1.9944e-08
  -1.9943e-08
  -1.9943e-08
  -1.9944e-08
  -1.9944e-08
  -1.9942e-08
  -1.9943e-08
  -1.9943e-08
  -1.9944e-08
  -1.9942e-08
  -1.9943e-08
  -1.9943e-08
  -1.9944e-08
  -1.9942e-08
  -1.9943e-08
  -1.9943e-08
  -1.9944e-08
  -1.9942e-08
  -1.9942e-08
  -1.9943e-08
  -1.9943e-08
  -1.9942e-08
  -1.9942e-08
  -1.9943e-08
  -1.9943e-08
  -1.9941e-08
  -1.9942e-08
  -1.9943e-08
  -1.9943e-08
  -1.9941e-08
  -1.9942e-08
  -1.9943e-08
  -1.9943e-08
  -1.9941e-08
  -1.9942e-08
  -1.9943e-08
  -1.9943e-08
  -1.9941e-08
  -1.9942e-08
  -1.9943e-08
  -1.9943e-08
  -1.9941e-08
  -1.9942e-08
  -1.9942e-08
  -1.9943e-08
  -1.9940e-08
  -1.9941e-08
  -1.9942e-08
  -1.9943e-08
  -1.9940e-08
  -1.9941e-08
  -1.9942e-08
  -1.9943e-08
  -1.9940e-08
  -1.9941e-08
  -1.9942e-08
  -1.9943e-08
  -1.9940e-08
  -1.9941e-08
  -1.9942e-08
  -1.9943e-08
  -1.9939e-08
  -1.9941e-08
  -1.9942e-08
  -1.9943e-08
  -1.9939e-08
  -1.9940e-08
  -1.9942e-08
  -1.9942e-08
  -1.9939e-08
  -1.9940e-08
  -1.9941e-08
  -1.9942e-08
  -1.9939e-08
  -1.9940e-08
  -1.9941e-08
  -1.9942e-08
  -1.9938e-08
  -1.9940e-08
  -1.9941e-08
  -1.9942e-08
  -1.9938e-08
  -1.9940e-08
  -1.9941e-08
  -1.9942e-08
  -1.9938e-08
  -1.9940e-08
  -1.9941e-08
  -1.9942e-08
  -1.9938e-08
  -1.9940e-08
  -1.9941e-08
  -1.9942e-08
  -1.9938e-08
  -1.9939e-08
  -1.9941e-08
  -1.9942e-08
  -1.9938e-08
  -1.9939e-08
  -1.9941e-08
  -1.9942e-08
  -1.9937e-08
  -1.9939e-08
  -1.9940e-08
  -1.9942e-08
  -1.9937e-08
  -1.9939e-08
  -1.9940e-08
  -1.9942e-08
  -1.9937e-08
  -1.9939e-08
  -1.9940e-08
  -1.9942e-08
  -1.9937e-08
  -1.9938e-08
  -1.9940e-08
  -1.9941e-08
  -1.9936e-08
  -1.9938e-08
  -1.9940e-08
  -1.9941e-08
  -1.9936e-08
  -1.9938e-08
  -1.9940e-08
  -1.9941e-08
  -1.9936e-08
  -1.9938e-08
  -1.9940e-08
  -1.9941e-08
  -1.9936e-08
  -1.9938e-08
  -1.9940e-08
  -1.9941e-08
  -1.9936e-08
  -1.9938e-08
  -1.9939e-08
  -1.9941e-08
  -1.9936e-08
  -1.9938e-08
  -1.9939e-08
  -1.9941e-08
  -1.9935e-08
  -1.9938e-08
  -1.9939e-08
  -1.9941e-08
  -1.9935e-08
  -1.9937e-08
  -1.9939e-08
  -1.9941e-08
  -1.9935e-08
  -1.9937e-08
  -1.9939e-08
  -1.9941e-08
  -1.9935e-08
  -1.9937e-08
  -1.9939e-08
  -1.9941e-08
  -1.9934e-08
  -1.9937e-08
  -1.9939e-08
  -1.9941e-08
  -1.9934e-08
  -1.9937e-08
  -1.9939e-08
  -1.9940e-08
  -1.9934e-08
  -1.9936e-08
  -1.9938e-08
  -1.9940e-08
  -1.9934e-08
  -1.9936e-08
  -1.9938e-08
  -1.9940e-08
  -1.9934e-08
  -1.9936e-08
  -1.9938e-08
  -1.9940e-08
  -1.9933e-08
  -1.9936e-08
  -1.9938e-08
  -1.9940e-08
  -1.9933e-08
  -1.9936e-08
  -1.9938e-08
  -1.9940e-08
  -1.9933e-08
  -1.9936e-08
  -1.9938e-08
  -1.9940e-08
  -1.9933e-08
  -1.9935e-08
  -1.9938e-08
  -1.9940e-08
  -1.9933e-08
  -1.9935e-08
  -1.9938e-08
  -1.9940e-08
  -1.9933e-08
  -1.9935e-08
  -1.9938e-08
  -1.9940e-08
  -1.9932e-08
  -1.9935e-08
  -1.9937e-08
  -1.9940e-08
  -1.9932e-08
  -1.9935e-08
  -1.9937e-08
  -1.9940e-08
  -1.9932e-08
  -1.9935e-08
  -1.9937e-08
  -1.9940e-08
  -1.9932e-08
  -1.9935e-08
  -1.9937e-08
  -1.9939e-08
  -1.9932e-08
  -1.9934e-08
  -1.9937e-08
  -1.9939e-08
  -1.9931e-08
  -1.9934e-08
  -1.9937e-08
  -1.9939e-08
  -1.9931e-08
  -1.9934e-08
  -1.9937e-08
  -1.9939e-08
  -1.9931e-08
  -1.9934e-08
  -1.9937e-08
  -1.9939e-08
  -1.9931e-08
  -1.9934e-08
  -1.9937e-08
  -1.9939e-08
  -1.9931e-08
  -1.9934e-08
  -1.9937e-08
  -1.9939e-08
  -1.9931e-08
  -1.9934e-08
  -1.9937e-08
  -1.9939e-08
  -1.9931e-08
  -1.9934e-08
  -1.9936e-08
  -1.9939e-08
  -1.9930e-08
  -1.9933e-08
  -1.9936e-08
  -1.9939e-08
  -1.9930e-08
  -1.9933e-08
  -1.9936e-08
  -1.9939e-08
  -1.9930e-08
  -1.9933e-08
  -1.9936e-08
  -1.9939e-08
  -1.9930e-08
  -1.9933e-08
  -1.9936e-08
  -1.9939e-08
  -1.9930e-08
  -1.9933e-08
  -1.9936e-08
  -1.9939e-08
  -1.9929e-08
  -1.9933e-08
  -1.9936e-08
  -1.9939e-08
  -1.9929e-08
  -1.9932e-08
  -1.9936e-08
  -1.9938e-08
  -1.9929e-08
  -1.9932e-08
  -1.9935e-08
  -1.9938e-08
  -1.9929e-08
  -1.9932e-08
  -1.9935e-08
  -1.9938e-08
  -1.9929e-08
  -1.9932e-08
  -1.9935e-08
  -1.9938e-08
  -1.9929e-08
  -1.9932e-08
  -1.9935e-08
  -1.9938e-08
  -1.9928e-08
  -1.9932e-08
  -1.9935e-08
  -1.9938e-08
  -1.9928e-08
  -1.9932e-08
  -1.9935e-08
  -1.9938e-08
  -1.9928e-08
  -1.9932e-08
  -1.9935e-08
  -1.9938e-08
  -1.9928e-08
  -1.9931e-08
  -1.9935e-08
  -1.9938e-08
  -1.9928e-08
  -1.9931e-08
  -1.9935e-08
  -1.9938e-08
  -1.9927e-08
  -1.9931e-08
  -1.9934e-08
  -1.9938e-08
  -1.9927e-08
  -1.9931e-08
  -1.9934e-08
  -1.9938e-08
  -1.9927e-08
  -1.9931e-08
  -1.9934e-08
  -1.9938e-08
  -1.9927e-08
  -1.9931e-08
  -1.9934e-08
  -1.9938e-08
  -1.9927e-08
  -1.9930e-08
  -1.9934e-08
  -1.9937e-08
  -1.9926e-08
  -1.9930e-08
  -1.9934e-08
  -1.9937e-08
  -1.9926e-08
  -1.9930e-08
  -1.9934e-08
  -1.9937e-08
  -1.9926e-08
  -1.9930e-08
  -1.9934e-08
  -1.9937e-08
  -1.9926e-08
  -1.9930e-08
  -1.9934e-08
  -1.9937e-08
  -1.9926e-08
  -1.9930e-08
  -1.9934e-08
  -1.9937e-08
  -1.9926e-08
  -1.9930e-08
  -1.9934e-08
  -1.9937e-08
  -1.9926e-08
  -1.9930e-08
  -1.9933e-08
  -1.9937e-08
  -1.9925e-08
  -1.9929e-08
  -1.9933e-08
  -1.9937e-08
  -1.9925e-08
  -1.9929e-08
  -1.9933e-08
  -1.9937e-08
  -1.9925e-08
  -1.9929e-08
  -1.9933e-08
  -1.9937e-08
  -1.9925e-08
  -1.9929e-08
  -1.9933e-08
  -1.9937e-08
  -1.9925e-08
  -1.9929e-08
  -1.9933e-08
  -1.9937e-08
  -1.9925e-08
  -1.9929e-08
  -1.9933e-08
  -1.9937e-08
  -1.9925e-08
  -1.9929e-08
  -1.9933e-08
  -1.9937e-08
  -1.9925e-08
  -1.9929e-08
  -1.9933e-08
  -1.9937e-08
  -1.9925e-08
  -1.9929e-08
  -1.9933e-08
  -1.9937e-08
  -1.9924e-08
  -1.9929e-08
  -1.9933e-08
  -1.9937e-08
  -1.9924e-08
  -1.9929e-08
  -1.9933e-08
  -1.9937e-08
  -1.9924e-08
  -1.9928e-08
  -1.9933e-08
  -1.9936e-08
  -1.9924e-08
  -1.9928e-08
  -1.9932e-08
  -1.9936e-08
  -1.9924e-08
  -1.9928e-08
  -1.9932e-08
  -1.9936e-08
  -1.9924e-08
  -1.9928e-08
  -1.9932e-08
  -1.9936e-08
  -1.9923e-08
  -1.9928e-08
  -1.9932e-08
  -1.9936e-08
  -1.9923e-08
  -1.9928e-08
  -1.9932e-08
  -1.9936e-08
  -1.9923e-08
  -1.9928e-08
  -1.9932e-08
  -1.9936e-08
  -1.9923e-08
  -1.9928e-08
  -1.9932e-08
  -1.9936e-08
  -1.9923e-08
  -1.9928e-08
  -1.9932e-08
  -1.9936e-08
  -1.9923e-08
  -1.9927e-08
  -1.9932e-08
  -1.9936e-08
  -1.9923e-08
  -1.9927e-08
  -1.9932e-08
  -1.9936e-08
  -1.9923e-08
  -1.9927e-08
  -1.9932e-08
  -1.9936e-08
  -1.9923e-08
  -1.9927e-08
  -1.9932e-08
  -1.9936e-08
  -1.9922e-08
  -1.9927e-08
  -1.9932e-08
  -1.9936e-08
  -1.9922e-08
  -1.9927e-08
  -1.9931e-08
  -1.9936e-08
  -1.9922e-08
  -1.9927e-08
  -1.9931e-08
  -1.9936e-08
  -1.9922e-08
  -1.9927e-08
  -1.9931e-08
  -1.9936e-08
  -1.9922e-08
  -1.9927e-08
  -1.9931e-08
  -1.9936e-08
  -1.9922e-08
  -1.9927e-08
  -1.9931e-08
  -1.9936e-08
  -1.9922e-08
  -1.9927e-08
  -1.9931e-08
  -1.9936e-08
  -1.9922e-08
  -1.9926e-08
  -1.9931e-08
  -1.9936e-08
  -1.9922e-08
  -1.9926e-08
  -1.9931e-08
  -1.9936e-08
  -1.9922e-08
  -1.9926e-08
  -1.9931e-08
  -1.9936e-08
  -1.9922e-08
  -1.9926e-08
  -1.9931e-08
  -1.9936e-08
  -1.9921e-08
  -1.9926e-08
  -1.9931e-08
  -1.9935e-08
  -1.9921e-08
  -1.9926e-08
  -1.9931e-08
  -1.9935e-08
  -1.9921e-08
  -1.9926e-08
  -1.9931e-08
  -1.9935e-08
  -1.9921e-08
  -1.9926e-08
  -1.9931e-08
  -1.9935e-08
  -1.9921e-08
  -1.9926e-08
  -1.9931e-08
  -1.9935e-08
  -1.9921e-08
  -1.9926e-08
  -1.9931e-08
  -1.9935e-08
  -1.9921e-08
  -1.9926e-08
  -1.9931e-08
  -1.9935e-08
  -1.9921e-08
  -1.9926e-08
  -1.9931e-08
  -1.9935e-08
  -1.9921e-08
  -1.9926e-08
  -1.9931e-08
  -1.9935e-08
  -1.9921e-08
  -1.9926e-08
  -1.9931e-08
  -1.9935e-08
  -1.9921e-08
  -1.9926e-08
  -1.9931e-08
  -1.9935e-08
  -1.9921e-08
  -1.9926e-08
  -1.9931e-08
  -1.9935e-08
  -1.9921e-08
  -1.9926e-08
  -1.9931e-08
  -1.9935e-08
  -1.9920e-08
  -1.9925e-08
  -1.9930e-08
  -1.9935e-08
  -1.9920e-08
  -1.9925e-08
  -1.9930e-08
  -1.9935e-08
  -1.9920e-08
  -1.9925e-08
  -1.9930e-08
  -1.9935e-08
  -1.9920e-08
  -1.9925e-08
  -1.9930e-08
  -1.9935e-08
  -1.9920e-08
  -1.9925e-08
  -1.9930e-08
  -1.9935e-08
  -1.9920e-08
  -1.9925e-08
  -1.9930e-08
  -1.9935e-08
  -1.9920e-08
  -1.9925e-08
  -1.9930e-08
  -1.9935e-08
  -1.9920e-08
  -1.9925e-08
  -1.9930e-08
  -1.9935e-08
  -1.9920e-08
  -1.9925e-08
  -1.9930e-08
  -1.9935e-08
  -1.9920e-08
  -1.9925e-08
  -1.9930e-08
  -1.9935e-08
  -1.9920e-08
  -1.9925e-08
  -1.9930e-08
  -1.9935e-08
  -1.9920e-08
  -1.9925e-08
  -1.9930e-08
  -1.9935e-08
  -1.9920e-08
  -1.9925e-08
  -1.9930e-08
  -1.9935e-08
  -1.9920e-08
  -1.9925e-08
  -1.9930e-08
  -1.9935e-08
  -1.9920e-08
  -1.9925e-08
  -1.9930e-08
  -1.9935e-08
  -1.9919e-08
  -1.9925e-08
  -1.9930e-08
  -1.9935e-08
  -1.9919e-08
  -1.9925e-08
  -1.9930e-08
  -1.9935e-08
  -1.9919e-08
  -1.9925e-08
  -1.9930e-08
  -1.9935e-08
  -1.9919e-08
  -1.9925e-08
  -1.9930e-08
  -1.9935e-08
  -1.9919e-08
  -1.9925e-08
  -1.9930e-08
  -1.9935e-08
  -1.9919e-08
  -1.9925e-08
  -1.9930e-08
  -1.9935e-08
  -1.9920e-08
  -1.9925e-08
  -1.9930e-08
  -1.9935e-08
  -1.9920e-08
  -1.9925e-08
  -1.9930e-08
  -1.9935e-08
  -1.9920e-08
  -1.9925e-08
  -1.9930e-08
  -1.9935e-08
  -1.9920e-08
  -1.9925e-08
  -1.9930e-08
  -1.9935e-08
  -1.9920e-08
  -1.9925e-08
  -1.9930e-08
  -1.9935e-08
  -1.9920e-08
  -1.9925e-08
  -1.9930e-08
  -1.9935e-08
  -1.9920e-08
  -1.9925e-08
  -1.9930e-08
  -1.9935e-08
  -1.9920e-08
  -1.9925e-08
  -1.9930e-08
  -1.9935e-08
  -1.9920e-08
  -1.9925e-08
  -1.9930e-08
  -1.9935e-08
  -1.9920e-08
  -1.9925e-08
  -1.9930e-08
  -1.9935e-08
  -1.9920e-08
  -1.9925e-08
  -1.9930e-08
  -1.9935e-08
  -1.9920e-08
  -1.9925e-08
  -1.9930e-08
  -1.9935e-08
  -1.9920e-08
  -1.9925e-08
  -1.9930e-08
  -1.9935e-08
  -1.9920e-08
  -1.9925e-08
  -1.9930e-08
  -1.9935e-08
  -1.9920e-08
  -1.9925e-08
  -1.9930e-08
  -1.9935e-08
  -1.9920e-08
  -1.9925e-08
  -1.9930e-08
  -1.9935e-08
  -1.9920e-08
  -1.9925e-08
  -1.9930e-08
  -1.9935e-08
  -1.9920e-08
  -1.9925e-08
  -1.9930e-08
  -1.9935e-08
  -1.9920e-08
  -1.9925e-08
  -1.9930e-08
  -1.9935e-08
  -1.9920e-08
  -1.9925e-08
  -1.9930e-08
  -1.9935e-08
  -1.9920e-08
  -1.9925e-08
  -1.9930e-08
  -1.9935e-08
  -1.9920e-08
  -1.9925e-08
  -1.9930e-08
  -1.9935e-08
  -1.9920e-08
  -1.9925e-08
  -1.9930e-08
  -1.9935e-08
  -1.9920e-08
  -1.9925e-08
  -1.9930e-08
  -1.9935e-08
  -1.9920e-08
  -1.9925e-08
  -1.9930e-08
  -1.9935e-08
  -1.9920e-08
  -1.9925e-08
  -1.9930e-08
  -1.9935e-08
  -1.9920e-08
  -1.9925e-08
  -1.9930e-08
  -1.9935e-08
  -1.9920e-08
  -1.9926e-08
  -1.9931e-08
  -1.9935e-08
  -1.9921e-08
  -1.9926e-08
  -1.9931e-08
  -1.9935e-08
  -1.9921e-08
  -1.9926e-08
  -1.9931e-08
  -1.9935e-08
  -1.9921e-08
  -1.9926e-08
  -1.9931e-08
  -1.9935e-08
  -1.9921e-08
  -1.9926e-08
  -1.9931e-08
  -1.9935e-08
  -1.9921e-08
  -1.9926e-08
  -1.9931e-08
  -1.9935e-08
  -1.9921e-08
  -1.9926e-08
  -1.9931e-08
  -1.9935e-08
  -1.9921e-08
  -1.9926e-08
  -1.9931e-08
  -1.9935e-08
  -1.9921e-08
  -1.9926e-08
  -1.9931e-08
  -1.9935e-08
  -1.9921e-08
  -1.9926e-08
  -1.9931e-08
  -1.9935e-08
  -1.9921e-08
  -1.9926e-08
  -1.9931e-08
  -1.9935e-08
  -1.9921e-08
  -1.9926e-08
  -1.9931e-08
  -1.9936e-08
  -1.9922e-08
  -1.9927e-08
  -1.9931e-08
  -1.9936e-08
  -1.9922e-08
  -1.9927e-08
  -1.9931e-08
  -1.9936e-08
  -1.9922e-08
  -1.9927e-08
  -1.9931e-08
  -1.9936e-08
  -1.9922e-08
  -1.9927e-08
  -1.9931e-08
  -1.9936e-08
  -1.9922e-08
  -1.9927e-08
  -1.9931e-08
  -1.9936e-08
  -1.9922e-08
  -1.9927e-08
  -1.9931e-08
  -1.9936e-08
  -1.9922e-08
  -1.9927e-08
  -1.9932e-08
  -1.9936e-08
  -1.9922e-08
  -1.9927e-08
  -1.9932e-08
  -1.9936e-08
  -1.9922e-08
  -1.9927e-08
  -1.9932e-08
  -1.9936e-08
  -1.9922e-08
  -1.9927e-08
  -1.9932e-08
  -1.9936e-08
  -1.9923e-08
  -1.9927e-08
  -1.9932e-08
  -1.9936e-08
  -1.9923e-08
  -1.9927e-08
  -1.9932e-08
  -1.9936e-08
  -1.9923e-08
  -1.9928e-08
  -1.9932e-08
  -1.9936e-08
  -1.9923e-08
  -1.9928e-08
  -1.9932e-08
  -1.9936e-08
  -1.9923e-08
  -1.9928e-08
  -1.9932e-08
  -1.9936e-08
  -1.9924e-08
  -1.9928e-08
  -1.9932e-08
  -1.9936e-08
  -1.9924e-08
  -1.9928e-08
  -1.9932e-08
  -1.9936e-08
  -1.9924e-08
  -1.9928e-08
  -1.9933e-08
  -1.9936e-08
  -1.9924e-08
  -1.9928e-08
  -1.9933e-08
  -1.9937e-08
  -1.9924e-08
  -1.9929e-08
  -1.9933e-08
  -1.9937e-08
  -1.9924e-08
  -1.9929e-08
  -1.9933e-08
  -1.9937e-08
  -1.9924e-08
  -1.9929e-08
  -1.9933e-08
  -1.9937e-08
  -1.9925e-08
  -1.9929e-08
  -1.9933e-08
  -1.9937e-08
  -1.9925e-08
  -1.9929e-08
  -1.9933e-08
  -1.9937e-08
  -1.9925e-08
  -1.9929e-08
  -1.9933e-08
  -1.9937e-08
  -1.9925e-08
  -1.9930e-08
  -1.9934e-08
  -1.9937e-08
  -1.9926e-08
  -1.9930e-08
  -1.9934e-08
  -1.9937e-08
  -1.9926e-08
  -1.9930e-08
  -1.9934e-08
  -1.9937e-08
  -1.9926e-08
  -1.9930e-08
  -1.9934e-08
  -1.9937e-08
  -1.9926e-08
  -1.9930e-08
  -1.9934e-08
  -1.9937e-08
  -1.9926e-08
  -1.9930e-08
  -1.9934e-08
  -1.9938e-08
  -1.9927e-08
  -1.9931e-08
  -1.9934e-08
  -1.9938e-08
  -1.9927e-08
  -1.9931e-08
  -1.9934e-08
  -1.9938e-08
  -1.9927e-08
  -1.9931e-08
  -1.9934e-08
  -1.9938e-08
  -1.9927e-08
  -1.9931e-08
  -1.9935e-08
  -1.9938e-08
  -1.9927e-08
  -1.9931e-08
  -1.9935e-08
  -1.9938e-08
  -1.9928e-08
  -1.9931e-08
  -1.9935e-08
  -1.9938e-08
  -1.9928e-08
  -1.9932e-08
  -1.9935e-08
  -1.9938e-08
  -1.9928e-08
  -1.9932e-08
  -1.9935e-08
  -1.9938e-08
  -1.9928e-08
  -1.9932e-08
  -1.9935e-08
  -1.9939e-08
  -1.9929e-08
  -1.9932e-08
  -1.9936e-08
  -1.9939e-08
  -1.9929e-08
  -1.9932e-08
  -1.9936e-08
  -1.9939e-08
  -1.9929e-08
  -1.9932e-08
  -1.9936e-08
  -1.9939e-08
  -1.9929e-08
  -1.9933e-08
  -1.9936e-08
  -1.9939e-08
  -1.9929e-08
  -1.9933e-08
  -1.9936e-08
  -1.9939e-08
  -1.9929e-08
  -1.9933e-08
  -1.9936e-08
  -1.9939e-08
  -1.9930e-08
  -1.9933e-08
  -1.9936e-08
  -1.9939e-08
  -1.9930e-08
  -1.9933e-08
  -1.9936e-08
  -1.9939e-08
  -1.9930e-08
  -1.9933e-08
  -1.9936e-08
  -1.9939e-08
  -1.9930e-08
  -1.9934e-08
  -1.9937e-08
  -1.9939e-08
  -1.9931e-08
  -1.9934e-08
  -1.9937e-08
  -1.9939e-08
  -1.9931e-08
  -1.9934e-08
  -1.9937e-08
  -1.9940e-08
  -1.9931e-08
  -1.9935e-08
  -1.9937e-08
  -1.9940e-08
  -1.9932e-08
  -1.9935e-08
  -1.9937e-08
  -1.9940e-08
  -1.9932e-08
  -1.9935e-08
  -1.9937e-08
  -1.9940e-08
  -1.9932e-08
  -1.9935e-08
  -1.9938e-08
  -1.9940e-08
  -1.9932e-08
  -1.9935e-08
  -1.9938e-08
  -1.9940e-08
  -1.9933e-08
  -1.9935e-08
  -1.9938e-08
  -1.9940e-08
  -1.9933e-08
  -1.9936e-08
  -1.9938e-08
  -1.9940e-08
  -1.9933e-08
  -1.9936e-08
  -1.9938e-08
  -1.9940e-08
  -1.9934e-08
  -1.9936e-08
  -1.9938e-08
  -1.9940e-08
  -1.9934e-08
  -1.9936e-08
  -1.9939e-08
  -1.9941e-08
  -1.9934e-08
  -1.9937e-08
  -1.9939e-08
  -1.9941e-08
  -1.9935e-08
  -1.9937e-08
  -1.9939e-08
  -1.9941e-08
  -1.9935e-08
  -1.9937e-08
  -1.9939e-08
  -1.9941e-08
  -1.9935e-08
  -1.9938e-08
  -1.9940e-08
  -1.9941e-08
  -1.9935e-08
  -1.9938e-08
  -1.9940e-08
  -1.9941e-08
  -1.9936e-08
  -1.9938e-08
  -1.9940e-08
  -1.9941e-08
  -1.9936e-08
  -1.9938e-08
  -1.9940e-08
  -1.9941e-08
  -1.9936e-08
  -1.9938e-08
  -1.9940e-08
  -1.9942e-08
  -1.9937e-08
  -1.9939e-08
  -1.9940e-08
  -1.9942e-08
  -1.9937e-08
  -1.9939e-08
  -1.9940e-08
  -1.9942e-08
  -1.9937e-08
  -1.9939e-08
  -1.9941e-08
  -1.9942e-08
  -1.9937e-08
  -1.9939e-08
  -1.9941e-08
  -1.9942e-08
  -1.9938e-08
  -1.9940e-08
  -1.9941e-08
  -1.9942e-08
  -1.9938e-08
  -1.9940e-08
  -1.9941e-08
  -1.9942e-08
  -1.9938e-08
  -1.9940e-08
  -1.9941e-08
  -1.9943e-08
  -1.9939e-08
  -1.9940e-08
  -1.9942e-08
  -1.9943e-08
  -1.9939e-08
  -1.9941e-08
  -1.9942e-08
  -1.9943e-08
  -1.9939e-08
  -1.9941e-08
  -1.9942e-08
  -1.9943e-08
  -1.9940e-08
  -1.9941e-08
  -1.9942e-08
  -1.9943e-08
  -1.9940e-08
  -1.9941e-08
  -1.9942e-08
  -1.9943e-08
  -1.9940e-08
  -1.9941e-08
  -1.9942e-08
  -1.9943e-08
  -1.9940e-08
  -1.9942e-08
  -1.9943e-08
  -1.9943e-08
  -1.9941e-08
  -1.9942e-08
  -1.9943e-08
  -1.9943e-08
  -1.9941e-08
  -1.9942e-08
  -1.9943e-08
  -1.9944e-08
  -1.9941e-08
  -1.9942e-08
  -1.9943e-08
  -1.9944e-08
  -1.9942e-08
  -1.9943e-08
  -1.9943e-08
  -1.9944e-08
  -1.9942e-08
  -1.9943e-08
  -1.9944e-08
  -1.9944e-08
  -1.9943e-08
  -1.9943e-08
  -1.9944e-08
  -1.9944e-08
  -1.9943e-08
  -1.9944e-08
  -1.9944e-08
  -1.9944e-08
  -1.9943e-08
  -1.9944e-08
  -1.9944e-08
  -1.9944e-08
  -1.9943e-08
  -1.9944e-08
  -1.9944e-08
  -1.9944e-08
  -1.9944e-08
  -1.9944e-08
  -1.9945e-08
  -1.9945e-08
  -1.9944e-08
  -1.9945e-08
  -1.9945e-08
  -1.9945e-08
  -1.9944e-08
  -1.9945e-08
  -1.9945e-08
  -1.9945e-08
  -1.9945e-08
  -1.9945e-08
  -1.9945e-08
  -1.9945e-08
  -1.9945e-08
  -1.9945e-08
  -1.9945e-08
  -1.9945e-08
  -1.9945e-08
  -1.9946e-08
  -1.9946e-08
  -1.9945e-08
  -1.9946e-08
  -1.9946e-08
  -1.9946e-08
  -1.9945e-08
  -1.9946e-08
  -1.9946e-08
  -1.9946e-08
  -1.9946e-08
  -1.9946e-08
  -1.9947e-08
  -1.9946e-08
  -1.9946e-08
  -1.9947e-08
  -1.9947e-08
  -1.9947e-08
  -1.9946e-08
  -1.9947e-08
  -1.9947e-08
  -1.9947e-08
  -1.9946e-08
  -1.9947e-08
  -1.9947e-08
  -1.9947e-08
  -1.9946e-08
  -1.9948e-08
  -1.9947e-08
  -1.9947e-08
  -1.9946e-08
  -1.9948e-08
  -1.9948e-08
  -1.9947e-08
  -1.9946e-08
  -1.9948e-08
  -1.9948e-08
  -1.9947e-08
  -1.9946e-08
  -1.9948e-08
  -1.9948e-08
  -1.9947e-08
  -1.9946e-08
  -1.9949e-08
  -1.9948e-08
  -1.9948e-08
  -1.9947e-08
  -1.9949e-08
  -1.9949e-08
  -1.9948e-08
  -1.9947e-08
  -1.9949e-08
  -1.9949e-08
  -1.9948e-08
  -1.9947e-08
  -1.9950e-08
  -1.9949e-08
  -1.9948e-08
  -1.9947e-08
  -1.9950e-08
  -1.9949e-08
  -1.9948e-08
  -1.9947e-08
  -1.9950e-08
  -1.9950e-08
  -1.9949e-08
  -1.9947e-08
  -1.9951e-08
  -1.9950e-08
  -1.9949e-08
  -1.9947e-08
  -1.9951e-08
  -1.9950e-08
  -1.9949e-08
  -1.9948e-08
  -1.9951e-08
  -1.9950e-08
  -1.9949e-08
  -1.9948e-08
  -1.9952e-08
  -1.9951e-08
  -1.9949e-08
  -1.9948e-08
  -1.9952e-08
  -1.9951e-08
  -1.9950e-08
  -1.9948e-08
  -1.9952e-08
  -1.9951e-08
  -1.9950e-08
  -1.9948e-08
  -1.9953e-08
  -1.9951e-08
  -1.9950e-08
  -1.9948e-08
  -1.9953e-08
  -1.9952e-08
  -1.9950e-08
  -1.9948e-08
  -1.9953e-08
  -1.9952e-08
  -1.9950e-08
  -1.9948e-08
  -1.9954e-08
  -1.9952e-08
  -1.9950e-08
  -1.9948e-08
  -1.9954e-08
  -1.9952e-08
  -1.9951e-08
  -1.9949e-08
  -1.9954e-08
  -1.9953e-08
  -1.9951e-08
  -1.9949e-08
  -1.9955e-08
  -1.9953e-08
  -1.9951e-08
  -1.9949e-08
  -1.9955e-08
  -1.9953e-08
  -1.9951e-08
  -1.9949e-08
  -1.9955e-08
  -1.9954e-08
  -1.9951e-08
  -1.9949e-08
  -1.9955e-08
  -1.9954e-08
  -1.9952e-08
  -1.9949e-08
  -1.9956e-08
  -1.9954e-08
  -1.9952e-08
  -1.9949e-08
  -1.9956e-08
  -1.9954e-08
  -1.9952e-08
  -1.9949e-08
  -1.9956e-08
  -1.9954e-08
  -1.9952e-08
  -1.9950e-08
  -1.9957e-08
  -1.9955e-08
  -1.9952e-08
  -1.9950e-08
  -1.9957e-08
  -1.9955e-08
  -1.9952e-08
  -1.9950e-08
  -1.9957e-08
  -1.9955e-08
  -1.9953e-08
  -1.9950e-08
  -1.9957e-08
  -1.9955e-08
  -1.9953e-08
  -1.9950e-08
  -1.9958e-08
  -1.9956e-08
  -1.9953e-08
  -1.9950e-08
  -1.9958e-08
  -1.9956e-08
  -1.9953e-08
  -1.9950e-08
  -1.9958e-08
  -1.9956e-08
  -1.9953e-08
  -1.9951e-08
  -1.9959e-08
  -1.9956e-08
  -1.9954e-08
  -1.9951e-08
  -1.9959e-08
  -1.9956e-08
  -1.9954e-08
  -1.9951e-08
  -1.9959e-08
  -1.9957e-08
  -1.9954e-08
  -1.9951e-08
  -1.9959e-08
  -1.9957e-08
  -1.9954e-08
  -1.9951e-08
  -1.9960e-08
  -1.9957e-08
  -1.9954e-08
  -1.9951e-08
  -1.9960e-08
  -1.9957e-08
  -1.9954e-08
  -1.9951e-08
  -1.9960e-08
  -1.9957e-08
  -1.9954e-08
  -1.9951e-08
  -1.9960e-08
  -1.9958e-08
  -1.9955e-08
  -1.9951e-08
  -1.9961e-08
  -1.9958e-08
  -1.9955e-08
  -1.9951e-08
  -1.9961e-08
  -1.9958e-08
  -1.9955e-08
  -1.9951e-08
  -1.9961e-08
  -1.9958e-08
  -1.9955e-08
  -1.9952e-08
  -1.9961e-08
  -1.9959e-08
  -1.9955e-08
  -1.9952e-08
  -1.9962e-08
  -1.9959e-08
  -1.9955e-08
  -1.9952e-08
  -1.9962e-08
  -1.9959e-08
  -1.9955e-08
  -1.9952e-08
  -1.9962e-08
  -1.9959e-08
  -1.9956e-08
  -1.9952e-08
  -1.9962e-08
  -1.9959e-08
  -1.9956e-08
  -1.9952e-08
  -1.9963e-08
  -1.9959e-08
  -1.9956e-08
  -1.9952e-08
  -1.9963e-08
  -1.9960e-08
  -1.9956e-08
  -1.9952e-08
  -1.9963e-08
  -1.9960e-08
  -1.9956e-08
  -1.9952e-08
  -1.9963e-08
  -1.9960e-08
  -1.9956e-08
  -1.9952e-08
  -1.9963e-08
  -1.9960e-08
  -1.9956e-08
  -1.9952e-08
  -1.9964e-08
  -1.9960e-08
  -1.9957e-08
  -1.9953e-08
  -1.9964e-08
  -1.9960e-08
  -1.9957e-08
  -1.9953e-08
  -1.9964e-08
  -1.9961e-08
  -1.9957e-08
  -1.9953e-08
  -1.9965e-08
  -1.9961e-08
  -1.9957e-08
  -1.9953e-08
  -1.9965e-08
  -1.9961e-08
  -1.9957e-08
  -1.9953e-08
  -1.9965e-08
  -1.9961e-08
  -1.9957e-08
  -1.9953e-08
  -1.9965e-08
  -1.9961e-08
  -1.9957e-08
  -1.9953e-08
  -1.9965e-08
  -1.9961e-08
  -1.9957e-08
  -1.9953e-08
  -1.9965e-08
  -1.9962e-08
  -1.9958e-08
  -1.9953e-08
  -1.9966e-08
  -1.9962e-08
  -1.9958e-08
  -1.9953e-08
  -1.9966e-08
  -1.9962e-08
  -1.9958e-08
  -1.9953e-08
  -1.9966e-08
  -1.9962e-08
  -1.9958e-08
  -1.9953e-08
  -1.9966e-08
  -1.9962e-08
  -1.9958e-08
  -1.9953e-08
  -1.9966e-08
  -1.9962e-08
  -1.9958e-08
  -1.9954e-08
  -1.9966e-08
  -1.9963e-08
  -1.9958e-08
  -1.9954e-08
  -1.9967e-08
  -1.9963e-08
  -1.9958e-08
  -1.9954e-08
  -1.9967e-08
  -1.9963e-08
  -1.9959e-08
  -1.9954e-08
  -1.9967e-08
  -1.9963e-08
  -1.9959e-08
  -1.9954e-08
  -1.9967e-08
  -1.9963e-08
  -1.9959e-08
  -1.9954e-08
  -1.9967e-08
  -1.9963e-08
  -1.9959e-08
  -1.9954e-08
  -1.9967e-08
  -1.9963e-08
  -1.9959e-08
  -1.9954e-08
  -1.9968e-08
  -1.9963e-08
  -1.9959e-08
  -1.9954e-08
  -1.9968e-08
  -1.9964e-08
  -1.9959e-08
  -1.9954e-08
  -1.9968e-08
  -1.9964e-08
  -1.9959e-08
  -1.9954e-08
  -1.9968e-08
  -1.9964e-08
  -1.9959e-08
  -1.9954e-08
  -1.9968e-08
  -1.9964e-08
  -1.9959e-08
  -1.9954e-08
  -1.9968e-08
  -1.9964e-08
  -1.9959e-08
  -1.9954e-08
  -1.9969e-08
  -1.9964e-08
  -1.9960e-08
  -1.9955e-08
  -1.9969e-08
  -1.9964e-08
  -1.9960e-08
  -1.9955e-08
  -1.9969e-08
  -1.9965e-08
  -1.9960e-08
  -1.9955e-08
  -1.9969e-08
  -1.9965e-08
  -1.9960e-08
  -1.9955e-08
  -1.9969e-08
  -1.9965e-08
  -1.9960e-08
  -1.9955e-08
  -1.9969e-08
  -1.9965e-08
  -1.9960e-08
  -1.9955e-08
  -1.9969e-08
  -1.9965e-08
  -1.9960e-08
  -1.9955e-08
  -1.9969e-08
  -1.9965e-08
  -1.9960e-08
  -1.9955e-08
  -1.9970e-08
  -1.9965e-08
  -1.9960e-08
  -1.9955e-08
  -1.9970e-08
  -1.9965e-08
  -1.9960e-08
  -1.9955e-08
  -1.9970e-08
  -1.9965e-08
  -1.9960e-08
  -1.9955e-08
  -1.9970e-08
  -1.9965e-08
  -1.9960e-08
  -1.9955e-08
  -1.9970e-08
  -1.9965e-08
  -1.9960e-08
  -1.9955e-08
  -1.9970e-08
  -1.9965e-08
  -1.9960e-08
  -1.9955e-08
  -1.9970e-08
  -1.9966e-08
  -1.9961e-08
  -1.9955e-08
  -1.9970e-08
  -1.9966e-08
  -1.9960e-08
  -1.9955e-08
  -1.9970e-08
  -1.9966e-08
  -1.9960e-08
  -1.9955e-08
  -1.9970e-08
  -1.9966e-08
  -1.9960e-08
  -1.9955e-08
  -1.9970e-08
  -1.9966e-08
  -1.9961e-08
  -1.9955e-08
  -1.9971e-08
  -1.9966e-08
  -1.9961e-08
  -1.9955e-08
  -1.9971e-08
  -1.9966e-08
  -1.9961e-08
  -1.9955e-08
  -1.9971e-08
  -1.9966e-08
  -1.9961e-08
  -1.9955e-08
  -1.9971e-08
  -1.9966e-08
  -1.9961e-08
  -1.9955e-08
  -1.9971e-08
  -1.9966e-08
  -1.9961e-08
  -1.9955e-08
  -1.9971e-08
  -1.9966e-08
  -1.9961e-08
  -1.9955e-08
  -1.9971e-08
  -1.9966e-08
  -1.9961e-08
  -1.9955e-08
  -1.9971e-08
  -1.9966e-08
  -1.9961e-08
  -1.9955e-08
  -1.9971e-08
  -1.9966e-08
  -1.9961e-08
  -1.9955e-08
  -1.9971e-08
  -1.9966e-08
  -1.9961e-08
  -1.9955e-08
  -1.9971e-08
  -1.9966e-08
  -1.9961e-08
  -1.9955e-08
  -1.9971e-08
  -1.9966e-08
  -1.9961e-08
  -1.9955e-08
  -1.9971e-08
  -1.9966e-08
  -1.9961e-08
  -1.9955e-08
  -1.9971e-08
  -1.9966e-08
  -1.9961e-08
  -1.9955e-08
  -1.9971e-08
  -1.9966e-08
  -1.9961e-08
  -1.9955e-08
  -1.9971e-08
  -1.9966e-08
  -1.9961e-08
  -1.9955e-08
  -1.9971e-08
  -1.9966e-08
  -1.9961e-08
  -1.9955e-08
  -1.9971e-08
  -1.9966e-08
  -1.9961e-08
  -1.9955e-08
  -1.9971e-08
  -1.9966e-08
  -1.9961e-08
  -1.9956e-08
  -1.9972e-08
  -1.9966e-08
  -1.9961e-08
  -1.9956e-08
  -1.9972e-08
  -1.9967e-08
  -1.9961e-08
  -1.9956e-08
  -1.9972e-08
  -1.9967e-08
  -1.9961e-08
  -1.9956e-08
  -1.9972e-08
  -1.9966e-08
  -1.9961e-08
  -1.9956e-08
  -1.9972e-08
  -1.9966e-08
  -1.9961e-08
  -1.9955e-08
  -1.9972e-08
  -1.9966e-08
  -1.9961e-08
  -1.9955e-08
  -1.9971e-08
  -1.9966e-08
  -1.9961e-08
  -1.9955e-08
  -1.9971e-08
  -1.9966e-08
  -1.9961e-08
  -1.9955e-08
  -1.9971e-08
  -1.9966e-08
  -1.9961e-08
  -1.9955e-08
  -1.9971e-08
  -1.9966e-08
  -1.9961e-08
  -1.9955e-08
  -1.9971e-08
  -1.9966e-08
  -1.9961e-08
  -1.9955e-08
  -1.9971e-08
  -1.9966e-08
  -1.9961e-08
  -1.9956e-08
  -1.9971e-08
  -1.9966e-08
  -1.9961e-08
  -1.9956e-08
  -1.9972e-08
  -1.9966e-08
  -1.9961e-08
  -1.9956e-08
  -1.9972e-08
  -1.9966e-08
  -1.9961e-08
  -1.9956e-08
  -1.9971e-08
  -1.9966e-08
  -1.9961e-08
  -1.9955e-08
  -1.9971e-08
  -1.9966e-08
  -1.9961e-08
  -1.9955e-08
  -1.9971e-08
  -1.9966e-08
  -1.9961e-08
  -1.9955e-08
  -1.9971e-08
  -1.9966e-08
  -1.9961e-08
  -1.9955e-08
  -1.9971e-08
  -1.9966e-08
  -1.9961e-08
  -1.9955e-08
  -1.9971e-08
  -1.9966e-08
  -1.9961e-08
  -1.9955e-08
  -1.9971e-08
  -1.9966e-08
  -1.9961e-08
  -1.9955e-08
  -1.9971e-08
  -1.9966e-08
  -1.9961e-08
  -1.9955e-08
  -1.9971e-08
  -1.9966e-08
  -1.9961e-08
  -1.9955e-08
  -1.9971e-08
  -1.9966e-08
  -1.9961e-08
  -1.9955e-08
  -1.9971e-08
  -1.9966e-08
  -1.9961e-08
  -1.9955e-08
  -1.9971e-08
  -1.9966e-08
  -1.9961e-08
  -1.9955e-08
  -1.9971e-08
  -1.9966e-08
  -1.9961e-08
  -1.9955e-08
  -1.9971e-08
  -1.9966e-08
  -1.9961e-08
  -1.9955e-08
  -1.9971e-08
  -1.9966e-08
  -1.9961e-08
  -1.9955e-08
  -1.9971e-08
  -1.9966e-08
  -1.9961e-08
  -1.9955e-08
  -1.9971e-08
  -1.9966e-08
  -1.9961e-08
  -1.9955e-08
  -1.9971e-08
  -1.9966e-08
  -1.9960e-08
  -1.9955e-08
  -1.9970e-08
  -1.9966e-08
  -1.9960e-08
  -1.9955e-08
  -1.9970e-08
  -1.9966e-08
  -1.9960e-08
  -1.9955e-08
  -1.9970e-08
  -1.9965e-08
  -1.9960e-08
  -1.9955e-08
  -1.9970e-08
  -1.9965e-08
  -1.9960e-08
  -1.9955e-08
  -1.9970e-08
  -1.9965e-08
  -1.9960e-08
  -1.9955e-08
  -1.9970e-08
  -1.9965e-08
  -1.9960e-08
  -1.9955e-08
  -1.9970e-08
  -1.9965e-08
  -1.9960e-08
  -1.9955e-08
  -1.9970e-08
  -1.9965e-08
  -1.9960e-08
  -1.9955e-08
  -1.9970e-08
  -1.9965e-08
  -1.9960e-08
  -1.9955e-08
  -1.9970e-08
  -1.9965e-08
  -1.9960e-08
  -1.9955e-08
  -1.9970e-08
  -1.9965e-08
  -1.9960e-08
  -1.9955e-08
  -1.9970e-08
  -1.9965e-08
  -1.9960e-08
  -1.9955e-08
  -1.9969e-08
  -1.9965e-08
  -1.9960e-08
  -1.9955e-08
  -1.9969e-08
  -1.9965e-08
  -1.9960e-08
  -1.9955e-08
  -1.9969e-08
  -1.9965e-08
  -1.9960e-08
  -1.9955e-08
  -1.9969e-08
  -1.9965e-08
  -1.9960e-08
  -1.9955e-08
  -1.9969e-08
  -1.9964e-08
  -1.9960e-08
  -1.9955e-08
  -1.9969e-08
  -1.9964e-08
  -1.9960e-08
  -1.9955e-08
