  -2.0001e-08
  -2.0001e-08
  -2.0001e-08
  -2.0001e-08
  -2.0001e-08
  -2.0001e-08
  -2.0001e-08
  -2.0001e-08
  -2.0001e-08
  -2.0001e-08
  -2.0001e-08
  -2.0001e-08
  -2.0001e-08
  -2.0001e-08
  -2.0001e-08
  -2.0001e-08
  -2.0001e-08
  -2.0001e-08
  -2.0001e-08
  -2.0001e-08
  -2.0001e-08
  -2.0001e-08
  -2.0001e-08
  -2.0001e-08
  -2.0001e-08
  -2.0001e-08
  -2.0001e-08
  -2.0001e-08
  -2.0001e-08
  -2.0001e-08
  -2.0001e-08
  -2.0001e-08
  -2.0001e-08
  -2.0001e-08
  -2.0001e-08
  -2.0001e-08
  -2.0001e-08
  -2.0001e-08
  -2.0001e-08
  -2.0001e-08
  -2.0001e-08
  -2.0001e-08
  -2.0001e-08
  -2.0001e-08
  -2.0001e-08
  -2.0001e-08
  -2.0001e-08
  -2.0001e-08
  -2.0001e-08
  -2.0001e-08
  -2.0001e-08
  -2.0001e-08
  -2.0001e-08
  -2.0001e-08
  -2.0001e-08
  -2.0001e-08
  -2.0001e-08
  -2.0001e-08
  -2.0001e-08
  -2.0001e-08
  -2.0001e-08
  -2.0001e-08
  -2.0001e-08
  -2.0001e-08
  -2.0001e-08
  -2.0001e-08
  -2.0001e-08
  -2.0001e-08
  -2.0001e-08
  -2.0001e-08
  -2.0001e-08
  -2.0001e-08
  -2.0001e-08
  -2.0001e-08
  -2.0001e-08
  -2.0001e-08
  -2.0001e-08
  -2.0001e-08
  -2.0001e-08
  -2.0001e-08
  -2.0001e-08
  -2.0001e-08
  -2.0001e-08
  -2.0001e-08
  -2.0001e-08
  -2.0001e-08
  -2.0001e-08
  -2.0001e-08
  -2.0001e-08
  -2.0001e-08
  -2.0001e-08
  -2.0001e-08
  -2.0001e-08
  -2.0001e-08
  -2.0001e-08
  -2.0001e-08
  -2.0001e-08
  -2.0001e-08
  -2.0001e-08
  -2.0001e-08
  -2.0001e-08
  -2.0001e-08
  -2.0001e-08
  -2.0001e-08
  -2.0001e-08
  -2.0001e-08
  -2.0001e-08
  -2.0001e-08
  -2.0001e-08
  -2.0001e-08
  -2.0001e-08
  -2.0001e-08
  -2.0001e-08
  -2.0001e-08
  -2.0001e-08
  -2.0001e-08
  -2.0001e-08
  -2.0001e-08
  -2.0001e-08
  -2.0001e-08
  -2.0001e-08
  -2.0001e-08
  -2.0001e-08
  -2.0001e-08
  -2.0001e-08
  -2.0001e-08
  -2.0001e-08
  -2.0001e-08
  -2.0001e-08
  -1.9998e-08
  -1.9996e-08
  -1.9995e-08
  -1.9993e-08
  -1.9991e-08
  -1.9990e-08
  -1.9988e-08
  -1.9985e-08
  -1.9983e-08
  -1.9980e-08
  -1.9978e-08
  -1.9975e-08
  -1.9971e-08
  -1.9968e-08
  -1.9964e-08
  -1.9961e-08
  -1.9957e-08
  -1.9953e-08
  -1.9948e-08
  -1.9944e-08
  -1.9939e-08
  -1.9934e-08
  -1.9929e-08
  -1.9924e-08
  -1.9919e-08
  -1.9914e-08
  -1.9908e-08
  -1.9903e-08
  -1.9897e-08
  -1.9891e-08
  -1.9885e-08
  -1.9879e-08
  -1.9873e-08
  -1.9867e-08
  -1.9860e-08
  -1.9854e-08
  -1.9847e-08
  -1.9841e-08
  -1.9834e-08
  -1.9827e-08
  -1.9821e-08
  -1.9814e-08
  -1.9807e-08
  -1.9800e-08
  -1.9793e-08
  -1.9786e-08
  -1.9779e-08
  -1.9772e-08
  -1.9764e-08
  -1.9757e-08
  -1.9750e-08
  -1.9743e-08
  -1.9735e-08
  -1.9728e-08
  -1.9721e-08
  -1.9713e-08
  -1.9706e-08
  -1.9698e-08
  -1.9691e-08
  -1.9683e-08
  -1.9676e-08
  -1.9668e-08
  -1.9661e-08
  -1.9653e-08
  -1.9646e-08
  -1.9638e-08
  -1.9631e-08
  -1.9623e-08
  -1.9616e-08
  -1.9608e-08
  -1.9601e-08
  -1.9593e-08
  -1.9586e-08
  -1.9578e-08
  -1.9571e-08
  -1.9563e-08
  -1.9555e-08
  -1.9548e-08
  -1.9540e-08
  -1.9533e-08
  -1.9525e-08
  -1.9518e-08
  -1.9510e-08
  -1.9503e-08
  -1.9495e-08
  -1.9488e-08
  -1.9480e-08
  -1.9473e-08
  -1.9466e-08
  -1.9458e-08
  -1.9451e-08
  -1.9443e-08
  -1.9436e-08
  -1.9428e-08
  -1.9421e-08
  -1.9414e-08
  -1.9406e-08
  -1.9399e-08
  -1.9392e-08
  -1.9384e-08
  -1.9377e-08
  -1.9370e-08
  -1.9363e-08
  -1.9355e-08
  -1.9348e-08
  -1.9341e-08
  -1.9334e-08
  -1.9326e-08
  -1.9319e-08
  -1.9312e-08
  -1.9305e-08
  -1.9298e-08
  -1.9291e-08
  -1.9284e-08
  -1.9276e-08
  -1.9269e-08
  -1.9262e-08
  -1.9255e-08
  -1.9248e-08
  -1.9241e-08
  -1.9234e-08
  -1.9227e-08
  -1.9220e-08
  -1.9213e-08
  -1.9206e-08
  -1.9199e-08
  -1.9192e-08
  -1.9185e-08
  -1.9179e-08
  -1.9172e-08
  -1.9165e-08
  -1.9159e-08
  -1.9152e-08
  -1.9146e-08
  -1.9139e-08
  -1.9132e-08
  -1.9126e-08
  -1.9119e-08
  -1.9113e-08
  -1.9106e-08
  -1.9100e-08
  -1.9093e-08
  -1.9087e-08
  -1.9080e-08
  -1.9074e-08
  -1.9067e-08
  -1.9061e-08
  -1.9054e-08
  -1.9048e-08
  -1.9042e-08
  -1.9035e-08
  -1.9029e-08
  -1.9022e-08
  -1.9016e-08
  -1.9010e-08
  -1.9003e-08
  -1.8997e-08
  -1.8991e-08
  -1.8984e-08
  -1.8978e-08
  -1.8972e-08
  -1.8965e-08
  -1.8959e-08
  -1.8953e-08
  -1.8947e-08
  -1.8940e-08
  -1.8934e-08
  -1.8928e-08
  -1.8922e-08
  -1.8915e-08
  -1.8909e-08
  -1.8903e-08
  -1.8897e-08
  -1.8891e-08
  -1.8884e-08
  -1.8878e-08
  -1.8872e-08
  -1.8866e-08
  -1.8860e-08
  -1.8854e-08
  -1.8847e-08
  -1.8841e-08
  -1.8835e-08
  -1.8829e-08
  -1.8823e-08
  -1.8817e-08
  -1.8811e-08
  -1.8805e-08
  -1.8798e-08
  -1.8792e-08
  -1.8786e-08
  -1.8780e-08
  -1.8774e-08
  -1.8768e-08
  -1.8762e-08
  -1.8756e-08
  -1.8750e-08
  -1.8744e-08
  -1.8738e-08
  -1.8732e-08
  -1.8726e-08
  -1.8720e-08
  -1.8714e-08
  -1.8708e-08
  -1.8702e-08
  -1.8695e-08
  -1.8689e-08
  -1.8683e-08
  -1.8677e-08
  -1.8671e-08
  -1.8665e-08
  -1.8659e-08
  -1.8653e-08
  -1.8647e-08
  -1.8641e-08
  -1.8635e-08
  -1.8629e-08
  -1.8623e-08
  -1.8617e-08
  -1.8611e-08
  -1.8605e-08
  -1.8599e-08
  -1.8593e-08
  -1.8588e-08
  -1.8582e-08
  -1.8576e-08
  -1.8570e-08
  -1.8564e-08
  -1.8558e-08
  -1.8552e-08
  -1.8546e-08
  -1.8540e-08
  -1.8534e-08
  -1.8528e-08
  -1.8522e-08
  -1.8516e-08
  -1.8510e-08
  -1.8504e-08
  -1.8498e-08
  -1.8492e-08
  -1.8486e-08
  -1.8480e-08
  -1.8474e-08
  -1.8468e-08
  -1.8462e-08
  -1.8456e-08
  -1.8450e-08
  -1.8444e-08
  -1.8438e-08
  -1.8432e-08
  -1.8426e-08
  -1.8420e-08
  -1.8414e-08
  -1.8408e-08
  -1.8402e-08
  -1.8396e-08
  -1.8391e-08
  -1.8385e-08
  -1.8379e-08
  -1.8374e-08
  -1.8368e-08
  -1.8362e-08
  -1.8357e-08
  -1.8351e-08
  -1.8345e-08
  -1.8339e-08
  -1.8334e-08
  -1.8328e-08
  -1.8322e-08
  -1.8317e-08
  -1.8311e-08
  -1.8305e-08
  -1.8300e-08
  -1.8294e-08
  -1.8288e-08
  -1.8282e-08
  -1.8277e-08
  -1.8271e-08
  -1.8265e-08
  -1.8260e-08
  -1.8254e-08
  -1.8248e-08
  -1.8242e-08
  -1.8237e-08
  -1.8231e-08
  -1.8225e-08
  -1.8219e-08
  -1.8214e-08
  -1.8208e-08
  -1.8202e-08
  -1.8196e-08
  -1.8191e-08
  -1.8185e-08
  -1.8179e-08
  -1.8173e-08
  -1.8168e-08
  -1.8162e-08
  -1.8156e-08
  -1.8150e-08
  -1.8144e-08
  -1.8139e-08
  -1.8133e-08
  -1.8127e-08
  -1.8121e-08
  -1.8115e-08
  -1.8110e-08
  -1.8104e-08
  -1.8098e-08
  -1.8092e-08
  -1.8086e-08
  -1.8081e-08
  -1.8075e-08
  -1.8069e-08
  -1.8063e-08
  -1.8057e-08
  -1.8051e-08
  -1.8045e-08
  -1.8040e-08
  -1.8034e-08
  -1.8028e-08
  -1.8022e-08
  -1.8016e-08
  -1.8010e-08
  -1.8004e-08
  -1.7998e-08
  -1.7992e-08
  -1.7986e-08
  -1.7980e-08
  -1.7974e-08
  -1.7968e-08
  -1.7962e-08
  -1.7956e-08
  -1.7950e-08
  -1.7944e-08
  -1.7938e-08
  -1.7932e-08
  -1.7926e-08
  -1.7920e-08
  -1.7914e-08
  -1.7908e-08
  -1.7902e-08
  -1.7896e-08
  -1.7890e-08
  -1.7884e-08
  -1.7878e-08
  -1.7872e-08
  -1.7866e-08
  -1.7860e-08
  -1.7854e-08
  -1.7848e-08
  -1.7842e-08
  -1.7836e-08
  -1.7829e-08
  -1.7823e-08
  -1.7817e-08
  -1.7811e-08
  -1.7805e-08
  -1.7799e-08
  -1.7793e-08
  -1.7787e-08
  -1.7780e-08
  -1.7774e-08
  -1.7768e-08
  -1.7762e-08
  -1.7756e-08
  -1.7750e-08
  -1.7744e-08
  -1.7737e-08
  -1.7731e-08
  -1.7725e-08
  -1.7719e-08
  -1.7713e-08
  -1.7706e-08
  -1.7700e-08
  -1.7694e-08
  -1.7688e-08
  -1.7681e-08
  -1.7675e-08
  -1.7669e-08
  -1.7663e-08
  -1.7656e-08
  -1.7650e-08
  -1.7644e-08
  -1.7638e-08
  -1.7632e-08
  -1.7625e-08
  -1.7619e-08
  -1.7613e-08
  -1.7607e-08
  -1.7601e-08
  -1.7595e-08
  -1.7589e-08
  -1.7582e-08
  -1.7576e-08
  -1.7570e-08
  -1.7564e-08
  -1.7558e-08
  -1.7552e-08
  -1.7545e-08
  -1.7539e-08
  -1.7533e-08
  -1.7527e-08
  -1.7520e-08
  -1.7514e-08
  -1.7508e-08
  -1.7502e-08
  -1.7496e-08
  -1.7489e-08
  -1.7483e-08
  -1.7477e-08
  -1.7470e-08
  -1.7464e-08
  -1.7458e-08
  -1.7452e-08
  -1.7445e-08
  -1.7439e-08
  -1.7433e-08
  -1.7426e-08
  -1.7420e-08
  -1.7414e-08
  -1.7407e-08
  -1.7401e-08
  -1.7395e-08
  -1.7388e-08
  -1.7382e-08
  -1.7376e-08
  -1.7369e-08
  -1.7363e-08
  -1.7357e-08
  -1.7350e-08
  -1.7344e-08
  -1.7337e-08
  -1.7331e-08
  -1.7324e-08
  -1.7318e-08
  -1.7312e-08
  -1.7305e-08
  -1.7299e-08
  -1.7292e-08
  -1.7286e-08
  -1.7279e-08
  -1.7273e-08
  -1.7266e-08
  -1.7260e-08
  -1.7253e-08
  -1.7247e-08
  -1.7240e-08
  -1.7234e-08
  -1.7227e-08
  -1.7221e-08
  -1.7214e-08
  -1.7208e-08
  -1.7201e-08
  -1.7195e-08
  -1.7188e-08
  -1.7182e-08
  -1.7175e-08
  -1.7169e-08
  -1.7162e-08
  -1.7155e-08
  -1.7149e-08
  -1.7142e-08
  -1.7136e-08
  -1.7129e-08
  -1.7122e-08
  -1.7116e-08
  -1.7109e-08
  -1.7102e-08
  -1.7096e-08
  -1.7089e-08
  -1.7082e-08
  -1.7076e-08
  -1.7069e-08
  -1.7062e-08
  -1.7056e-08
  -1.7049e-08
  -1.7042e-08
  -1.7036e-08
  -1.7029e-08
  -1.7022e-08
  -1.7016e-08
  -1.7009e-08
  -1.7002e-08
  -1.6995e-08
  -1.6989e-08
  -1.6982e-08
  -1.6975e-08
  -1.6968e-08
  -1.6962e-08
  -1.6955e-08
  -1.6948e-08
  -1.6941e-08
  -1.6934e-08
  -1.6928e-08
  -1.6921e-08
  -1.6914e-08
  -1.6907e-08
  -1.6900e-08
  -1.6894e-08
  -1.6887e-08
  -1.6880e-08
  -1.6873e-08
  -1.6866e-08
  -1.6859e-08
  -1.6852e-08
  -1.6846e-08
  -1.6839e-08
  -1.6832e-08
  -1.6825e-08
  -1.6818e-08
  -1.6811e-08
  -1.6804e-08
  -1.6797e-08
  -1.6791e-08
  -1.6784e-08
  -1.6777e-08
  -1.6770e-08
  -1.6764e-08
  -1.6757e-08
  -1.6750e-08
  -1.6743e-08
  -1.6736e-08
  -1.6730e-08
  -1.6723e-08
  -1.6716e-08
  -1.6709e-08
  -1.6702e-08
  -1.6695e-08
  -1.6689e-08
  -1.6682e-08
  -1.6675e-08
  -1.6668e-08
  -1.6661e-08
  -1.6654e-08
  -1.6647e-08
  -1.6641e-08
  -1.6634e-08
  -1.6627e-08
  -1.6620e-08
  -1.6613e-08
  -1.6606e-08
  -1.6599e-08
  -1.6592e-08
  -1.6585e-08
  -1.6578e-08
  -1.6571e-08
  -1.6564e-08
  -1.6557e-08
  -1.6550e-08
  -1.6544e-08
  -1.6537e-08
  -1.6530e-08
  -1.6523e-08
  -1.6516e-08
  -1.6509e-08
  -1.6502e-08
  -1.6495e-08
  -1.6488e-08
  -1.6481e-08
  -1.6473e-08
  -1.6466e-08
  -1.6459e-08
  -1.6452e-08
  -1.6445e-08
  -1.6438e-08
  -1.6431e-08
  -1.6424e-08
  -1.6417e-08
  -1.6410e-08
  -1.6403e-08
  -1.6396e-08
  -1.6389e-08
  -1.6382e-08
  -1.6374e-08
  -1.6367e-08
  -1.6360e-08
  -1.6353e-08
  -1.6346e-08
  -1.6339e-08
  -1.6332e-08
  -1.6325e-08
  -1.6317e-08
  -1.6310e-08
  -1.6303e-08
  -1.6296e-08
  -1.6289e-08
  -1.6281e-08
  -1.6274e-08
  -1.6267e-08
  -1.6260e-08
  -1.6253e-08
  -1.6245e-08
  -1.6238e-08
  -1.6231e-08
  -1.6224e-08
  -1.6217e-08
  -1.6209e-08
  -1.6202e-08
  -1.6195e-08
  -1.6188e-08
  -1.6180e-08
  -1.6173e-08
  -1.6166e-08
  -1.6158e-08
  -1.6151e-08
  -1.6144e-08
  -1.6137e-08
  -1.6129e-08
  -1.6122e-08
  -1.6115e-08
  -1.6107e-08
  -1.6100e-08
  -1.6093e-08
  -1.6085e-08
  -1.6078e-08
  -1.6071e-08
  -1.6063e-08
  -1.6056e-08
  -1.6049e-08
  -1.6041e-08
  -1.6034e-08
  -1.6026e-08
  -1.6019e-08
  -1.6012e-08
  -1.6004e-08
  -1.5997e-08
  -1.5989e-08
  -1.5982e-08
  -1.5975e-08
  -1.5967e-08
  -1.5960e-08
  -1.5952e-08
  -1.5945e-08
  -1.5937e-08
  -1.5930e-08
  -1.5923e-08
  -1.5915e-08
  -1.5908e-08
  -1.5900e-08
  -1.5893e-08
  -1.5885e-08
  -1.5878e-08
  -1.5871e-08
  -1.5863e-08
  -1.5856e-08
  -1.5849e-08
  -1.5841e-08
  -1.5834e-08
  -1.5826e-08
  -1.5819e-08
  -1.5812e-08
  -1.5804e-08
  -1.5797e-08
  -1.5789e-08
  -1.5782e-08
  -1.5775e-08
  -1.5767e-08
  -1.5760e-08
  -1.5752e-08
  -1.5745e-08
  -1.5737e-08
  -1.5730e-08
  -1.5723e-08
  -1.5715e-08
  -1.5708e-08
  -1.5700e-08
  -1.5693e-08
  -1.5685e-08
  -1.5678e-08
  -1.5670e-08
  -1.5663e-08
  -1.5655e-08
  -1.5648e-08
  -1.5640e-08
  -1.5633e-08
  -1.5625e-08
  -1.5618e-08
  -1.5610e-08
  -1.5603e-08
  -1.5595e-08
  -1.5588e-08
  -1.5580e-08
  -1.5572e-08
  -1.5565e-08
  -1.5557e-08
  -1.5550e-08
  -1.5542e-08
  -1.5535e-08
  -1.5527e-08
  -1.5519e-08
  -1.5512e-08
  -1.5504e-08
  -1.5497e-08
  -1.5489e-08
  -1.5481e-08
  -1.5474e-08
  -1.5466e-08
  -1.5459e-08
  -1.5451e-08
  -1.5443e-08
  -1.5436e-08
  -1.5428e-08
  -1.5420e-08
  -1.5413e-08
  -1.5405e-08
  -1.5397e-08
  -1.5390e-08
  -1.5382e-08
  -1.5374e-08
  -1.5367e-08
  -1.5359e-08
  -1.5351e-08
  -1.5344e-08
  -1.5336e-08
  -1.5328e-08
  -1.5321e-08
  -1.5313e-08
  -1.5305e-08
  -1.5298e-08
  -1.5290e-08
  -1.5282e-08
  -1.5274e-08
  -1.5267e-08
  -1.5259e-08
  -1.5251e-08
  -1.5243e-08
  -1.5236e-08
  -1.5228e-08
  -1.5220e-08
  -1.5212e-08
  -1.5205e-08
  -1.5197e-08
  -1.5189e-08
  -1.5181e-08
  -1.5174e-08
  -1.5166e-08
  -1.5158e-08
  -1.5150e-08
  -1.5142e-08
  -1.5135e-08
  -1.5127e-08
  -1.5119e-08
  -1.5111e-08
  -1.5103e-08
  -1.5096e-08
  -1.5088e-08
  -1.5080e-08
  -1.5072e-08
  -1.5064e-08
  -1.5056e-08
  -1.5049e-08
  -1.5041e-08
  -1.5033e-08
  -1.5025e-08
  -1.5017e-08
  -1.5009e-08
  -1.5002e-08
  -1.4994e-08
  -1.4986e-08
  -1.4978e-08
  -1.4970e-08
  -1.4962e-08
  -1.4954e-08
  -1.4946e-08
  -1.4938e-08
  -1.4931e-08
  -1.4923e-08
  -1.4915e-08
  -1.4907e-08
  -1.4899e-08
  -1.4891e-08
  -1.4884e-08
  -1.4876e-08
  -1.4868e-08
  -1.4860e-08
  -1.4852e-08
  -1.4845e-08
  -1.4837e-08
  -1.4829e-08
  -1.4821e-08
  -1.4813e-08
  -1.4805e-08
  -1.4797e-08
  -1.4790e-08
  -1.4782e-08
  -1.4774e-08
  -1.4766e-08
  -1.4758e-08
  -1.4750e-08
  -1.4742e-08
  -1.4735e-08
  -1.4727e-08
  -1.4719e-08
  -1.4711e-08
  -1.4703e-08
  -1.4695e-08
  -1.4687e-08
  -1.4679e-08
  -1.4672e-08
  -1.4664e-08
  -1.4656e-08
  -1.4648e-08
  -1.4640e-08
  -1.4632e-08
  -1.4624e-08
  -1.4616e-08
  -1.4608e-08
  -1.4600e-08
  -1.4592e-08
  -1.4584e-08
  -1.4576e-08
  -1.4569e-08
  -1.4561e-08
  -1.4553e-08
  -1.4545e-08
  -1.4537e-08
  -1.4529e-08
  -1.4521e-08
  -1.4513e-08
  -1.4505e-08
  -1.4497e-08
  -1.4489e-08
  -1.4481e-08
  -1.4473e-08
  -1.4465e-08
  -1.4457e-08
  -1.4449e-08
  -1.4441e-08
  -1.4433e-08
  -1.4425e-08
  -1.4417e-08
  -1.4409e-08
  -1.4401e-08
  -1.4393e-08
  -1.4385e-08
  -1.4377e-08
  -1.4369e-08
  -1.4361e-08
  -1.4353e-08
  -1.4345e-08
  -1.4337e-08
  -1.4329e-08
  -1.4321e-08
  -1.4313e-08
  -1.4305e-08
  -1.4297e-08
  -1.4289e-08
  -1.4281e-08
  -1.4273e-08
  -1.4264e-08
  -1.4256e-08
  -1.4248e-08
  -1.4240e-08
  -1.4232e-08
  -1.4224e-08
  -1.4216e-08
  -1.4208e-08
  -1.4200e-08
  -1.4192e-08
  -1.4184e-08
  -1.4176e-08
  -1.4168e-08
  -1.4160e-08
  -1.4151e-08
  -1.4143e-08
  -1.4135e-08
  -1.4127e-08
  -1.4119e-08
  -1.4111e-08
  -1.4103e-08
  -1.4095e-08
  -1.4087e-08
  -1.4079e-08
  -1.4070e-08
  -1.4062e-08
  -1.4054e-08
  -1.4046e-08
  -1.4038e-08
  -1.4030e-08
  -1.4022e-08
  -1.4014e-08
  -1.4005e-08
  -1.3997e-08
  -1.3989e-08
  -1.3981e-08
  -1.3973e-08
  -1.3965e-08
  -1.3957e-08
  -1.3948e-08
  -1.3940e-08
  -1.3932e-08
  -1.3924e-08
  -1.3916e-08
  -1.3908e-08
  -1.3900e-08
  -1.3891e-08
  -1.3883e-08
  -1.3875e-08
  -1.3867e-08
  -1.3859e-08
  -1.3851e-08
  -1.3843e-08
  -1.3835e-08
  -1.3827e-08
  -1.3819e-08
  -1.3810e-08
  -1.3802e-08
  -1.3794e-08
  -1.3786e-08
  -1.3778e-08
  -1.3770e-08
  -1.3762e-08
  -1.3754e-08
  -1.3746e-08
  -1.3738e-08
  -1.3729e-08
  -1.3721e-08
  -1.3713e-08
  -1.3705e-08
  -1.3697e-08
  -1.3689e-08
  -1.3681e-08
  -1.3673e-08
  -1.3664e-08
  -1.3656e-08
  -1.3648e-08
  -1.3640e-08
  -1.3632e-08
  -1.3624e-08
  -1.3616e-08
  -1.3607e-08
  -1.3599e-08
  -1.3591e-08
  -1.3583e-08
  -1.3575e-08
  -1.3567e-08
  -1.3559e-08
  -1.3550e-08
  -1.3542e-08
  -1.3534e-08
  -1.3526e-08
  -1.3518e-08
  -1.3510e-08
  -1.3501e-08
  -1.3493e-08
  -1.3485e-08
  -1.3477e-08
  -1.3469e-08
  -1.3461e-08
  -1.3452e-08
  -1.3444e-08
  -1.3436e-08
  -1.3428e-08
  -1.3420e-08
  -1.3411e-08
  -1.3403e-08
  -1.3395e-08
  -1.3387e-08
  -1.3379e-08
  -1.3370e-08
  -1.3362e-08
  -1.3354e-08
  -1.3346e-08
  -1.3338e-08
  -1.3329e-08
  -1.3321e-08
  -1.3313e-08
  -1.3305e-08
  -1.3297e-08
  -1.3288e-08
  -1.3280e-08
  -1.3272e-08
  -1.3264e-08
  -1.3256e-08
  -1.3247e-08
  -1.3239e-08
  -1.3231e-08
  -1.3223e-08
  -1.3215e-08
  -1.3206e-08
  -1.3198e-08
  -1.3190e-08
  -1.3182e-08
  -1.3173e-08
  -1.3165e-08
  -1.3157e-08
  -1.3149e-08
  -1.3140e-08
  -1.3132e-08
  -1.3124e-08
  -1.3116e-08
  -1.3108e-08
  -1.3099e-08
  -1.3091e-08
  -1.3083e-08
  -1.3075e-08
  -1.3066e-08
  -1.3058e-08
  -1.3050e-08
  -1.3042e-08
  -1.3033e-08
  -1.3025e-08
  -1.3017e-08
  -1.3009e-08
  -1.3000e-08
  -1.2992e-08
  -1.2984e-08
  -1.2976e-08
  -1.2967e-08
  -1.2959e-08
  -1.2951e-08
  -1.2943e-08
  -1.2934e-08
  -1.2926e-08
  -1.2918e-08
  -1.2910e-08
  -1.2901e-08
  -1.2893e-08
  -1.2885e-08
  -1.2876e-08
  -1.2868e-08
  -1.2860e-08
  -1.2852e-08
  -1.2843e-08
  -1.2835e-08
  -1.2827e-08
  -1.2819e-08
  -1.2811e-08
  -1.2802e-08
  -1.2794e-08
  -1.2786e-08
  -1.2778e-08
  -1.2770e-08
  -1.2761e-08
  -1.2753e-08
  -1.2745e-08
  -1.2737e-08
  -1.2729e-08
  -1.2720e-08
  -1.2712e-08
  -1.2704e-08
  -1.2696e-08
  -1.2687e-08
  -1.2679e-08
  -1.2671e-08
  -1.2663e-08
  -1.2655e-08
  -1.2646e-08
  -1.2638e-08
  -1.2630e-08
  -1.2622e-08
  -1.2613e-08
  -1.2605e-08
  -1.2597e-08
  -1.2589e-08
  -1.2581e-08
  -1.2572e-08
  -1.2564e-08
  -1.2556e-08
  -1.2548e-08
  -1.2539e-08
  -1.2531e-08
  -1.2523e-08
  -1.2515e-08
  -1.2507e-08
  -1.2498e-08
  -1.2490e-08
  -1.2482e-08
  -1.2474e-08
  -1.2465e-08
  -1.2457e-08
  -1.2449e-08
  -1.2441e-08
  -1.2432e-08
  -1.2424e-08
  -1.2416e-08
  -1.2408e-08
  -1.2400e-08
  -1.2391e-08
  -1.2383e-08
  -1.2375e-08
  -1.2367e-08
  -1.2358e-08
  -1.2350e-08
  -1.2342e-08
  -1.2334e-08
  -1.2325e-08
  -1.2317e-08
  -1.2309e-08
  -1.2301e-08
  -1.2292e-08
  -1.2284e-08
  -1.2276e-08
  -1.2268e-08
  -1.2259e-08
  -1.2251e-08
  -1.2243e-08
  -1.2235e-08
  -1.2227e-08
  -1.2218e-08
  -1.2210e-08
  -1.2202e-08
  -1.2194e-08
  -1.2185e-08
  -1.2177e-08
  -1.2169e-08
  -1.2161e-08
  -1.2152e-08
  -1.2144e-08
  -1.2136e-08
  -1.2128e-08
  -1.2119e-08
  -1.2111e-08
  -1.2103e-08
  -1.2095e-08
  -1.2086e-08
  -1.2078e-08
  -1.2070e-08
  -1.2062e-08
  -1.2053e-08
  -1.2045e-08
  -1.2037e-08
  -1.2029e-08
  -1.2020e-08
  -1.2012e-08
  -1.2004e-08
  -1.1996e-08
  -1.1987e-08
  -1.1979e-08
  -1.1971e-08
  -1.1963e-08
  -1.1954e-08
  -1.1946e-08
  -1.1938e-08
  -1.1930e-08
  -1.1921e-08
  -1.1913e-08
  -1.1905e-08
  -1.1897e-08
  -1.1888e-08
  -1.1880e-08
  -1.1872e-08
  -1.1864e-08
  -1.1855e-08
  -1.1847e-08
  -1.1839e-08
  -1.1831e-08
  -1.1822e-08
  -1.1814e-08
  -1.1806e-08
  -1.1798e-08
  -1.1790e-08
