  -2.0001e-08
  -2.0001e-08
  -2.0001e-08
  -2.0000e-08
  -2.0000e-08
  -1.9999e-08
  -1.9998e-08
  -1.9997e-08
  -1.9996e-08
  -1.9995e-08
  -1.9994e-08
  -1.9994e-08
  -1.9993e-08
  -1.9993e-08
  -1.9993e-08
  -1.9994e-08
  -1.9994e-08
  -1.9994e-08
  -1.9994e-08
  -1.9994e-08
  -1.9994e-08
  -1.9993e-08
  -1.9992e-08
  -1.9990e-08
  -1.9988e-08
  -1.9987e-08
  -1.9985e-08
  -1.9984e-08
  -1.9982e-08
  -1.9981e-08
  -1.9981e-08
  -1.9980e-08
  -1.9980e-08
  -1.9980e-08
  -1.9980e-08
  -1.9980e-08
  -1.9980e-08
  -1.9979e-08
  -1.9979e-08
  -1.9978e-08
  -1.9976e-08
  -1.9975e-08
  -1.9973e-08
  -1.9972e-08
  -1.9970e-08
  -1.9969e-08
  -1.9968e-08
  -1.9967e-08
  -1.9966e-08
  -1.9966e-08
  -1.9966e-08
  -1.9966e-08
  -1.9966e-08
  -1.9965e-08
  -1.9965e-08
  -1.9964e-08
  -1.9963e-08
  -1.9962e-08
  -1.9960e-08
  -1.9959e-08
  -1.9957e-08
  -1.9955e-08
  -1.9954e-08
  -1.9953e-08
  -1.9952e-08
  -1.9951e-08
  -1.9951e-08
  -1.9951e-08
  -1.9952e-08
  -1.9952e-08
  -1.9952e-08
  -1.9953e-08
  -1.9953e-08
  -1.9953e-08
  -1.9952e-08
  -1.9951e-08
  -1.9950e-08
  -1.9949e-08
  -1.9948e-08
  -1.9947e-08
  -1.9946e-08
  -1.9946e-08
  -1.9945e-08
  -1.9945e-08
  -1.9945e-08
  -1.9945e-08
  -1.9945e-08
  -1.9945e-08
  -1.9945e-08
  -1.9945e-08
  -1.9944e-08
  -1.9943e-08
  -1.9942e-08
  -1.9940e-08
  -1.9938e-08
  -1.9937e-08
  -1.9935e-08
  -1.9934e-08
  -1.9932e-08
  -1.9931e-08
  -1.9931e-08
  -1.9930e-08
  -1.9930e-08
  -1.9930e-08
  -1.9930e-08
  -1.9930e-08
  -1.9930e-08
  -1.9929e-08
  -1.9929e-08
  -1.9928e-08
  -1.9926e-08
  -1.9925e-08
  -1.9923e-08
  -1.9921e-08
  -1.9920e-08
  -1.9918e-08
  -1.9917e-08
  -1.9916e-08
  -1.9915e-08
  -1.9915e-08
  -1.9914e-08
  -1.9914e-08
  -1.9914e-08
  -1.9913e-08
  -1.9913e-08
  -1.9912e-08
  -1.9911e-08
  -1.9909e-08
  -1.9908e-08
  -1.9906e-08
  -1.9906e-08
  -1.9906e-08
  -1.9906e-08
  -1.9907e-08
  -1.9908e-08
  -1.9909e-08
  -1.9910e-08
  -1.9912e-08
  -1.9914e-08
  -1.9916e-08
  -1.9918e-08
  -1.9919e-08
  -1.9921e-08
  -1.9923e-08
  -1.9924e-08
  -1.9925e-08
  -1.9925e-08
  -1.9926e-08
  -1.9926e-08
  -1.9926e-08
  -1.9926e-08
  -1.9927e-08
  -1.9927e-08
  -1.9928e-08
  -1.9929e-08
  -1.9930e-08
  -1.9932e-08
  -1.9933e-08
  -1.9934e-08
  -1.9936e-08
  -1.9937e-08
  -1.9938e-08
  -1.9938e-08
  -1.9938e-08
  -1.9938e-08
  -1.9938e-08
  -1.9938e-08
  -1.9938e-08
  -1.9938e-08
  -1.9938e-08
  -1.9938e-08
  -1.9939e-08
  -1.9939e-08
  -1.9940e-08
  -1.9942e-08
  -1.9943e-08
  -1.9944e-08
  -1.9946e-08
  -1.9947e-08
  -1.9948e-08
  -1.9949e-08
  -1.9949e-08
  -1.9949e-08
  -1.9949e-08
  -1.9949e-08
  -1.9949e-08
  -1.9949e-08
  -1.9949e-08
  -1.9949e-08
  -1.9949e-08
  -1.9950e-08
  -1.9950e-08
  -1.9951e-08
  -1.9953e-08
  -1.9954e-08
  -1.9955e-08
  -1.9957e-08
  -1.9958e-08
  -1.9958e-08
  -1.9959e-08
  -1.9959e-08
  -1.9960e-08
  -1.9960e-08
  -1.9960e-08
  -1.9960e-08
  -1.9961e-08
  -1.9961e-08
  -1.9962e-08
  -1.9963e-08
  -1.9965e-08
  -1.9966e-08
  -1.9968e-08
  -1.9970e-08
  -1.9972e-08
  -1.9974e-08
  -1.9975e-08
  -1.9977e-08
  -1.9977e-08
  -1.9978e-08
  -1.9978e-08
  -1.9978e-08
  -1.9978e-08
  -1.9978e-08
  -1.9978e-08
  -1.9978e-08
  -1.9979e-08
  -1.9979e-08
  -1.9980e-08
  -1.9981e-08
  -1.9982e-08
  -1.9983e-08
  -1.9984e-08
  -1.9986e-08
  -1.9987e-08
  -1.9987e-08
  -1.9988e-08
  -1.9988e-08
  -1.9988e-08
  -1.9988e-08
  -1.9988e-08
  -1.9987e-08
  -1.9987e-08
  -1.9988e-08
  -1.9988e-08
  -1.9989e-08
  -1.9990e-08
  -1.9991e-08
  -1.9992e-08
  -1.9993e-08
  -1.9995e-08
  -1.9996e-08
  -1.9997e-08
  -1.9998e-08
  -1.9999e-08
  -1.9999e-08
  -1.9999e-08
  -1.9999e-08
  -1.9998e-08
  -1.9998e-08
  -1.9998e-08
  -1.9999e-08
  -1.9999e-08
  -2.0000e-08
  -2.0001e-08
  -2.0002e-08
  -2.0003e-08
  -2.0005e-08
  -2.0006e-08
  -2.0008e-08
  -2.0010e-08
  -2.0011e-08
  -2.0012e-08
  -2.0014e-08
  -2.0014e-08
  -2.0015e-08
  -2.0016e-08
  -2.0016e-08
  -2.0016e-08
  -2.0017e-08
  -2.0018e-08
  -2.0019e-08
  -2.0020e-08
  -2.0021e-08
  -2.0023e-08
  -2.0024e-08
  -2.0026e-08
  -2.0027e-08
  -2.0029e-08
  -2.0031e-08
  -2.0032e-08
  -2.0033e-08
  -2.0034e-08
  -2.0034e-08
  -2.0034e-08
  -2.0034e-08
  -2.0034e-08
  -2.0033e-08
  -2.0033e-08
  -2.0033e-08
  -2.0033e-08
  -2.0034e-08
  -2.0034e-08
  -2.0035e-08
  -2.0036e-08
  -2.0037e-08
  -2.0038e-08
  -2.0040e-08
  -2.0041e-08
  -2.0042e-08
  -2.0043e-08
  -2.0043e-08
  -2.0043e-08
  -2.0043e-08
  -2.0043e-08
  -2.0043e-08
  -2.0043e-08
  -2.0043e-08
  -2.0044e-08
  -2.0044e-08
  -2.0045e-08
  -2.0045e-08
  -2.0046e-08
  -2.0048e-08
  -2.0049e-08
  -2.0050e-08
  -2.0052e-08
  -2.0053e-08
  -2.0054e-08
  -2.0055e-08
  -2.0055e-08
  -2.0055e-08
  -2.0055e-08
  -2.0055e-08
  -2.0055e-08
  -2.0055e-08
  -2.0055e-08
  -2.0055e-08
  -2.0056e-08
  -2.0057e-08
  -2.0058e-08
  -2.0059e-08
  -2.0061e-08
  -2.0062e-08
  -2.0064e-08
  -2.0066e-08
  -2.0067e-08
  -2.0069e-08
  -2.0070e-08
  -2.0071e-08
  -2.0071e-08
  -2.0072e-08
  -2.0072e-08
  -2.0072e-08
  -2.0073e-08
  -2.0073e-08
  -2.0074e-08
  -2.0074e-08
  -2.0075e-08
  -2.0076e-08
  -2.0077e-08
  -2.0078e-08
  -2.0080e-08
  -2.0081e-08
  -2.0082e-08
  -2.0083e-08
  -2.0084e-08
  -2.0085e-08
  -2.0085e-08
  -2.0085e-08
  -2.0084e-08
  -2.0084e-08
  -2.0084e-08
  -2.0083e-08
  -2.0083e-08
  -2.0083e-08
  -2.0084e-08
  -2.0084e-08
  -2.0085e-08
  -2.0086e-08
  -2.0087e-08
  -2.0089e-08
  -2.0090e-08
  -2.0091e-08
  -2.0092e-08
  -2.0093e-08
  -2.0094e-08
  -2.0094e-08
  -2.0094e-08
  -2.0093e-08
  -2.0093e-08
  -2.0093e-08
  -2.0092e-08
  -2.0092e-08
  -2.0092e-08
  -2.0092e-08
  -2.0092e-08
  -2.0093e-08
  -2.0093e-08
  -2.0094e-08
  -2.0095e-08
  -2.0096e-08
  -2.0097e-08
  -2.0097e-08
  -2.0098e-08
  -2.0098e-08
  -2.0098e-08
  -2.0097e-08
  -2.0097e-08
  -2.0096e-08
  -2.0096e-08
  -2.0095e-08
  -2.0095e-08
  -2.0096e-08
  -2.0096e-08
  -2.0097e-08
  -2.0097e-08
  -2.0098e-08
  -2.0100e-08
  -2.0101e-08
  -2.0102e-08
  -2.0103e-08
  -2.0104e-08
  -2.0104e-08
  -2.0104e-08
  -2.0104e-08
  -2.0104e-08
  -2.0103e-08
  -2.0103e-08
  -2.0102e-08
  -2.0101e-08
  -2.0101e-08
  -2.0101e-08
  -2.0101e-08
  -2.0101e-08
  -2.0101e-08
  -2.0101e-08
  -2.0102e-08
  -2.0102e-08
  -2.0103e-08
  -2.0103e-08
  -2.0103e-08
  -2.0103e-08
  -2.0102e-08
  -2.0101e-08
  -2.0101e-08
  -2.0100e-08
  -2.0099e-08
  -2.0098e-08
  -2.0097e-08
  -2.0097e-08
  -2.0097e-08
  -2.0097e-08
  -2.0097e-08
  -2.0098e-08
  -2.0098e-08
  -2.0099e-08
  -2.0100e-08
  -2.0100e-08
  -2.0101e-08
  -2.0101e-08
  -2.0101e-08
  -2.0100e-08
  -2.0099e-08
  -2.0099e-08
  -2.0098e-08
  -2.0097e-08
  -2.0096e-08
  -2.0095e-08
  -2.0095e-08
  -2.0095e-08
  -2.0095e-08
  -2.0095e-08
  -2.0095e-08
  -2.0096e-08
  -2.0097e-08
  -2.0098e-08
  -2.0098e-08
  -2.0099e-08
  -2.0099e-08
  -2.0099e-08
  -2.0099e-08
  -2.0099e-08
  -2.0098e-08
  -2.0098e-08
  -2.0098e-08
  -2.0098e-08
  -2.0098e-08
  -2.0098e-08
  -2.0098e-08
  -2.0099e-08
  -2.0100e-08
  -2.0100e-08
  -2.0101e-08
  -2.0102e-08
  -2.0103e-08
  -2.0104e-08
  -2.0104e-08
  -2.0104e-08
  -2.0104e-08
  -2.0103e-08
  -2.0103e-08
  -2.0102e-08
  -2.0101e-08
  -2.0100e-08
  -2.0099e-08
  -2.0099e-08
  -2.0098e-08
  -2.0098e-08
  -2.0098e-08
  -2.0098e-08
  -2.0099e-08
  -2.0099e-08
  -2.0100e-08
  -2.0101e-08
  -2.0101e-08
  -2.0100e-08
  -2.0100e-08
  -2.0099e-08
  -2.0098e-08
  -2.0097e-08
  -2.0096e-08
  -2.0094e-08
  -2.0093e-08
  -2.0092e-08
  -2.0092e-08
  -2.0091e-08
  -2.0091e-08
  -2.0091e-08
  -2.0091e-08
  -2.0091e-08
  -2.0091e-08
  -2.0091e-08
  -2.0091e-08
  -2.0090e-08
  -2.0090e-08
  -2.0088e-08
  -2.0087e-08
  -2.0086e-08
  -2.0084e-08
  -2.0083e-08
  -2.0081e-08
  -2.0080e-08
  -2.0080e-08
  -2.0079e-08
  -2.0079e-08
  -2.0079e-08
  -2.0079e-08
  -2.0080e-08
  -2.0080e-08
  -2.0080e-08
  -2.0081e-08
  -2.0081e-08
  -2.0080e-08
  -2.0079e-08
  -2.0079e-08
  -2.0078e-08
  -2.0077e-08
  -2.0075e-08
  -2.0075e-08
  -2.0074e-08
  -2.0073e-08
  -2.0073e-08
  -2.0073e-08
  -2.0073e-08
  -2.0073e-08
  -2.0073e-08
  -2.0073e-08
  -2.0073e-08
  -2.0073e-08
  -2.0072e-08
  -2.0071e-08
  -2.0070e-08
  -2.0068e-08
  -2.0067e-08
  -2.0065e-08
  -2.0064e-08
  -2.0063e-08
  -2.0062e-08
  -2.0061e-08
  -2.0060e-08
  -2.0060e-08
  -2.0060e-08
  -2.0060e-08
  -2.0060e-08
  -2.0060e-08
  -2.0060e-08
  -2.0060e-08
  -2.0059e-08
  -2.0059e-08
  -2.0057e-08
  -2.0056e-08
  -2.0054e-08
  -2.0053e-08
  -2.0051e-08
  -2.0050e-08
  -2.0049e-08
  -2.0048e-08
  -2.0047e-08
  -2.0047e-08
  -2.0047e-08
  -2.0046e-08
  -2.0046e-08
  -2.0046e-08
  -2.0046e-08
  -2.0045e-08
  -2.0044e-08
  -2.0043e-08
  -2.0041e-08
  -2.0040e-08
  -2.0038e-08
  -2.0036e-08
  -2.0035e-08
  -2.0034e-08
  -2.0033e-08
  -2.0033e-08
  -2.0033e-08
  -2.0033e-08
  -2.0033e-08
  -2.0033e-08
  -2.0034e-08
  -2.0034e-08
  -2.0034e-08
  -2.0034e-08
  -2.0034e-08
  -2.0033e-08
  -2.0032e-08
  -2.0031e-08
  -2.0029e-08
  -2.0028e-08
  -2.0027e-08
  -2.0026e-08
  -2.0025e-08
  -2.0025e-08
  -2.0025e-08
  -2.0025e-08
  -2.0025e-08
  -2.0025e-08
  -2.0025e-08
  -2.0025e-08
  -2.0025e-08
  -2.0024e-08
  -2.0023e-08
  -2.0023e-08
  -2.0023e-08
  -2.0023e-08
  -2.0023e-08
  -2.0023e-08
  -2.0023e-08
  -2.0023e-08
  -2.0023e-08
  -2.0024e-08
  -2.0025e-08
  -2.0026e-08
  -2.0027e-08
  -2.0028e-08
  -2.0030e-08
  -2.0031e-08
  -2.0031e-08
  -2.0032e-08
  -2.0032e-08
  -2.0032e-08
  -2.0031e-08
  -2.0030e-08
  -2.0030e-08
  -2.0029e-08
  -2.0028e-08
  -2.0028e-08
  -2.0028e-08
  -2.0028e-08
  -2.0028e-08
  -2.0028e-08
  -2.0029e-08
  -2.0029e-08
  -2.0030e-08
  -2.0031e-08
  -2.0031e-08
  -2.0031e-08
  -2.0031e-08
  -2.0030e-08
  -2.0030e-08
  -2.0029e-08
  -2.0029e-08
  -2.0028e-08
  -2.0028e-08
  -2.0028e-08
  -2.0028e-08
  -2.0028e-08
  -2.0029e-08
  -2.0030e-08
  -2.0031e-08
  -2.0032e-08
  -2.0033e-08
  -2.0034e-08
  -2.0035e-08
  -2.0035e-08
  -2.0035e-08
  -2.0035e-08
  -2.0035e-08
  -2.0034e-08
  -2.0034e-08
  -2.0033e-08
  -2.0033e-08
  -2.0033e-08
  -2.0033e-08
  -2.0033e-08
  -2.0034e-08
  -2.0035e-08
  -2.0036e-08
  -2.0037e-08
  -2.0038e-08
  -2.0039e-08
  -2.0040e-08
  -2.0040e-08
  -2.0041e-08
  -2.0041e-08
  -2.0040e-08
  -2.0040e-08
  -2.0040e-08
  -2.0040e-08
  -2.0040e-08
  -2.0040e-08
  -2.0040e-08
  -2.0041e-08
  -2.0041e-08
  -2.0042e-08
  -2.0043e-08
  -2.0044e-08
  -2.0045e-08
  -2.0046e-08
  -2.0047e-08
  -2.0047e-08
  -2.0047e-08
  -2.0047e-08
  -2.0046e-08
  -2.0045e-08
  -2.0044e-08
  -2.0043e-08
  -2.0043e-08
  -2.0042e-08
  -2.0042e-08
  -2.0042e-08
  -2.0042e-08
  -2.0043e-08
  -2.0043e-08
  -2.0044e-08
  -2.0045e-08
  -2.0045e-08
  -2.0046e-08
  -2.0046e-08
  -2.0046e-08
  -2.0046e-08
  -2.0046e-08
  -2.0045e-08
  -2.0044e-08
  -2.0044e-08
  -2.0044e-08
  -2.0044e-08
  -2.0044e-08
  -2.0044e-08
  -2.0044e-08
  -2.0045e-08
  -2.0046e-08
  -2.0047e-08
  -2.0048e-08
  -2.0049e-08
  -2.0049e-08
  -2.0049e-08
  -2.0049e-08
  -2.0049e-08
  -2.0048e-08
  -2.0048e-08
  -2.0048e-08
  -2.0048e-08
  -2.0049e-08
  -2.0049e-08
  -2.0050e-08
  -2.0050e-08
  -2.0052e-08
  -2.0053e-08
  -2.0054e-08
  -2.0056e-08
  -2.0058e-08
  -2.0059e-08
  -2.0061e-08
  -2.0062e-08
  -2.0063e-08
  -2.0064e-08
  -2.0064e-08
  -2.0064e-08
  -2.0065e-08
  -2.0065e-08
  -2.0065e-08
  -2.0065e-08
  -2.0066e-08
  -2.0066e-08
  -2.0067e-08
  -2.0068e-08
  -2.0069e-08
  -2.0070e-08
  -2.0071e-08
  -2.0073e-08
  -2.0074e-08
  -2.0074e-08
  -2.0075e-08
  -2.0075e-08
  -2.0075e-08
  -2.0075e-08
  -2.0075e-08
  -2.0074e-08
  -2.0074e-08
  -2.0073e-08
  -2.0073e-08
  -2.0073e-08
  -2.0073e-08
  -2.0074e-08
  -2.0075e-08
  -2.0076e-08
  -2.0077e-08
  -2.0078e-08
  -2.0080e-08
  -2.0081e-08
  -2.0082e-08
  -2.0083e-08
  -2.0083e-08
  -2.0084e-08
  -2.0084e-08
  -2.0084e-08
  -2.0084e-08
  -2.0084e-08
  -2.0084e-08
  -2.0085e-08
  -2.0085e-08
  -2.0086e-08
  -2.0087e-08
  -2.0088e-08
  -2.0090e-08
  -2.0091e-08
  -2.0093e-08
  -2.0094e-08
  -2.0096e-08
  -2.0097e-08
  -2.0098e-08
  -2.0098e-08
  -2.0098e-08
  -2.0099e-08
  -2.0099e-08
  -2.0099e-08
  -2.0099e-08
  -2.0099e-08
  -2.0099e-08
  -2.0100e-08
  -2.0101e-08
  -2.0102e-08
  -2.0104e-08
  -2.0105e-08
  -2.0107e-08
  -2.0109e-08
  -2.0110e-08
  -2.0111e-08
  -2.0113e-08
  -2.0113e-08
  -2.0114e-08
  -2.0114e-08
  -2.0114e-08
  -2.0114e-08
  -2.0114e-08
  -2.0114e-08
  -2.0114e-08
  -2.0114e-08
  -2.0115e-08
  -2.0115e-08
  -2.0116e-08
  -2.0117e-08
  -2.0118e-08
  -2.0119e-08
  -2.0120e-08
  -2.0121e-08
  -2.0121e-08
  -2.0122e-08
  -2.0122e-08
  -2.0121e-08
  -2.0121e-08
  -2.0120e-08
  -2.0120e-08
  -2.0119e-08
  -2.0119e-08
  -2.0119e-08
  -2.0119e-08
  -2.0119e-08
  -2.0120e-08
  -2.0121e-08
  -2.0122e-08
  -2.0123e-08
  -2.0125e-08
  -2.0126e-08
  -2.0127e-08
  -2.0128e-08
  -2.0128e-08
  -2.0128e-08
  -2.0128e-08
  -2.0128e-08
  -2.0127e-08
  -2.0127e-08
  -2.0126e-08
  -2.0126e-08
  -2.0126e-08
  -2.0126e-08
  -2.0127e-08
  -2.0127e-08
  -2.0128e-08
  -2.0129e-08
  -2.0130e-08
  -2.0130e-08
  -2.0131e-08
  -2.0132e-08
  -2.0132e-08
  -2.0132e-08
  -2.0131e-08
  -2.0131e-08
  -2.0130e-08
  -2.0130e-08
  -2.0129e-08
  -2.0129e-08
  -2.0129e-08
  -2.0129e-08
  -2.0129e-08
  -2.0130e-08
  -2.0131e-08
  -2.0131e-08
  -2.0132e-08
  -2.0133e-08
  -2.0134e-08
  -2.0135e-08
  -2.0136e-08
  -2.0136e-08
  -2.0136e-08
  -2.0135e-08
  -2.0135e-08
  -2.0134e-08
  -2.0133e-08
  -2.0132e-08
  -2.0132e-08
  -2.0131e-08
  -2.0131e-08
  -2.0131e-08
  -2.0131e-08
  -2.0131e-08
  -2.0131e-08
  -2.0132e-08
  -2.0132e-08
  -2.0133e-08
  -2.0133e-08
  -2.0133e-08
  -2.0133e-08
  -2.0132e-08
  -2.0131e-08
  -2.0131e-08
  -2.0130e-08
  -2.0129e-08
  -2.0129e-08
  -2.0129e-08
  -2.0129e-08
  -2.0129e-08
  -2.0129e-08
  -2.0130e-08
  -2.0131e-08
  -2.0132e-08
  -2.0133e-08
  -2.0134e-08
  -2.0135e-08
  -2.0135e-08
  -2.0135e-08
  -2.0135e-08
  -2.0135e-08
  -2.0135e-08
  -2.0134e-08
  -2.0134e-08
  -2.0133e-08
  -2.0133e-08
  -2.0132e-08
  -2.0132e-08
  -2.0133e-08
  -2.0133e-08
  -2.0134e-08
  -2.0134e-08
  -2.0135e-08
  -2.0136e-08
  -2.0137e-08
  -2.0138e-08
  -2.0138e-08
  -2.0138e-08
  -2.0138e-08
  -2.0137e-08
  -2.0137e-08
  -2.0136e-08
  -2.0136e-08
  -2.0135e-08
  -2.0135e-08
  -2.0135e-08
  -2.0135e-08
  -2.0135e-08
  -2.0136e-08
  -2.0136e-08
  -2.0137e-08
  -2.0138e-08
  -2.0138e-08
  -2.0139e-08
  -2.0139e-08
  -2.0138e-08
  -2.0138e-08
  -2.0137e-08
  -2.0136e-08
  -2.0134e-08
  -2.0133e-08
  -2.0132e-08
  -2.0131e-08
  -2.0130e-08
  -2.0130e-08
  -2.0129e-08
  -2.0129e-08
  -2.0129e-08
  -2.0129e-08
  -2.0130e-08
  -2.0130e-08
  -2.0131e-08
  -2.0131e-08
  -2.0131e-08
  -2.0130e-08
  -2.0130e-08
  -2.0129e-08
  -2.0128e-08
  -2.0128e-08
  -2.0127e-08
  -2.0126e-08
  -2.0126e-08
  -2.0126e-08
  -2.0126e-08
  -2.0126e-08
  -2.0127e-08
  -2.0128e-08
  -2.0128e-08
  -2.0129e-08
  -2.0130e-08
  -2.0130e-08
  -2.0130e-08
  -2.0130e-08
  -2.0129e-08
  -2.0129e-08
  -2.0128e-08
  -2.0127e-08
  -2.0126e-08
  -2.0125e-08
  -2.0125e-08
  -2.0125e-08
  -2.0125e-08
  -2.0125e-08
  -2.0126e-08
  -2.0127e-08
  -2.0127e-08
  -2.0128e-08
  -2.0129e-08
  -2.0130e-08
  -2.0130e-08
  -2.0130e-08
  -2.0130e-08
  -2.0129e-08
  -2.0129e-08
  -2.0128e-08
  -2.0127e-08
  -2.0127e-08
  -2.0126e-08
  -2.0126e-08
  -2.0126e-08
  -2.0126e-08
  -2.0127e-08
  -2.0127e-08
  -2.0128e-08
  -2.0128e-08
  -2.0128e-08
  -2.0128e-08
  -2.0128e-08
  -2.0128e-08
  -2.0127e-08
  -2.0126e-08
  -2.0124e-08
  -2.0123e-08
  -2.0122e-08
  -2.0121e-08
  -2.0120e-08
  -2.0120e-08
  -2.0120e-08
  -2.0120e-08
  -2.0120e-08
  -2.0121e-08
  -2.0121e-08
  -2.0122e-08
  -2.0122e-08
  -2.0123e-08
  -2.0123e-08
  -2.0122e-08
  -2.0122e-08
  -2.0121e-08
  -2.0120e-08
  -2.0119e-08
  -2.0119e-08
  -2.0118e-08
  -2.0117e-08
  -2.0117e-08
  -2.0117e-08
  -2.0117e-08
  -2.0117e-08
  -2.0118e-08
  -2.0118e-08
  -2.0119e-08
  -2.0119e-08
  -2.0120e-08
  -2.0119e-08
  -2.0119e-08
  -2.0119e-08
  -2.0118e-08
  -2.0117e-08
  -2.0116e-08
  -2.0115e-08
  -2.0115e-08
  -2.0115e-08
  -2.0114e-08
  -2.0115e-08
  -2.0115e-08
  -2.0116e-08
  -2.0117e-08
  -2.0118e-08
  -2.0118e-08
  -2.0119e-08
  -2.0119e-08
  -2.0119e-08
  -2.0119e-08
  -2.0119e-08
  -2.0118e-08
  -2.0117e-08
  -2.0116e-08
  -2.0115e-08
  -2.0114e-08
  -2.0113e-08
  -2.0112e-08
  -2.0112e-08
  -2.0112e-08
  -2.0112e-08
  -2.0112e-08
  -2.0112e-08
  -2.0112e-08
  -2.0112e-08
  -2.0112e-08
  -2.0111e-08
  -2.0111e-08
  -2.0111e-08
  -2.0110e-08
  -2.0110e-08
  -2.0110e-08
  -2.0110e-08
  -2.0110e-08
  -2.0110e-08
  -2.0111e-08
  -2.0112e-08
  -2.0113e-08
  -2.0114e-08
  -2.0115e-08
  -2.0117e-08
  -2.0118e-08
  -2.0120e-08
  -2.0121e-08
  -2.0121e-08
  -2.0122e-08
  -2.0122e-08
  -2.0122e-08
  -2.0122e-08
  -2.0121e-08
  -2.0121e-08
  -2.0121e-08
  -2.0121e-08
  -2.0122e-08
  -2.0122e-08
  -2.0123e-08
  -2.0124e-08
  -2.0126e-08
  -2.0127e-08
  -2.0128e-08
  -2.0130e-08
  -2.0131e-08
  -2.0132e-08
  -2.0133e-08
  -2.0133e-08
  -2.0133e-08
  -2.0134e-08
  -2.0134e-08
  -2.0134e-08
  -2.0135e-08
  -2.0135e-08
  -2.0136e-08
  -2.0137e-08
  -2.0139e-08
  -2.0140e-08
  -2.0142e-08
  -2.0144e-08
  -2.0145e-08
  -2.0147e-08
  -2.0148e-08
  -2.0149e-08
  -2.0150e-08
  -2.0151e-08
  -2.0151e-08
  -2.0151e-08
  -2.0151e-08
  -2.0151e-08
  -2.0151e-08
  -2.0151e-08
  -2.0151e-08
  -2.0151e-08
  -2.0152e-08
  -2.0153e-08
  -2.0154e-08
  -2.0156e-08
  -2.0157e-08
  -2.0158e-08
  -2.0159e-08
  -2.0160e-08
  -2.0161e-08
  -2.0161e-08
  -2.0161e-08
  -2.0161e-08
  -2.0161e-08
  -2.0161e-08
  -2.0161e-08
  -2.0162e-08
  -2.0162e-08
  -2.0163e-08
  -2.0163e-08
  -2.0164e-08
  -2.0166e-08
  -2.0167e-08
  -2.0168e-08
  -2.0169e-08
  -2.0171e-08
  -2.0171e-08
  -2.0172e-08
  -2.0172e-08
  -2.0172e-08
  -2.0171e-08
  -2.0171e-08
  -2.0170e-08
  -2.0170e-08
  -2.0170e-08
  -2.0170e-08
  -2.0170e-08
  -2.0171e-08
  -2.0172e-08
  -2.0173e-08
  -2.0174e-08
  -2.0176e-08
  -2.0177e-08
  -2.0178e-08
  -2.0179e-08
  -2.0180e-08
  -2.0181e-08
  -2.0181e-08
  -2.0182e-08
  -2.0182e-08
  -2.0182e-08
  -2.0182e-08
  -2.0182e-08
  -2.0183e-08
  -2.0184e-08
  -2.0185e-08
  -2.0186e-08
  -2.0187e-08
  -2.0189e-08
  -2.0190e-08
  -2.0192e-08
  -2.0193e-08
  -2.0194e-08
  -2.0194e-08
  -2.0195e-08
  -2.0195e-08
  -2.0195e-08
  -2.0195e-08
  -2.0194e-08
  -2.0194e-08
  -2.0194e-08
  -2.0195e-08
  -2.0195e-08
  -2.0196e-08
  -2.0197e-08
  -2.0198e-08
  -2.0199e-08
  -2.0200e-08
  -2.0202e-08
  -2.0203e-08
  -2.0204e-08
  -2.0205e-08
  -2.0206e-08
  -2.0206e-08
  -2.0206e-08
  -2.0206e-08
  -2.0206e-08
  -2.0206e-08
  -2.0206e-08
  -2.0206e-08
  -2.0206e-08
  -2.0207e-08
  -2.0207e-08
  -2.0208e-08
  -2.0209e-08
  -2.0210e-08
  -2.0211e-08
  -2.0212e-08
  -2.0213e-08
  -2.0213e-08
  -2.0214e-08
  -2.0214e-08
  -2.0213e-08
  -2.0213e-08
  -2.0212e-08
  -2.0212e-08
  -2.0211e-08
  -2.0211e-08
  -2.0211e-08
  -2.0211e-08
  -2.0212e-08
  -2.0213e-08
  -2.0214e-08
  -2.0215e-08
  -2.0216e-08
  -2.0218e-08
  -2.0219e-08
  -2.0220e-08
  -2.0221e-08
  -2.0222e-08
  -2.0223e-08
  -2.0223e-08
  -2.0223e-08
  -2.0224e-08
  -2.0224e-08
  -2.0224e-08
  -2.0224e-08
  -2.0225e-08
  -2.0225e-08
  -2.0226e-08
  -2.0227e-08
  -2.0229e-08
  -2.0230e-08
  -2.0231e-08
  -2.0233e-08
  -2.0234e-08
  -2.0235e-08
  -2.0236e-08
  -2.0236e-08
  -2.0236e-08
  -2.0236e-08
  -2.0236e-08
  -2.0236e-08
  -2.0236e-08
  -2.0236e-08
  -2.0236e-08
  -2.0236e-08
  -2.0236e-08
  -2.0237e-08
  -2.0238e-08
  -2.0240e-08
  -2.0241e-08
  -2.0242e-08
  -2.0244e-08
  -2.0245e-08
  -2.0246e-08
  -2.0246e-08
  -2.0247e-08
  -2.0247e-08
  -2.0247e-08
  -2.0246e-08
  -2.0246e-08
  -2.0246e-08
  -2.0246e-08
  -2.0246e-08
  -2.0246e-08
  -2.0246e-08
  -2.0247e-08
  -2.0248e-08
  -2.0249e-08
  -2.0250e-08
  -2.0251e-08
  -2.0251e-08
  -2.0252e-08
  -2.0252e-08
  -2.0252e-08
  -2.0252e-08
  -2.0252e-08
  -2.0251e-08
  -2.0251e-08
  -2.0250e-08
  -2.0250e-08
  -2.0250e-08
  -2.0250e-08
  -2.0251e-08
  -2.0252e-08
  -2.0253e-08
  -2.0254e-08
  -2.0255e-08
  -2.0257e-08
  -2.0258e-08
  -2.0260e-08
  -2.0261e-08
  -2.0261e-08
  -2.0261e-08
  -2.0261e-08
  -2.0261e-08
  -2.0260e-08
  -2.0260e-08
  -2.0259e-08
  -2.0259e-08
  -2.0259e-08
  -2.0259e-08
  -2.0259e-08
  -2.0259e-08
  -2.0259e-08
  -2.0260e-08
  -2.0261e-08
  -2.0261e-08
  -2.0262e-08
  -2.0262e-08
  -2.0262e-08
  -2.0262e-08
  -2.0261e-08
  -2.0260e-08
  -2.0259e-08
  -2.0259e-08
  -2.0258e-08
  -2.0257e-08
  -2.0257e-08
  -2.0256e-08
  -2.0256e-08
  -2.0256e-08
  -2.0257e-08
  -2.0257e-08
  -2.0258e-08
  -2.0258e-08
  -2.0259e-08
  -2.0259e-08
  -2.0259e-08
  -2.0259e-08
  -2.0258e-08
  -2.0257e-08
  -2.0256e-08
  -2.0255e-08
  -2.0254e-08
  -2.0253e-08
  -2.0252e-08
  -2.0251e-08
  -2.0250e-08
  -2.0250e-08
  -2.0249e-08
  -2.0249e-08
  -2.0249e-08
  -2.0250e-08
  -2.0250e-08
  -2.0250e-08
  -2.0250e-08
  -2.0249e-08
  -2.0249e-08
  -2.0248e-08
  -2.0247e-08
  -2.0246e-08
  -2.0245e-08
  -2.0244e-08
  -2.0243e-08
  -2.0243e-08
  -2.0243e-08
  -2.0243e-08
  -2.0243e-08
  -2.0244e-08
  -2.0244e-08
  -2.0245e-08
  -2.0246e-08
  -2.0247e-08
  -2.0247e-08
  -2.0248e-08
  -2.0247e-08
  -2.0247e-08
  -2.0246e-08
  -2.0246e-08
  -2.0245e-08
  -2.0244e-08
  -2.0243e-08
  -2.0242e-08
  -2.0242e-08
  -2.0242e-08
  -2.0242e-08
  -2.0242e-08
  -2.0242e-08
  -2.0242e-08
  -2.0243e-08
  -2.0243e-08
  -2.0244e-08
  -2.0244e-08
  -2.0244e-08
  -2.0243e-08
  -2.0243e-08
  -2.0242e-08
  -2.0241e-08
  -2.0240e-08
  -2.0239e-08
  -2.0239e-08
  -2.0238e-08
  -2.0238e-08
  -2.0238e-08
  -2.0238e-08
  -2.0238e-08
  -2.0238e-08
  -2.0239e-08
  -2.0239e-08
  -2.0239e-08
  -2.0239e-08
  -2.0239e-08
  -2.0238e-08
  -2.0237e-08
  -2.0236e-08
  -2.0235e-08
  -2.0233e-08
  -2.0232e-08
  -2.0231e-08
  -2.0230e-08
  -2.0229e-08
  -2.0228e-08
  -2.0228e-08
  -2.0228e-08
  -2.0228e-08
  -2.0228e-08
  -2.0229e-08
  -2.0229e-08
  -2.0229e-08
  -2.0229e-08
  -2.0229e-08
  -2.0229e-08
  -2.0229e-08
  -2.0228e-08
  -2.0228e-08
  -2.0227e-08
  -2.0227e-08
  -2.0226e-08
  -2.0226e-08
  -2.0226e-08
  -2.0227e-08
  -2.0227e-08
  -2.0228e-08
  -2.0229e-08
  -2.0230e-08
  -2.0231e-08
  -2.0231e-08
  -2.0232e-08
  -2.0231e-08
  -2.0231e-08
  -2.0230e-08
  -2.0230e-08
  -2.0229e-08
  -2.0228e-08
  -2.0227e-08
  -2.0226e-08
  -2.0226e-08
  -2.0226e-08
  -2.0226e-08
  -2.0226e-08
  -2.0226e-08
  -2.0227e-08
  -2.0228e-08
  -2.0228e-08
  -2.0229e-08
  -2.0229e-08
  -2.0229e-08
  -2.0229e-08
  -2.0228e-08
  -2.0227e-08
  -2.0226e-08
  -2.0225e-08
  -2.0224e-08
  -2.0224e-08
  -2.0223e-08
  -2.0222e-08
  -2.0222e-08
  -2.0222e-08
  -2.0222e-08
  -2.0222e-08
  -2.0222e-08
  -2.0222e-08
  -2.0222e-08
  -2.0222e-08
  -2.0221e-08
  -2.0220e-08
  -2.0219e-08
  -2.0218e-08
  -2.0216e-08
  -2.0215e-08
  -2.0214e-08
  -2.0213e-08
  -2.0212e-08
  -2.0212e-08
  -2.0211e-08
  -2.0211e-08
  -2.0212e-08
  -2.0212e-08
  -2.0213e-08
  -2.0214e-08
  -2.0214e-08
  -2.0215e-08
  -2.0215e-08
  -2.0214e-08
  -2.0214e-08
  -2.0213e-08
  -2.0212e-08
  -2.0212e-08
  -2.0211e-08
  -2.0210e-08
  -2.0210e-08
  -2.0209e-08
  -2.0209e-08
  -2.0209e-08
  -2.0210e-08
  -2.0210e-08
  -2.0211e-08
  -2.0211e-08
  -2.0212e-08
  -2.0212e-08
  -2.0212e-08
  -2.0211e-08
  -2.0211e-08
  -2.0210e-08
  -2.0209e-08
  -2.0208e-08
  -2.0207e-08
  -2.0206e-08
  -2.0206e-08
  -2.0206e-08
  -2.0206e-08
  -2.0206e-08
  -2.0206e-08
  -2.0207e-08
  -2.0207e-08
  -2.0208e-08
  -2.0208e-08
  -2.0209e-08
  -2.0209e-08
  -2.0208e-08
  -2.0207e-08
  -2.0206e-08
  -2.0205e-08
  -2.0204e-08
  -2.0202e-08
  -2.0201e-08
  -2.0200e-08
  -2.0199e-08
  -2.0199e-08
  -2.0198e-08
  -2.0198e-08
  -2.0198e-08
  -2.0198e-08
  -2.0198e-08
  -2.0199e-08
  -2.0198e-08
  -2.0198e-08
  -2.0197e-08
  -2.0197e-08
  -2.0197e-08
  -2.0197e-08
  -2.0197e-08
  -2.0197e-08
  -2.0197e-08
  -2.0197e-08
  -2.0197e-08
  -2.0198e-08
  -2.0199e-08
  -2.0200e-08
  -2.0202e-08
  -2.0203e-08
  -2.0205e-08
  -2.0206e-08
  -2.0207e-08
  -2.0208e-08
  -2.0209e-08
  -2.0209e-08
  -2.0209e-08
  -2.0209e-08
  -2.0209e-08
  -2.0208e-08
  -2.0208e-08
  -2.0208e-08
  -2.0208e-08
  -2.0209e-08
  -2.0209e-08
  -2.0210e-08
  -2.0211e-08
  -2.0213e-08
  -2.0214e-08
  -2.0215e-08
  -2.0216e-08
  -2.0217e-08
  -2.0218e-08
  -2.0218e-08
  -2.0218e-08
  -2.0218e-08
  -2.0218e-08
  -2.0218e-08
  -2.0218e-08
  -2.0218e-08
  -2.0218e-08
  -2.0219e-08
  -2.0219e-08
  -2.0220e-08
  -2.0221e-08
  -2.0222e-08
  -2.0223e-08
  -2.0224e-08
  -2.0225e-08
  -2.0225e-08
  -2.0225e-08
  -2.0225e-08
  -2.0224e-08
  -2.0224e-08
  -2.0223e-08
  -2.0222e-08
  -2.0221e-08
  -2.0221e-08
  -2.0220e-08
  -2.0220e-08
  -2.0220e-08
  -2.0220e-08
  -2.0221e-08
  -2.0222e-08
  -2.0223e-08
  -2.0224e-08
  -2.0225e-08
  -2.0225e-08
  -2.0226e-08
  -2.0226e-08
  -2.0226e-08
  -2.0226e-08
  -2.0225e-08
  -2.0225e-08
  -2.0225e-08
  -2.0225e-08
  -2.0225e-08
  -2.0225e-08
  -2.0225e-08
  -2.0226e-08
  -2.0227e-08
  -2.0228e-08
  -2.0229e-08
  -2.0230e-08
  -2.0231e-08
  -2.0232e-08
  -2.0232e-08
  -2.0232e-08
  -2.0232e-08
  -2.0232e-08
  -2.0232e-08
  -2.0232e-08
  -2.0231e-08
  -2.0231e-08
  -2.0231e-08
  -2.0232e-08
  -2.0232e-08
  -2.0233e-08
  -2.0234e-08
  -2.0235e-08
  -2.0237e-08
  -2.0238e-08
  -2.0240e-08
  -2.0241e-08
  -2.0242e-08
  -2.0243e-08
  -2.0243e-08
  -2.0243e-08
  -2.0243e-08
  -2.0242e-08
  -2.0242e-08
  -2.0242e-08
  -2.0242e-08
  -2.0241e-08
  -2.0242e-08
  -2.0242e-08
  -2.0242e-08
  -2.0243e-08
  -2.0244e-08
  -2.0245e-08
  -2.0245e-08
  -2.0246e-08
  -2.0246e-08
  -2.0246e-08
  -2.0246e-08
  -2.0246e-08
  -2.0246e-08
  -2.0246e-08
  -2.0245e-08
  -2.0245e-08
  -2.0246e-08
  -2.0246e-08
  -2.0246e-08
  -2.0247e-08
  -2.0248e-08
  -2.0249e-08
  -2.0251e-08
  -2.0252e-08
  -2.0254e-08
  -2.0255e-08
  -2.0256e-08
  -2.0257e-08
  -2.0257e-08
  -2.0258e-08
  -2.0258e-08
  -2.0257e-08
  -2.0257e-08
  -2.0257e-08
  -2.0257e-08
  -2.0257e-08
  -2.0257e-08
  -2.0258e-08
  -2.0259e-08
  -2.0259e-08
  -2.0261e-08
  -2.0262e-08
  -2.0263e-08
  -2.0265e-08
  -2.0266e-08
  -2.0267e-08
  -2.0267e-08
  -2.0268e-08
  -2.0268e-08
  -2.0268e-08
  -2.0268e-08
  -2.0268e-08
  -2.0269e-08
  -2.0269e-08
  -2.0270e-08
  -2.0270e-08
  -2.0271e-08
  -2.0272e-08
  -2.0274e-08
  -2.0275e-08
  -2.0277e-08
  -2.0278e-08
  -2.0280e-08
  -2.0281e-08
  -2.0281e-08
  -2.0282e-08
  -2.0282e-08
  -2.0282e-08
  -2.0282e-08
  -2.0281e-08
  -2.0281e-08
  -2.0281e-08
  -2.0281e-08
  -2.0281e-08
  -2.0281e-08
  -2.0282e-08
  -2.0282e-08
  -2.0283e-08
  -2.0284e-08
  -2.0286e-08
  -2.0287e-08
  -2.0288e-08
  -2.0288e-08
  -2.0289e-08
  -2.0289e-08
  -2.0289e-08
  -2.0289e-08
  -2.0289e-08
  -2.0289e-08
  -2.0289e-08
  -2.0289e-08
  -2.0289e-08
  -2.0289e-08
  -2.0290e-08
  -2.0291e-08
  -2.0292e-08
  -2.0293e-08
  -2.0294e-08
  -2.0296e-08
  -2.0297e-08
  -2.0297e-08
  -2.0298e-08
  -2.0298e-08
  -2.0297e-08
  -2.0297e-08
  -2.0297e-08
  -2.0296e-08
  -2.0296e-08
  -2.0296e-08
  -2.0296e-08
  -2.0296e-08
  -2.0297e-08
  -2.0297e-08
  -2.0299e-08
  -2.0300e-08
  -2.0301e-08
  -2.0303e-08
  -2.0304e-08
  -2.0305e-08
  -2.0306e-08
  -2.0307e-08
  -2.0308e-08
  -2.0308e-08
  -2.0308e-08
  -2.0308e-08
  -2.0308e-08
  -2.0309e-08
  -2.0309e-08
  -2.0310e-08
  -2.0310e-08
  -2.0311e-08
  -2.0312e-08
  -2.0314e-08
  -2.0315e-08
  -2.0317e-08
  -2.0318e-08
  -2.0319e-08
  -2.0320e-08
  -2.0320e-08
  -2.0320e-08
  -2.0320e-08
  -2.0319e-08
  -2.0319e-08
  -2.0318e-08
  -2.0318e-08
  -2.0318e-08
  -2.0318e-08
  -2.0318e-08
  -2.0319e-08
  -2.0319e-08
  -2.0320e-08
  -2.0321e-08
  -2.0322e-08
  -2.0324e-08
  -2.0324e-08
  -2.0325e-08
  -2.0326e-08
  -2.0326e-08
  -2.0325e-08
  -2.0325e-08
  -2.0325e-08
  -2.0324e-08
  -2.0324e-08
  -2.0323e-08
  -2.0323e-08
  -2.0323e-08
  -2.0323e-08
  -2.0323e-08
  -2.0324e-08
  -2.0324e-08
  -2.0325e-08
  -2.0325e-08
  -2.0326e-08
  -2.0326e-08
  -2.0326e-08
  -2.0326e-08
  -2.0325e-08
  -2.0325e-08
  -2.0324e-08
  -2.0323e-08
  -2.0323e-08
  -2.0322e-08
  -2.0322e-08
  -2.0322e-08
  -2.0322e-08
  -2.0322e-08
  -2.0323e-08
  -2.0324e-08
  -2.0325e-08
  -2.0326e-08
  -2.0328e-08
  -2.0329e-08
  -2.0329e-08
  -2.0330e-08
  -2.0330e-08
  -2.0330e-08
  -2.0330e-08
  -2.0330e-08
  -2.0330e-08
  -2.0330e-08
  -2.0330e-08
  -2.0330e-08
  -2.0331e-08
  -2.0331e-08
  -2.0332e-08
  -2.0333e-08
  -2.0334e-08
  -2.0335e-08
  -2.0336e-08
  -2.0337e-08
  -2.0338e-08
  -2.0338e-08
  -2.0338e-08
  -2.0338e-08
  -2.0337e-08
  -2.0337e-08
  -2.0336e-08
  -2.0336e-08
  -2.0335e-08
  -2.0335e-08
  -2.0335e-08
  -2.0336e-08
  -2.0336e-08
  -2.0337e-08
  -2.0338e-08
  -2.0339e-08
  -2.0340e-08
  -2.0341e-08
  -2.0342e-08
  -2.0342e-08
  -2.0342e-08
  -2.0342e-08
  -2.0342e-08
  -2.0341e-08
  -2.0341e-08
  -2.0340e-08
  -2.0340e-08
  -2.0339e-08
  -2.0339e-08
  -2.0339e-08
  -2.0339e-08
  -2.0339e-08
  -2.0340e-08
  -2.0341e-08
  -2.0341e-08
  -2.0342e-08
  -2.0342e-08
  -2.0342e-08
  -2.0342e-08
  -2.0341e-08
  -2.0341e-08
  -2.0340e-08
  -2.0339e-08
  -2.0339e-08
  -2.0338e-08
  -2.0338e-08
  -2.0338e-08
  -2.0338e-08
  -2.0338e-08
  -2.0339e-08
  -2.0340e-08
  -2.0341e-08
  -2.0342e-08
  -2.0343e-08
  -2.0344e-08
  -2.0345e-08
  -2.0345e-08
  -2.0345e-08
  -2.0345e-08
  -2.0345e-08
  -2.0344e-08
  -2.0344e-08
  -2.0343e-08
  -2.0343e-08
  -2.0343e-08
  -2.0342e-08
  -2.0343e-08
  -2.0343e-08
  -2.0343e-08
  -2.0344e-08
  -2.0345e-08
  -2.0345e-08
  -2.0346e-08
  -2.0346e-08
  -2.0346e-08
  -2.0345e-08
  -2.0345e-08
  -2.0344e-08
  -2.0343e-08
  -2.0342e-08
  -2.0341e-08
  -2.0341e-08
  -2.0340e-08
  -2.0340e-08
  -2.0340e-08
  -2.0340e-08
  -2.0340e-08
  -2.0341e-08
  -2.0342e-08
  -2.0342e-08
  -2.0343e-08
  -2.0343e-08
  -2.0343e-08
  -2.0343e-08
  -2.0342e-08
  -2.0341e-08
  -2.0340e-08
  -2.0339e-08
  -2.0338e-08
  -2.0337e-08
  -2.0337e-08
  -2.0336e-08
  -2.0335e-08
  -2.0335e-08
  -2.0335e-08
  -2.0335e-08
  -2.0336e-08
  -2.0336e-08
  -2.0337e-08
  -2.0337e-08
  -2.0337e-08
  -2.0337e-08
  -2.0336e-08
  -2.0336e-08
  -2.0335e-08
  -2.0334e-08
  -2.0334e-08
  -2.0333e-08
  -2.0333e-08
  -2.0333e-08
  -2.0333e-08
  -2.0333e-08
  -2.0334e-08
  -2.0335e-08
  -2.0336e-08
  -2.0337e-08
  -2.0338e-08
  -2.0339e-08
  -2.0339e-08
  -2.0340e-08
  -2.0339e-08
  -2.0339e-08
  -2.0339e-08
  -2.0338e-08
  -2.0337e-08
  -2.0336e-08
  -2.0336e-08
  -2.0335e-08
  -2.0335e-08
  -2.0335e-08
  -2.0335e-08
  -2.0335e-08
  -2.0336e-08
  -2.0337e-08
  -2.0337e-08
  -2.0338e-08
  -2.0338e-08
  -2.0338e-08
  -2.0337e-08
  -2.0337e-08
  -2.0336e-08
  -2.0335e-08
  -2.0334e-08
  -2.0334e-08
  -2.0333e-08
  -2.0332e-08
  -2.0332e-08
  -2.0332e-08
  -2.0332e-08
  -2.0332e-08
  -2.0332e-08
  -2.0333e-08
  -2.0333e-08
  -2.0334e-08
  -2.0333e-08
  -2.0333e-08
  -2.0332e-08
  -2.0331e-08
  -2.0330e-08
  -2.0329e-08
  -2.0328e-08
  -2.0326e-08
  -2.0325e-08
  -2.0324e-08
  -2.0323e-08
  -2.0323e-08
  -2.0322e-08
  -2.0322e-08
  -2.0323e-08
  -2.0323e-08
  -2.0324e-08
  -2.0324e-08
  -2.0324e-08
  -2.0324e-08
  -2.0324e-08
  -2.0324e-08
  -2.0324e-08
  -2.0324e-08
  -2.0323e-08
  -2.0323e-08
  -2.0323e-08
  -2.0323e-08
  -2.0323e-08
  -2.0324e-08
  -2.0324e-08
  -2.0325e-08
  -2.0326e-08
  -2.0327e-08
  -2.0328e-08
  -2.0329e-08
  -2.0330e-08
  -2.0331e-08
  -2.0331e-08
  -2.0331e-08
  -2.0330e-08
  -2.0329e-08
  -2.0329e-08
  -2.0328e-08
  -2.0328e-08
  -2.0327e-08
  -2.0327e-08
  -2.0327e-08
  -2.0327e-08
  -2.0327e-08
  -2.0328e-08
  -2.0329e-08
  -2.0330e-08
  -2.0331e-08
  -2.0332e-08
  -2.0332e-08
  -2.0333e-08
  -2.0333e-08
  -2.0332e-08
  -2.0332e-08
  -2.0331e-08
  -2.0331e-08
  -2.0330e-08
  -2.0330e-08
  -2.0329e-08
  -2.0329e-08
  -2.0329e-08
  -2.0329e-08
  -2.0329e-08
  -2.0330e-08
  -2.0330e-08
  -2.0331e-08
  -2.0331e-08
  -2.0332e-08
  -2.0332e-08
  -2.0331e-08
  -2.0331e-08
  -2.0330e-08
  -2.0330e-08
  -2.0329e-08
  -2.0328e-08
  -2.0328e-08
  -2.0328e-08
  -2.0328e-08
  -2.0328e-08
  -2.0328e-08
  -2.0329e-08
  -2.0330e-08
  -2.0331e-08
  -2.0333e-08
  -2.0334e-08
  -2.0335e-08
  -2.0336e-08
  -2.0336e-08
  -2.0337e-08
  -2.0337e-08
  -2.0336e-08
  -2.0336e-08
  -2.0336e-08
  -2.0335e-08
  -2.0335e-08
  -2.0335e-08
  -2.0335e-08
  -2.0335e-08
  -2.0336e-08
  -2.0336e-08
  -2.0337e-08
  -2.0338e-08
  -2.0338e-08
  -2.0339e-08
  -2.0339e-08
  -2.0340e-08
  -2.0339e-08
  -2.0339e-08
  -2.0338e-08
  -2.0338e-08
  -2.0337e-08
  -2.0337e-08
  -2.0336e-08
  -2.0336e-08
  -2.0336e-08
  -2.0336e-08
  -2.0336e-08
  -2.0336e-08
  -2.0337e-08
  -2.0338e-08
  -2.0338e-08
  -2.0339e-08
  -2.0339e-08
  -2.0339e-08
  -2.0339e-08
  -2.0338e-08
  -2.0337e-08
  -2.0336e-08
  -2.0335e-08
  -2.0334e-08
  -2.0333e-08
  -2.0332e-08
  -2.0332e-08
  -2.0331e-08
  -2.0331e-08
  -2.0331e-08
  -2.0331e-08
  -2.0332e-08
  -2.0333e-08
  -2.0333e-08
  -2.0334e-08
  -2.0334e-08
  -2.0334e-08
  -2.0334e-08
  -2.0334e-08
  -2.0334e-08
  -2.0333e-08
  -2.0333e-08
  -2.0333e-08
  -2.0333e-08
  -2.0333e-08
  -2.0334e-08
  -2.0334e-08
  -2.0335e-08
  -2.0336e-08
  -2.0337e-08
  -2.0338e-08
  -2.0339e-08
  -2.0340e-08
  -2.0340e-08
  -2.0341e-08
  -2.0341e-08
  -2.0340e-08
  -2.0340e-08
  -2.0339e-08
  -2.0338e-08
  -2.0337e-08
  -2.0337e-08
  -2.0337e-08
  -2.0336e-08
  -2.0337e-08
  -2.0337e-08
  -2.0337e-08
  -2.0338e-08
  -2.0339e-08
  -2.0340e-08
  -2.0341e-08
  -2.0342e-08
  -2.0342e-08
  -2.0342e-08
  -2.0341e-08
  -2.0341e-08
  -2.0340e-08
  -2.0340e-08
  -2.0339e-08
  -2.0338e-08
  -2.0338e-08
  -2.0338e-08
  -2.0337e-08
  -2.0337e-08
  -2.0337e-08
  -2.0338e-08
  -2.0338e-08
  -2.0339e-08
  -2.0339e-08
  -2.0340e-08
  -2.0340e-08
  -2.0340e-08
  -2.0339e-08
  -2.0338e-08
  -2.0338e-08
  -2.0337e-08
  -2.0336e-08
  -2.0336e-08
  -2.0336e-08
  -2.0336e-08
  -2.0336e-08
  -2.0336e-08
  -2.0337e-08
  -2.0338e-08
  -2.0339e-08
  -2.0341e-08
  -2.0342e-08
  -2.0343e-08
  -2.0344e-08
  -2.0344e-08
  -2.0344e-08
  -2.0344e-08
  -2.0344e-08
  -2.0344e-08
  -2.0343e-08
  -2.0343e-08
  -2.0343e-08
  -2.0342e-08
  -2.0342e-08
  -2.0342e-08
  -2.0343e-08
  -2.0343e-08
  -2.0344e-08
  -2.0345e-08
  -2.0345e-08
  -2.0346e-08
  -2.0346e-08
  -2.0347e-08
  -2.0346e-08
  -2.0346e-08
  -2.0345e-08
  -2.0345e-08
  -2.0344e-08
  -2.0344e-08
  -2.0343e-08
  -2.0343e-08
  -2.0342e-08
  -2.0342e-08
  -2.0343e-08
  -2.0343e-08
  -2.0343e-08
  -2.0344e-08
  -2.0345e-08
  -2.0345e-08
  -2.0346e-08
  -2.0346e-08
  -2.0345e-08
  -2.0345e-08
  -2.0344e-08
  -2.0343e-08
  -2.0341e-08
  -2.0340e-08
  -2.0339e-08
  -2.0339e-08
  -2.0338e-08
  -2.0338e-08
  -2.0337e-08
  -2.0338e-08
  -2.0338e-08
  -2.0339e-08
  -2.0340e-08
  -2.0340e-08
  -2.0341e-08
  -2.0342e-08
  -2.0342e-08
  -2.0342e-08
  -2.0342e-08
  -2.0341e-08
  -2.0341e-08
  -2.0341e-08
  -2.0340e-08
  -2.0340e-08
  -2.0340e-08
  -2.0340e-08
  -2.0341e-08
  -2.0341e-08
  -2.0342e-08
  -2.0343e-08
  -2.0344e-08
  -2.0345e-08
  -2.0345e-08
  -2.0346e-08
  -2.0345e-08
  -2.0345e-08
  -2.0344e-08
  -2.0344e-08
  -2.0343e-08
  -2.0342e-08
  -2.0341e-08
  -2.0341e-08
  -2.0340e-08
  -2.0340e-08
  -2.0340e-08
  -2.0340e-08
  -2.0340e-08
  -2.0341e-08
  -2.0342e-08
  -2.0342e-08
  -2.0343e-08
  -2.0343e-08
  -2.0343e-08
  -2.0343e-08
  -2.0342e-08
  -2.0341e-08
  -2.0340e-08
  -2.0339e-08
  -2.0338e-08
  -2.0338e-08
  -2.0337e-08
  -2.0336e-08
  -2.0335e-08
  -2.0335e-08
  -2.0335e-08
  -2.0335e-08
  -2.0336e-08
  -2.0336e-08
  -2.0337e-08
  -2.0337e-08
  -2.0337e-08
  -2.0337e-08
  -2.0336e-08
  -2.0336e-08
  -2.0335e-08
  -2.0335e-08
  -2.0334e-08
  -2.0334e-08
  -2.0334e-08
  -2.0334e-08
  -2.0334e-08
  -2.0334e-08
  -2.0335e-08
  -2.0336e-08
  -2.0337e-08
  -2.0338e-08
  -2.0339e-08
  -2.0340e-08
  -2.0341e-08
  -2.0341e-08
  -2.0340e-08
  -2.0340e-08
  -2.0339e-08
  -2.0339e-08
  -2.0338e-08
  -2.0337e-08
  -2.0336e-08
  -2.0336e-08
  -2.0335e-08
  -2.0335e-08
  -2.0335e-08
  -2.0336e-08
  -2.0336e-08
  -2.0337e-08
  -2.0338e-08
  -2.0339e-08
  -2.0339e-08
  -2.0339e-08
  -2.0338e-08
  -2.0338e-08
  -2.0337e-08
  -2.0336e-08
  -2.0335e-08
  -2.0335e-08
  -2.0334e-08
  -2.0333e-08
  -2.0333e-08
  -2.0332e-08
  -2.0332e-08
  -2.0332e-08
  -2.0333e-08
  -2.0333e-08
  -2.0333e-08
  -2.0334e-08
  -2.0333e-08
  -2.0333e-08
  -2.0332e-08
  -2.0331e-08
  -2.0330e-08
  -2.0329e-08
  -2.0328e-08
  -2.0328e-08
  -2.0327e-08
  -2.0326e-08
  -2.0326e-08
  -2.0326e-08
  -2.0326e-08
  -2.0327e-08
  -2.0328e-08
  -2.0329e-08
  -2.0330e-08
  -2.0331e-08
  -2.0332e-08
  -2.0332e-08
  -2.0332e-08
  -2.0332e-08
  -2.0332e-08
  -2.0332e-08
  -2.0331e-08
  -2.0331e-08
  -2.0330e-08
  -2.0330e-08
  -2.0330e-08
  -2.0330e-08
  -2.0330e-08
  -2.0330e-08
  -2.0330e-08
  -2.0331e-08
  -2.0332e-08
  -2.0332e-08
  -2.0333e-08
  -2.0333e-08
  -2.0333e-08
  -2.0332e-08
  -2.0332e-08
  -2.0331e-08
  -2.0330e-08
  -2.0330e-08
  -2.0329e-08
  -2.0328e-08
  -2.0328e-08
  -2.0327e-08
  -2.0327e-08
  -2.0327e-08
  -2.0327e-08
  -2.0328e-08
  -2.0328e-08
  -2.0329e-08
  -2.0329e-08
  -2.0329e-08
  -2.0328e-08
  -2.0328e-08
  -2.0327e-08
  -2.0325e-08
  -2.0324e-08
  -2.0323e-08
  -2.0322e-08
  -2.0321e-08
  -2.0320e-08
  -2.0320e-08
  -2.0320e-08
  -2.0320e-08
  -2.0320e-08
  -2.0321e-08
  -2.0322e-08
  -2.0323e-08
  -2.0324e-08
  -2.0325e-08
  -2.0325e-08
  -2.0325e-08
  -2.0325e-08
  -2.0325e-08
  -2.0324e-08
  -2.0324e-08
  -2.0323e-08
  -2.0323e-08
  -2.0323e-08
  -2.0322e-08
  -2.0322e-08
  -2.0322e-08
  -2.0322e-08
  -2.0323e-08
  -2.0323e-08
  -2.0324e-08
  -2.0324e-08
  -2.0325e-08
  -2.0325e-08
  -2.0324e-08
  -2.0324e-08
  -2.0323e-08
  -2.0322e-08
  -2.0321e-08
  -2.0320e-08
  -2.0320e-08
  -2.0319e-08
  -2.0318e-08
  -2.0318e-08
  -2.0318e-08
  -2.0318e-08
  -2.0318e-08
  -2.0318e-08
  -2.0319e-08
  -2.0319e-08
  -2.0320e-08
  -2.0320e-08
  -2.0320e-08
  -2.0319e-08
  -2.0318e-08
  -2.0317e-08
  -2.0316e-08
  -2.0315e-08
  -2.0313e-08
  -2.0312e-08
  -2.0312e-08
  -2.0311e-08
  -2.0311e-08
  -2.0311e-08
  -2.0311e-08
  -2.0311e-08
  -2.0312e-08
  -2.0313e-08
  -2.0314e-08
  -2.0315e-08
  -2.0315e-08
  -2.0315e-08
  -2.0315e-08
  -2.0315e-08
  -2.0314e-08
  -2.0314e-08
  -2.0314e-08
  -2.0313e-08
  -2.0313e-08
  -2.0313e-08
  -2.0313e-08
  -2.0313e-08
  -2.0313e-08
  -2.0314e-08
  -2.0314e-08
  -2.0315e-08
  -2.0316e-08
  -2.0316e-08
  -2.0316e-08
  -2.0315e-08
  -2.0315e-08
  -2.0315e-08
  -2.0314e-08
  -2.0314e-08
  -2.0314e-08
  -2.0314e-08
  -2.0314e-08
  -2.0314e-08
  -2.0314e-08
  -2.0314e-08
  -2.0315e-08
  -2.0316e-08
  -2.0317e-08
  -2.0318e-08
  -2.0319e-08
  -2.0320e-08
  -2.0321e-08
  -2.0322e-08
  -2.0322e-08
  -2.0322e-08
  -2.0321e-08
  -2.0321e-08
  -2.0321e-08
  -2.0320e-08
  -2.0320e-08
  -2.0320e-08
  -2.0320e-08
  -2.0320e-08
  -2.0321e-08
  -2.0321e-08
  -2.0322e-08
  -2.0323e-08
  -2.0325e-08
  -2.0326e-08
  -2.0327e-08
  -2.0328e-08
  -2.0328e-08
  -2.0329e-08
  -2.0329e-08
  -2.0329e-08
  -2.0329e-08
  -2.0329e-08
  -2.0329e-08
  -2.0330e-08
  -2.0330e-08
  -2.0331e-08
  -2.0332e-08
  -2.0333e-08
  -2.0334e-08
  -2.0336e-08
  -2.0337e-08
  -2.0338e-08
  -2.0339e-08
  -2.0340e-08
  -2.0340e-08
  -2.0340e-08
  -2.0340e-08
  -2.0339e-08
  -2.0339e-08
  -2.0338e-08
  -2.0337e-08
  -2.0337e-08
  -2.0336e-08
  -2.0336e-08
  -2.0336e-08
  -2.0336e-08
  -2.0337e-08
  -2.0338e-08
  -2.0339e-08
  -2.0339e-08
  -2.0340e-08
  -2.0341e-08
  -2.0341e-08
  -2.0341e-08
  -2.0341e-08
  -2.0341e-08
  -2.0340e-08
  -2.0340e-08
  -2.0340e-08
  -2.0339e-08
  -2.0339e-08
  -2.0339e-08
  -2.0340e-08
  -2.0340e-08
  -2.0341e-08
  -2.0342e-08
  -2.0343e-08
  -2.0344e-08
  -2.0345e-08
  -2.0346e-08
  -2.0347e-08
  -2.0347e-08
  -2.0347e-08
  -2.0347e-08
  -2.0346e-08
  -2.0346e-08
  -2.0346e-08
  -2.0346e-08
  -2.0347e-08
  -2.0347e-08
  -2.0348e-08
  -2.0348e-08
  -2.0349e-08
  -2.0351e-08
  -2.0352e-08
  -2.0354e-08
  -2.0355e-08
  -2.0357e-08
  -2.0358e-08
  -2.0358e-08
  -2.0358e-08
  -2.0358e-08
  -2.0358e-08
  -2.0358e-08
  -2.0357e-08
  -2.0357e-08
  -2.0356e-08
  -2.0356e-08
  -2.0356e-08
  -2.0356e-08
  -2.0356e-08
  -2.0356e-08
  -2.0357e-08
  -2.0358e-08
  -2.0358e-08
  -2.0359e-08
  -2.0359e-08
  -2.0359e-08
  -2.0359e-08
  -2.0359e-08
  -2.0359e-08
  -2.0358e-08
  -2.0358e-08
  -2.0358e-08
  -2.0358e-08
  -2.0358e-08
  -2.0358e-08
  -2.0359e-08
  -2.0360e-08
  -2.0361e-08
  -2.0362e-08
  -2.0364e-08
  -2.0365e-08
  -2.0367e-08
  -2.0368e-08
  -2.0369e-08
  -2.0369e-08
  -2.0369e-08
  -2.0369e-08
  -2.0369e-08
  -2.0369e-08
  -2.0368e-08
  -2.0368e-08
  -2.0368e-08
  -2.0369e-08
  -2.0369e-08
  -2.0370e-08
  -2.0371e-08
  -2.0372e-08
  -2.0373e-08
  -2.0375e-08
  -2.0376e-08
  -2.0378e-08
  -2.0378e-08
  -2.0379e-08
  -2.0379e-08
  -2.0379e-08
  -2.0379e-08
  -2.0379e-08
  -2.0379e-08
  -2.0379e-08
  -2.0379e-08
  -2.0380e-08
  -2.0380e-08
  -2.0380e-08
  -2.0381e-08
  -2.0382e-08
  -2.0383e-08
  -2.0384e-08
  -2.0385e-08
  -2.0385e-08
  -2.0385e-08
  -2.0385e-08
  -2.0385e-08
  -2.0384e-08
  -2.0383e-08
  -2.0382e-08
  -2.0381e-08
  -2.0381e-08
  -2.0380e-08
  -2.0380e-08
  -2.0380e-08
  -2.0380e-08
  -2.0380e-08
  -2.0381e-08
  -2.0382e-08
  -2.0383e-08
  -2.0384e-08
  -2.0385e-08
  -2.0386e-08
  -2.0386e-08
  -2.0387e-08
  -2.0387e-08
  -2.0386e-08
  -2.0386e-08
  -2.0386e-08
  -2.0386e-08
  -2.0386e-08
  -2.0386e-08
  -2.0386e-08
  -2.0387e-08
  -2.0387e-08
  -2.0388e-08
  -2.0389e-08
  -2.0391e-08
  -2.0392e-08
  -2.0393e-08
  -2.0394e-08
  -2.0394e-08
  -2.0394e-08
  -2.0394e-08
  -2.0394e-08
  -2.0394e-08
  -2.0394e-08
  -2.0394e-08
  -2.0394e-08
  -2.0394e-08
  -2.0395e-08
  -2.0395e-08
  -2.0396e-08
  -2.0397e-08
  -2.0398e-08
  -2.0400e-08
  -2.0401e-08
  -2.0402e-08
  -2.0403e-08
  -2.0403e-08
  -2.0403e-08
  -2.0403e-08
  -2.0403e-08
  -2.0402e-08
  -2.0401e-08
  -2.0401e-08
  -2.0400e-08
  -2.0400e-08
  -2.0399e-08
  -2.0399e-08
  -2.0399e-08
  -2.0400e-08
  -2.0400e-08
  -2.0401e-08
  -2.0402e-08
  -2.0402e-08
  -2.0403e-08
  -2.0403e-08
  -2.0403e-08
  -2.0403e-08
  -2.0403e-08
  -2.0403e-08
  -2.0403e-08
  -2.0403e-08
  -2.0403e-08
  -2.0403e-08
  -2.0404e-08
  -2.0404e-08
  -2.0405e-08
  -2.0406e-08
  -2.0408e-08
  -2.0409e-08
  -2.0411e-08
  -2.0412e-08
  -2.0413e-08
  -2.0414e-08
  -2.0414e-08
  -2.0414e-08
  -2.0414e-08
  -2.0414e-08
  -2.0414e-08
  -2.0414e-08
  -2.0414e-08
  -2.0414e-08
  -2.0414e-08
  -2.0414e-08
  -2.0415e-08
  -2.0416e-08
  -2.0417e-08
  -2.0418e-08
  -2.0420e-08
  -2.0421e-08
  -2.0423e-08
  -2.0424e-08
  -2.0424e-08
  -2.0424e-08
  -2.0425e-08
  -2.0424e-08
  -2.0424e-08
  -2.0424e-08
  -2.0424e-08
  -2.0424e-08
  -2.0424e-08
  -2.0424e-08
  -2.0424e-08
  -2.0425e-08
  -2.0425e-08
  -2.0426e-08
  -2.0427e-08
  -2.0427e-08
  -2.0428e-08
  -2.0428e-08
  -2.0428e-08
  -2.0427e-08
  -2.0427e-08
  -2.0426e-08
  -2.0425e-08
  -2.0424e-08
  -2.0424e-08
  -2.0423e-08
  -2.0423e-08
  -2.0423e-08
  -2.0423e-08
  -2.0424e-08
  -2.0425e-08
  -2.0426e-08
  -2.0427e-08
  -2.0428e-08
  -2.0429e-08
  -2.0430e-08
  -2.0431e-08
  -2.0431e-08
  -2.0431e-08
  -2.0431e-08
  -2.0431e-08
  -2.0431e-08
  -2.0430e-08
  -2.0430e-08
  -2.0430e-08
  -2.0430e-08
  -2.0431e-08
  -2.0431e-08
  -2.0432e-08
  -2.0433e-08
  -2.0434e-08
  -2.0435e-08
  -2.0437e-08
  -2.0438e-08
  -2.0438e-08
  -2.0439e-08
  -2.0439e-08
  -2.0439e-08
  -2.0439e-08
  -2.0439e-08
  -2.0439e-08
  -2.0439e-08
  -2.0439e-08
  -2.0440e-08
  -2.0440e-08
  -2.0441e-08
  -2.0442e-08
  -2.0443e-08
  -2.0444e-08
  -2.0446e-08
  -2.0447e-08
  -2.0448e-08
  -2.0448e-08
  -2.0448e-08
  -2.0448e-08
  -2.0447e-08
  -2.0447e-08
  -2.0446e-08
  -2.0445e-08
  -2.0444e-08
  -2.0444e-08
  -2.0443e-08
  -2.0443e-08
  -2.0443e-08
  -2.0443e-08
  -2.0444e-08
  -2.0445e-08
  -2.0446e-08
  -2.0447e-08
  -2.0448e-08
  -2.0448e-08
  -2.0448e-08
  -2.0448e-08
  -2.0448e-08
  -2.0448e-08
  -2.0448e-08
  -2.0448e-08
  -2.0448e-08
  -2.0448e-08
  -2.0448e-08
  -2.0448e-08
  -2.0449e-08
  -2.0450e-08
  -2.0451e-08
  -2.0452e-08
  -2.0453e-08
  -2.0454e-08
  -2.0455e-08
  -2.0456e-08
  -2.0456e-08
  -2.0456e-08
  -2.0456e-08
  -2.0456e-08
  -2.0456e-08
  -2.0456e-08
  -2.0456e-08
  -2.0456e-08
  -2.0456e-08
  -2.0456e-08
  -2.0457e-08
  -2.0458e-08
  -2.0459e-08
  -2.0460e-08
  -2.0461e-08
  -2.0463e-08
  -2.0464e-08
  -2.0465e-08
  -2.0466e-08
  -2.0467e-08
  -2.0467e-08
  -2.0467e-08
  -2.0466e-08
  -2.0466e-08
  -2.0465e-08
  -2.0465e-08
  -2.0464e-08
  -2.0464e-08
  -2.0464e-08
  -2.0464e-08
  -2.0464e-08
  -2.0464e-08
  -2.0465e-08
  -2.0466e-08
  -2.0467e-08
  -2.0467e-08
  -2.0468e-08
  -2.0468e-08
  -2.0468e-08
  -2.0468e-08
  -2.0467e-08
  -2.0467e-08
  -2.0467e-08
  -2.0466e-08
  -2.0466e-08
  -2.0466e-08
  -2.0466e-08
  -2.0466e-08
  -2.0466e-08
  -2.0467e-08
  -2.0468e-08
  -2.0469e-08
  -2.0470e-08
  -2.0471e-08
  -2.0472e-08
  -2.0472e-08
  -2.0472e-08
  -2.0472e-08
  -2.0471e-08
  -2.0471e-08
  -2.0470e-08
  -2.0470e-08
  -2.0469e-08
  -2.0469e-08
  -2.0469e-08
  -2.0470e-08
  -2.0470e-08
  -2.0471e-08
  -2.0472e-08
  -2.0474e-08
  -2.0475e-08
  -2.0477e-08
  -2.0478e-08
  -2.0479e-08
  -2.0480e-08
  -2.0480e-08
  -2.0481e-08
  -2.0481e-08
  -2.0481e-08
  -2.0481e-08
  -2.0481e-08
  -2.0480e-08
  -2.0481e-08
  -2.0481e-08
  -2.0481e-08
  -2.0481e-08
  -2.0482e-08
  -2.0483e-08
  -2.0484e-08
  -2.0485e-08
  -2.0486e-08
  -2.0486e-08
  -2.0486e-08
  -2.0486e-08
  -2.0486e-08
  -2.0486e-08
  -2.0486e-08
  -2.0485e-08
  -2.0485e-08
  -2.0485e-08
  -2.0485e-08
  -2.0484e-08
  -2.0485e-08
  -2.0485e-08
  -2.0486e-08
  -2.0486e-08
  -2.0487e-08
  -2.0488e-08
  -2.0489e-08
  -2.0490e-08
  -2.0490e-08
  -2.0490e-08
  -2.0490e-08
  -2.0489e-08
  -2.0489e-08
  -2.0489e-08
  -2.0488e-08
  -2.0488e-08
  -2.0488e-08
  -2.0487e-08
  -2.0488e-08
  -2.0488e-08
  -2.0489e-08
  -2.0490e-08
  -2.0491e-08
  -2.0492e-08
  -2.0494e-08
  -2.0495e-08
  -2.0496e-08
  -2.0497e-08
  -2.0498e-08
  -2.0498e-08
  -2.0498e-08
  -2.0498e-08
  -2.0499e-08
  -2.0499e-08
  -2.0499e-08
  -2.0499e-08
  -2.0500e-08
  -2.0500e-08
  -2.0501e-08
  -2.0502e-08
  -2.0504e-08
  -2.0505e-08
  -2.0506e-08
  -2.0507e-08
  -2.0508e-08
  -2.0509e-08
  -2.0509e-08
  -2.0510e-08
  -2.0510e-08
  -2.0509e-08
  -2.0509e-08
  -2.0510e-08
  -2.0510e-08
  -2.0510e-08
  -2.0510e-08
  -2.0511e-08
  -2.0512e-08
  -2.0513e-08
  -2.0515e-08
  -2.0516e-08
  -2.0518e-08
  -2.0520e-08
  -2.0521e-08
  -2.0522e-08
  -2.0523e-08
  -2.0523e-08
  -2.0523e-08
  -2.0523e-08
  -2.0523e-08
  -2.0523e-08
  -2.0523e-08
  -2.0523e-08
  -2.0522e-08
  -2.0522e-08
  -2.0523e-08
  -2.0523e-08
  -2.0524e-08
  -2.0525e-08
  -2.0526e-08
  -2.0527e-08
  -2.0528e-08
  -2.0529e-08
  -2.0529e-08
  -2.0529e-08
  -2.0529e-08
  -2.0529e-08
  -2.0529e-08
  -2.0529e-08
  -2.0529e-08
  -2.0529e-08
  -2.0529e-08
  -2.0529e-08
  -2.0530e-08
  -2.0531e-08
  -2.0532e-08
  -2.0533e-08
  -2.0534e-08
  -2.0536e-08
  -2.0537e-08
  -2.0538e-08
  -2.0539e-08
  -2.0539e-08
  -2.0539e-08
  -2.0539e-08
  -2.0539e-08
  -2.0538e-08
  -2.0538e-08
  -2.0538e-08
  -2.0538e-08
  -2.0538e-08
  -2.0539e-08
  -2.0540e-08
  -2.0541e-08
  -2.0542e-08
  -2.0544e-08
  -2.0545e-08
  -2.0547e-08
  -2.0548e-08
  -2.0549e-08
  -2.0550e-08
  -2.0551e-08
  -2.0551e-08
  -2.0551e-08
  -2.0551e-08
  -2.0551e-08
  -2.0551e-08
  -2.0551e-08
  -2.0551e-08
  -2.0552e-08
  -2.0552e-08
  -2.0553e-08
  -2.0553e-08
  -2.0554e-08
  -2.0555e-08
  -2.0556e-08
  -2.0557e-08
  -2.0558e-08
  -2.0558e-08
  -2.0558e-08
  -2.0558e-08
  -2.0557e-08
  -2.0557e-08
  -2.0557e-08
  -2.0556e-08
  -2.0556e-08
  -2.0556e-08
  -2.0556e-08
  -2.0557e-08
  -2.0557e-08
  -2.0558e-08
  -2.0559e-08
  -2.0560e-08
  -2.0561e-08
  -2.0562e-08
  -2.0563e-08
  -2.0564e-08
  -2.0564e-08
  -2.0563e-08
  -2.0563e-08
  -2.0563e-08
  -2.0562e-08
  -2.0562e-08
  -2.0561e-08
  -2.0561e-08
  -2.0561e-08
  -2.0561e-08
  -2.0561e-08
  -2.0562e-08
  -2.0563e-08
  -2.0564e-08
  -2.0565e-08
  -2.0566e-08
  -2.0567e-08
  -2.0568e-08
  -2.0568e-08
  -2.0568e-08
  -2.0569e-08
  -2.0569e-08
  -2.0569e-08
  -2.0569e-08
  -2.0569e-08
  -2.0569e-08
  -2.0570e-08
  -2.0571e-08
  -2.0571e-08
  -2.0573e-08
  -2.0574e-08
  -2.0576e-08
  -2.0577e-08
  -2.0579e-08
  -2.0580e-08
  -2.0581e-08
  -2.0581e-08
  -2.0581e-08
  -2.0581e-08
  -2.0581e-08
  -2.0581e-08
  -2.0580e-08
  -2.0580e-08
  -2.0580e-08
  -2.0580e-08
  -2.0580e-08
  -2.0581e-08
  -2.0582e-08
  -2.0583e-08
  -2.0584e-08
  -2.0585e-08
  -2.0587e-08
  -2.0588e-08
  -2.0589e-08
  -2.0589e-08
  -2.0589e-08
  -2.0589e-08
  -2.0589e-08
  -2.0589e-08
  -2.0589e-08
  -2.0589e-08
  -2.0589e-08
  -2.0589e-08
  -2.0589e-08
  -2.0589e-08
  -2.0590e-08
  -2.0590e-08
  -2.0591e-08
  -2.0592e-08
  -2.0593e-08
  -2.0594e-08
  -2.0594e-08
  -2.0594e-08
  -2.0593e-08
  -2.0593e-08
  -2.0592e-08
  -2.0592e-08
  -2.0591e-08
  -2.0590e-08
  -2.0590e-08
  -2.0590e-08
  -2.0590e-08
  -2.0590e-08
  -2.0591e-08
  -2.0592e-08
  -2.0593e-08
  -2.0594e-08
  -2.0596e-08
  -2.0597e-08
  -2.0598e-08
  -2.0598e-08
  -2.0598e-08
  -2.0598e-08
  -2.0598e-08
  -2.0598e-08
  -2.0598e-08
  -2.0597e-08
  -2.0597e-08
  -2.0597e-08
  -2.0597e-08
  -2.0598e-08
  -2.0598e-08
  -2.0599e-08
  -2.0600e-08
  -2.0601e-08
  -2.0602e-08
  -2.0603e-08
  -2.0603e-08
  -2.0603e-08
  -2.0603e-08
  -2.0603e-08
  -2.0603e-08
  -2.0603e-08
  -2.0603e-08
  -2.0603e-08
  -2.0603e-08
  -2.0603e-08
  -2.0604e-08
  -2.0604e-08
  -2.0605e-08
  -2.0606e-08
  -2.0608e-08
  -2.0609e-08
  -2.0610e-08
  -2.0612e-08
  -2.0613e-08
  -2.0613e-08
  -2.0613e-08
  -2.0613e-08
  -2.0613e-08
  -2.0613e-08
  -2.0612e-08
  -2.0612e-08
  -2.0611e-08
  -2.0611e-08
  -2.0611e-08
  -2.0611e-08
  -2.0611e-08
  -2.0611e-08
  -2.0612e-08
  -2.0613e-08
  -2.0614e-08
  -2.0614e-08
  -2.0615e-08
  -2.0615e-08
  -2.0615e-08
  -2.0615e-08
  -2.0615e-08
  -2.0615e-08
  -2.0615e-08
  -2.0614e-08
  -2.0614e-08
  -2.0614e-08
  -2.0614e-08
  -2.0615e-08
  -2.0615e-08
  -2.0616e-08
  -2.0617e-08
  -2.0618e-08
  -2.0620e-08
  -2.0621e-08
  -2.0622e-08
  -2.0623e-08
  -2.0624e-08
  -2.0624e-08
  -2.0624e-08
  -2.0624e-08
  -2.0623e-08
  -2.0623e-08
  -2.0623e-08
  -2.0623e-08
  -2.0623e-08
  -2.0623e-08
  -2.0623e-08
  -2.0624e-08
  -2.0625e-08
  -2.0626e-08
  -2.0628e-08
  -2.0629e-08
  -2.0630e-08
  -2.0631e-08
  -2.0632e-08
  -2.0633e-08
  -2.0633e-08
  -2.0633e-08
  -2.0633e-08
  -2.0633e-08
  -2.0633e-08
  -2.0633e-08
  -2.0633e-08
  -2.0633e-08
  -2.0634e-08
  -2.0634e-08
  -2.0635e-08
  -2.0636e-08
  -2.0637e-08
  -2.0639e-08
  -2.0639e-08
  -2.0640e-08
  -2.0640e-08
  -2.0640e-08
  -2.0640e-08
  -2.0639e-08
  -2.0638e-08
  -2.0638e-08
  -2.0637e-08
  -2.0637e-08
  -2.0636e-08
  -2.0636e-08
  -2.0636e-08
  -2.0636e-08
  -2.0636e-08
  -2.0637e-08
  -2.0638e-08
  -2.0639e-08
  -2.0640e-08
  -2.0641e-08
  -2.0641e-08
  -2.0642e-08
  -2.0642e-08
  -2.0641e-08
  -2.0641e-08
  -2.0641e-08
  -2.0640e-08
  -2.0640e-08
  -2.0640e-08
  -2.0640e-08
  -2.0640e-08
  -2.0640e-08
  -2.0641e-08
  -2.0641e-08
  -2.0642e-08
  -2.0643e-08
  -2.0644e-08
  -2.0645e-08
  -2.0645e-08
  -2.0646e-08
  -2.0645e-08
  -2.0645e-08
  -2.0645e-08
  -2.0645e-08
  -2.0645e-08
  -2.0645e-08
  -2.0645e-08
  -2.0646e-08
  -2.0646e-08
  -2.0647e-08
  -2.0648e-08
  -2.0649e-08
  -2.0650e-08
  -2.0652e-08
  -2.0653e-08
  -2.0655e-08
  -2.0656e-08
  -2.0657e-08
  -2.0657e-08
  -2.0657e-08
  -2.0657e-08
  -2.0657e-08
  -2.0657e-08
  -2.0657e-08
  -2.0657e-08
  -2.0656e-08
  -2.0656e-08
  -2.0656e-08
  -2.0657e-08
  -2.0657e-08
  -2.0658e-08
  -2.0659e-08
  -2.0659e-08
  -2.0660e-08
  -2.0661e-08
  -2.0661e-08
  -2.0661e-08
  -2.0661e-08
  -2.0660e-08
  -2.0660e-08
  -2.0660e-08
  -2.0659e-08
  -2.0659e-08
  -2.0658e-08
  -2.0658e-08
  -2.0658e-08
  -2.0659e-08
  -2.0659e-08
  -2.0660e-08
  -2.0661e-08
  -2.0663e-08
  -2.0664e-08
  -2.0665e-08
  -2.0666e-08
  -2.0667e-08
  -2.0667e-08
  -2.0667e-08
  -2.0667e-08
  -2.0667e-08
  -2.0667e-08
  -2.0667e-08
  -2.0667e-08
  -2.0667e-08
  -2.0667e-08
  -2.0667e-08
  -2.0668e-08
  -2.0668e-08
  -2.0669e-08
  -2.0670e-08
  -2.0672e-08
  -2.0673e-08
  -2.0674e-08
  -2.0675e-08
  -2.0675e-08
  -2.0676e-08
  -2.0676e-08
  -2.0676e-08
  -2.0676e-08
  -2.0676e-08
  -2.0676e-08
  -2.0676e-08
  -2.0677e-08
  -2.0677e-08
  -2.0678e-08
  -2.0678e-08
  -2.0679e-08
  -2.0681e-08
  -2.0682e-08
  -2.0683e-08
  -2.0685e-08
  -2.0685e-08
  -2.0686e-08
  -2.0686e-08
  -2.0686e-08
  -2.0685e-08
  -2.0685e-08
  -2.0684e-08
  -2.0684e-08
  -2.0683e-08
  -2.0683e-08
  -2.0682e-08
  -2.0682e-08
  -2.0682e-08
  -2.0682e-08
  -2.0683e-08
  -2.0684e-08
  -2.0684e-08
  -2.0685e-08
  -2.0686e-08
  -2.0686e-08
  -2.0686e-08
  -2.0686e-08
  -2.0686e-08
  -2.0686e-08
  -2.0685e-08
  -2.0685e-08
  -2.0685e-08
  -2.0685e-08
  -2.0685e-08
  -2.0685e-08
  -2.0686e-08
  -2.0686e-08
  -2.0687e-08
  -2.0689e-08
  -2.0690e-08
  -2.0691e-08
  -2.0692e-08
  -2.0693e-08
  -2.0693e-08
  -2.0693e-08
  -2.0693e-08
  -2.0693e-08
  -2.0692e-08
  -2.0692e-08
  -2.0691e-08
  -2.0691e-08
  -2.0691e-08
  -2.0691e-08
  -2.0691e-08
  -2.0691e-08
  -2.0692e-08
  -2.0693e-08
  -2.0694e-08
  -2.0695e-08
  -2.0696e-08
  -2.0697e-08
  -2.0697e-08
  -2.0697e-08
  -2.0697e-08
  -2.0697e-08
  -2.0697e-08
  -2.0696e-08
  -2.0696e-08
  -2.0696e-08
  -2.0695e-08
  -2.0695e-08
  -2.0695e-08
  -2.0695e-08
  -2.0695e-08
  -2.0696e-08
  -2.0697e-08
  -2.0697e-08
  -2.0698e-08
  -2.0698e-08
  -2.0698e-08
  -2.0697e-08
  -2.0697e-08
  -2.0696e-08
  -2.0694e-08
  -2.0693e-08
  -2.0692e-08
  -2.0691e-08
  -2.0690e-08
  -2.0690e-08
  -2.0689e-08
  -2.0689e-08
  -2.0689e-08
  -2.0689e-08
  -2.0690e-08
  -2.0691e-08
  -2.0692e-08
  -2.0693e-08
  -2.0693e-08
  -2.0693e-08
  -2.0693e-08
  -2.0693e-08
  -2.0693e-08
  -2.0693e-08
  -2.0692e-08
  -2.0692e-08
  -2.0692e-08
  -2.0692e-08
  -2.0692e-08
  -2.0692e-08
  -2.0693e-08
  -2.0693e-08
  -2.0694e-08
  -2.0695e-08
  -2.0696e-08
  -2.0697e-08
  -2.0698e-08
  -2.0698e-08
  -2.0698e-08
  -2.0697e-08
  -2.0697e-08
  -2.0696e-08
  -2.0696e-08
  -2.0695e-08
  -2.0694e-08
  -2.0694e-08
  -2.0694e-08
  -2.0694e-08
  -2.0694e-08
  -2.0694e-08
  -2.0695e-08
  -2.0696e-08
  -2.0697e-08
  -2.0698e-08
  -2.0698e-08
  -2.0698e-08
  -2.0698e-08
  -2.0698e-08
  -2.0697e-08
  -2.0697e-08
  -2.0696e-08
  -2.0695e-08
  -2.0694e-08
  -2.0694e-08
  -2.0693e-08
  -2.0693e-08
  -2.0692e-08
  -2.0693e-08
  -2.0693e-08
  -2.0693e-08
  -2.0694e-08
  -2.0695e-08
  -2.0695e-08
  -2.0695e-08
  -2.0694e-08
  -2.0694e-08
  -2.0693e-08
  -2.0692e-08
  -2.0691e-08
  -2.0690e-08
  -2.0690e-08
  -2.0689e-08
  -2.0689e-08
  -2.0689e-08
  -2.0689e-08
  -2.0689e-08
  -2.0690e-08
  -2.0691e-08
  -2.0692e-08
  -2.0693e-08
  -2.0694e-08
  -2.0695e-08
  -2.0695e-08
  -2.0695e-08
  -2.0695e-08
  -2.0695e-08
  -2.0694e-08
  -2.0694e-08
  -2.0693e-08
  -2.0693e-08
  -2.0693e-08
  -2.0693e-08
  -2.0693e-08
  -2.0693e-08
  -2.0693e-08
  -2.0694e-08
  -2.0695e-08
  -2.0695e-08
  -2.0696e-08
  -2.0696e-08
  -2.0696e-08
  -2.0695e-08
  -2.0694e-08
  -2.0693e-08
  -2.0692e-08
  -2.0691e-08
  -2.0690e-08
  -2.0689e-08
  -2.0688e-08
  -2.0688e-08
  -2.0687e-08
  -2.0687e-08
  -2.0687e-08
  -2.0687e-08
  -2.0688e-08
  -2.0688e-08
  -2.0689e-08
  -2.0689e-08
  -2.0689e-08
  -2.0688e-08
  -2.0687e-08
  -2.0687e-08
  -2.0686e-08
  -2.0685e-08
  -2.0684e-08
  -2.0683e-08
  -2.0682e-08
  -2.0682e-08
  -2.0681e-08
  -2.0681e-08
  -2.0681e-08
  -2.0681e-08
  -2.0682e-08
  -2.0682e-08
  -2.0683e-08
  -2.0683e-08
  -2.0683e-08
  -2.0683e-08
  -2.0682e-08
  -2.0682e-08
  -2.0681e-08
  -2.0680e-08
  -2.0679e-08
  -2.0679e-08
  -2.0678e-08
  -2.0678e-08
  -2.0678e-08
  -2.0678e-08
  -2.0678e-08
  -2.0679e-08
  -2.0680e-08
  -2.0681e-08
  -2.0681e-08
  -2.0682e-08
  -2.0682e-08
  -2.0682e-08
  -2.0682e-08
  -2.0681e-08
  -2.0680e-08
  -2.0679e-08
  -2.0678e-08
  -2.0677e-08
  -2.0676e-08
  -2.0675e-08
  -2.0674e-08
  -2.0673e-08
  -2.0673e-08
  -2.0672e-08
  -2.0672e-08
  -2.0672e-08
  -2.0673e-08
  -2.0673e-08
  -2.0672e-08
  -2.0672e-08
  -2.0671e-08
  -2.0670e-08
  -2.0669e-08
  -2.0668e-08
  -2.0667e-08
  -2.0666e-08
  -2.0666e-08
  -2.0665e-08
  -2.0665e-08
  -2.0665e-08
  -2.0665e-08
  -2.0665e-08
  -2.0666e-08
  -2.0667e-08
  -2.0668e-08
  -2.0668e-08
  -2.0668e-08
  -2.0668e-08
  -2.0668e-08
  -2.0667e-08
  -2.0667e-08
  -2.0666e-08
  -2.0665e-08
  -2.0664e-08
  -2.0663e-08
  -2.0663e-08
  -2.0662e-08
  -2.0662e-08
  -2.0662e-08
  -2.0662e-08
  -2.0662e-08
  -2.0663e-08
  -2.0664e-08
  -2.0665e-08
  -2.0665e-08
  -2.0665e-08
  -2.0664e-08
  -2.0664e-08
  -2.0664e-08
  -2.0664e-08
  -2.0664e-08
  -2.0663e-08
  -2.0663e-08
  -2.0663e-08
  -2.0663e-08
  -2.0663e-08
  -2.0663e-08
  -2.0664e-08
  -2.0664e-08
  -2.0665e-08
  -2.0666e-08
  -2.0666e-08
  -2.0667e-08
  -2.0667e-08
  -2.0666e-08
  -2.0665e-08
  -2.0665e-08
  -2.0664e-08
  -2.0663e-08
  -2.0662e-08
  -2.0661e-08
  -2.0660e-08
  -2.0660e-08
  -2.0660e-08
  -2.0660e-08
  -2.0660e-08
  -2.0661e-08
  -2.0662e-08
  -2.0663e-08
  -2.0665e-08
  -2.0666e-08
  -2.0666e-08
  -2.0667e-08
  -2.0667e-08
  -2.0667e-08
  -2.0667e-08
  -2.0667e-08
  -2.0667e-08
  -2.0666e-08
  -2.0666e-08
  -2.0666e-08
  -2.0666e-08
  -2.0667e-08
  -2.0667e-08
  -2.0668e-08
  -2.0668e-08
  -2.0669e-08
  -2.0670e-08
  -2.0671e-08
  -2.0671e-08
  -2.0671e-08
  -2.0671e-08
  -2.0670e-08
  -2.0670e-08
  -2.0669e-08
  -2.0668e-08
  -2.0668e-08
  -2.0667e-08
  -2.0667e-08
  -2.0666e-08
  -2.0666e-08
  -2.0666e-08
  -2.0666e-08
  -2.0667e-08
  -2.0667e-08
  -2.0668e-08
  -2.0669e-08
  -2.0669e-08
  -2.0669e-08
  -2.0669e-08
  -2.0668e-08
  -2.0667e-08
  -2.0667e-08
  -2.0666e-08
  -2.0665e-08
  -2.0664e-08
  -2.0663e-08
  -2.0663e-08
  -2.0662e-08
  -2.0662e-08
  -2.0662e-08
  -2.0662e-08
  -2.0663e-08
  -2.0664e-08
  -2.0664e-08
  -2.0665e-08
  -2.0666e-08
  -2.0666e-08
  -2.0666e-08
  -2.0666e-08
  -2.0665e-08
  -2.0665e-08
  -2.0665e-08
  -2.0665e-08
  -2.0664e-08
  -2.0664e-08
  -2.0665e-08
  -2.0665e-08
  -2.0665e-08
  -2.0666e-08
  -2.0667e-08
  -2.0669e-08
  -2.0670e-08
  -2.0671e-08
  -2.0672e-08
  -2.0672e-08
  -2.0672e-08
  -2.0672e-08
  -2.0671e-08
  -2.0670e-08
  -2.0670e-08
  -2.0669e-08
  -2.0668e-08
  -2.0667e-08
  -2.0667e-08
  -2.0666e-08
  -2.0666e-08
  -2.0666e-08
  -2.0666e-08
  -2.0667e-08
  -2.0667e-08
  -2.0668e-08
  -2.0668e-08
  -2.0668e-08
  -2.0668e-08
  -2.0668e-08
  -2.0668e-08
  -2.0668e-08
  -2.0667e-08
  -2.0667e-08
  -2.0667e-08
  -2.0667e-08
  -2.0667e-08
  -2.0667e-08
  -2.0668e-08
  -2.0669e-08
  -2.0670e-08
  -2.0671e-08
  -2.0672e-08
  -2.0673e-08
  -2.0674e-08
  -2.0675e-08
  -2.0676e-08
  -2.0676e-08
  -2.0676e-08
  -2.0675e-08
  -2.0675e-08
  -2.0675e-08
  -2.0675e-08
  -2.0675e-08
  -2.0675e-08
  -2.0675e-08
  -2.0676e-08
  -2.0677e-08
  -2.0678e-08
  -2.0679e-08
  -2.0681e-08
  -2.0683e-08
  -2.0684e-08
  -2.0685e-08
  -2.0686e-08
  -2.0687e-08
  -2.0687e-08
  -2.0687e-08
  -2.0688e-08
  -2.0688e-08
  -2.0687e-08
  -2.0687e-08
  -2.0687e-08
  -2.0687e-08
  -2.0687e-08
  -2.0688e-08
  -2.0688e-08
  -2.0689e-08
  -2.0689e-08
  -2.0690e-08
  -2.0691e-08
  -2.0692e-08
  -2.0692e-08
  -2.0692e-08
  -2.0692e-08
  -2.0691e-08
  -2.0690e-08
  -2.0690e-08
  -2.0689e-08
  -2.0689e-08
  -2.0688e-08
  -2.0688e-08
  -2.0688e-08
  -2.0688e-08
  -2.0688e-08
  -2.0689e-08
  -2.0690e-08
  -2.0691e-08
  -2.0692e-08
  -2.0693e-08
  -2.0694e-08
  -2.0694e-08
  -2.0694e-08
  -2.0694e-08
  -2.0694e-08
  -2.0693e-08
  -2.0693e-08
  -2.0692e-08
  -2.0692e-08
  -2.0692e-08
  -2.0692e-08
  -2.0692e-08
  -2.0692e-08
  -2.0693e-08
  -2.0694e-08
  -2.0696e-08
  -2.0697e-08
  -2.0698e-08
  -2.0700e-08
  -2.0700e-08
  -2.0701e-08
  -2.0701e-08
  -2.0701e-08
  -2.0702e-08
  -2.0702e-08
  -2.0702e-08
  -2.0702e-08
  -2.0702e-08
  -2.0702e-08
  -2.0703e-08
  -2.0703e-08
  -2.0704e-08
  -2.0705e-08
  -2.0706e-08
  -2.0708e-08
  -2.0709e-08
  -2.0710e-08
  -2.0710e-08
  -2.0710e-08
  -2.0710e-08
  -2.0709e-08
  -2.0709e-08
  -2.0708e-08
  -2.0707e-08
  -2.0707e-08
  -2.0706e-08
  -2.0706e-08
  -2.0706e-08
  -2.0706e-08
  -2.0706e-08
  -2.0707e-08
  -2.0708e-08
  -2.0709e-08
  -2.0710e-08
  -2.0710e-08
  -2.0711e-08
  -2.0711e-08
  -2.0711e-08
  -2.0711e-08
  -2.0711e-08
  -2.0710e-08
  -2.0710e-08
  -2.0710e-08
  -2.0709e-08
  -2.0709e-08
  -2.0709e-08
  -2.0709e-08
  -2.0709e-08
  -2.0710e-08
  -2.0711e-08
  -2.0712e-08
  -2.0713e-08
  -2.0713e-08
  -2.0714e-08
  -2.0715e-08
  -2.0715e-08
  -2.0715e-08
  -2.0715e-08
  -2.0715e-08
  -2.0714e-08
  -2.0714e-08
  -2.0714e-08
  -2.0714e-08
  -2.0715e-08
  -2.0715e-08
  -2.0716e-08
  -2.0717e-08
  -2.0718e-08
  -2.0719e-08
  -2.0721e-08
  -2.0722e-08
  -2.0723e-08
  -2.0723e-08
  -2.0723e-08
  -2.0723e-08
  -2.0722e-08
  -2.0721e-08
  -2.0721e-08
  -2.0720e-08
  -2.0719e-08
  -2.0719e-08
  -2.0718e-08
  -2.0718e-08
  -2.0718e-08
  -2.0718e-08
  -2.0719e-08
  -2.0720e-08
  -2.0721e-08
  -2.0721e-08
  -2.0722e-08
  -2.0722e-08
  -2.0722e-08
  -2.0722e-08
  -2.0721e-08
  -2.0720e-08
  -2.0720e-08
  -2.0719e-08
  -2.0718e-08
  -2.0718e-08
  -2.0717e-08
  -2.0717e-08
  -2.0717e-08
  -2.0717e-08
  -2.0717e-08
  -2.0718e-08
  -2.0719e-08
  -2.0719e-08
  -2.0720e-08
  -2.0720e-08
  -2.0720e-08
  -2.0719e-08
  -2.0719e-08
  -2.0718e-08
  -2.0718e-08
  -2.0718e-08
  -2.0717e-08
  -2.0717e-08
  -2.0717e-08
  -2.0717e-08
  -2.0718e-08
  -2.0719e-08
  -2.0720e-08
  -2.0721e-08
  -2.0722e-08
  -2.0724e-08
  -2.0725e-08
  -2.0726e-08
  -2.0726e-08
  -2.0726e-08
  -2.0726e-08
  -2.0726e-08
  -2.0725e-08
  -2.0725e-08
  -2.0724e-08
  -2.0724e-08
  -2.0723e-08
  -2.0723e-08
  -2.0723e-08
  -2.0723e-08
  -2.0724e-08
  -2.0725e-08
  -2.0726e-08
  -2.0727e-08
  -2.0728e-08
  -2.0728e-08
  -2.0729e-08
  -2.0728e-08
  -2.0728e-08
  -2.0728e-08
  -2.0727e-08
  -2.0727e-08
  -2.0727e-08
  -2.0726e-08
  -2.0726e-08
  -2.0726e-08
  -2.0726e-08
  -2.0726e-08
  -2.0726e-08
  -2.0727e-08
  -2.0728e-08
  -2.0728e-08
  -2.0729e-08
  -2.0728e-08
  -2.0728e-08
  -2.0727e-08
  -2.0727e-08
  -2.0727e-08
  -2.0727e-08
  -2.0727e-08
  -2.0727e-08
  -2.0727e-08
  -2.0728e-08
  -2.0728e-08
  -2.0729e-08
  -2.0730e-08
  -2.0732e-08
  -2.0734e-08
  -2.0736e-08
  -2.0738e-08
  -2.0739e-08
  -2.0741e-08
  -2.0742e-08
  -2.0743e-08
  -2.0744e-08
  -2.0744e-08
  -2.0745e-08
  -2.0745e-08
  -2.0746e-08
  -2.0746e-08
  -2.0747e-08
  -2.0748e-08
  -2.0748e-08
  -2.0749e-08
  -2.0751e-08
  -2.0752e-08
  -2.0753e-08
  -2.0755e-08
  -2.0756e-08
  -2.0758e-08
  -2.0759e-08
  -2.0759e-08
  -2.0760e-08
  -2.0760e-08
  -2.0760e-08
  -2.0761e-08
  -2.0761e-08
  -2.0762e-08
  -2.0762e-08
  -2.0763e-08
  -2.0764e-08
  -2.0765e-08
  -2.0766e-08
  -2.0768e-08
  -2.0770e-08
  -2.0772e-08
  -2.0774e-08
  -2.0775e-08
  -2.0777e-08
  -2.0778e-08
  -2.0778e-08
  -2.0779e-08
  -2.0779e-08
  -2.0779e-08
  -2.0779e-08
  -2.0779e-08
  -2.0779e-08
  -2.0779e-08
  -2.0779e-08
  -2.0780e-08
  -2.0780e-08
  -2.0781e-08
  -2.0783e-08
  -2.0784e-08
  -2.0785e-08
  -2.0787e-08
  -2.0788e-08
  -2.0789e-08
  -2.0789e-08
  -2.0790e-08
  -2.0790e-08
  -2.0790e-08
  -2.0790e-08
  -2.0791e-08
  -2.0791e-08
  -2.0792e-08
  -2.0792e-08
  -2.0793e-08
  -2.0794e-08
  -2.0796e-08
  -2.0797e-08
  -2.0799e-08
  -2.0801e-08
  -2.0803e-08
  -2.0804e-08
  -2.0805e-08
  -2.0806e-08
  -2.0806e-08
  -2.0806e-08
  -2.0806e-08
  -2.0806e-08
  -2.0807e-08
  -2.0807e-08
  -2.0807e-08
  -2.0808e-08
  -2.0809e-08
  -2.0810e-08
  -2.0811e-08
  -2.0813e-08
  -2.0814e-08
  -2.0816e-08
  -2.0818e-08
  -2.0820e-08
  -2.0821e-08
  -2.0823e-08
  -2.0823e-08
  -2.0824e-08
  -2.0824e-08
  -2.0825e-08
  -2.0825e-08
  -2.0826e-08
  -2.0826e-08
  -2.0827e-08
  -2.0827e-08
  -2.0828e-08
  -2.0829e-08
  -2.0830e-08
  -2.0832e-08
  -2.0833e-08
  -2.0834e-08
  -2.0836e-08
  -2.0836e-08
  -2.0837e-08
  -2.0837e-08
  -2.0837e-08
  -2.0837e-08
  -2.0837e-08
  -2.0837e-08
  -2.0836e-08
  -2.0836e-08
  -2.0836e-08
  -2.0837e-08
  -2.0837e-08
  -2.0838e-08
  -2.0839e-08
  -2.0840e-08
  -2.0841e-08
  -2.0842e-08
  -2.0843e-08
  -2.0844e-08
  -2.0845e-08
  -2.0845e-08
  -2.0845e-08
  -2.0845e-08
  -2.0845e-08
  -2.0845e-08
  -2.0845e-08
  -2.0845e-08
  -2.0845e-08
  -2.0845e-08
  -2.0845e-08
  -2.0845e-08
  -2.0846e-08
  -2.0847e-08
  -2.0848e-08
  -2.0850e-08
  -2.0851e-08
  -2.0852e-08
  -2.0853e-08
  -2.0854e-08
  -2.0855e-08
  -2.0855e-08
  -2.0855e-08
  -2.0855e-08
  -2.0856e-08
  -2.0856e-08
  -2.0857e-08
  -2.0857e-08
  -2.0858e-08
  -2.0859e-08
  -2.0860e-08
  -2.0861e-08
  -2.0863e-08
  -2.0865e-08
  -2.0867e-08
  -2.0868e-08
  -2.0870e-08
  -2.0870e-08
  -2.0871e-08
  -2.0871e-08
  -2.0872e-08
  -2.0872e-08
  -2.0872e-08
  -2.0872e-08
  -2.0871e-08
  -2.0872e-08
  -2.0872e-08
  -2.0872e-08
  -2.0873e-08
  -2.0874e-08
  -2.0875e-08
  -2.0876e-08
  -2.0878e-08
  -2.0879e-08
  -2.0880e-08
  -2.0881e-08
  -2.0882e-08
  -2.0882e-08
  -2.0882e-08
  -2.0882e-08
  -2.0882e-08
  -2.0882e-08
  -2.0882e-08
  -2.0882e-08
  -2.0882e-08
  -2.0883e-08
  -2.0883e-08
  -2.0884e-08
  -2.0885e-08
  -2.0886e-08
  -2.0887e-08
  -2.0888e-08
  -2.0889e-08
  -2.0890e-08
  -2.0890e-08
  -2.0890e-08
  -2.0890e-08
  -2.0889e-08
  -2.0889e-08
  -2.0888e-08
  -2.0888e-08
  -2.0888e-08
  -2.0888e-08
  -2.0888e-08
  -2.0889e-08
  -2.0889e-08
  -2.0890e-08
  -2.0892e-08
  -2.0893e-08
  -2.0895e-08
  -2.0896e-08
  -2.0897e-08
  -2.0898e-08
  -2.0899e-08
  -2.0899e-08
  -2.0900e-08
  -2.0900e-08
  -2.0900e-08
  -2.0900e-08
  -2.0900e-08
  -2.0900e-08
  -2.0901e-08
  -2.0901e-08
  -2.0902e-08
  -2.0903e-08
  -2.0904e-08
  -2.0905e-08
  -2.0906e-08
  -2.0908e-08
  -2.0908e-08
  -2.0909e-08
  -2.0909e-08
  -2.0909e-08
  -2.0909e-08
  -2.0909e-08
  -2.0908e-08
  -2.0908e-08
  -2.0908e-08
  -2.0908e-08
  -2.0908e-08
  -2.0909e-08
  -2.0909e-08
  -2.0910e-08
  -2.0911e-08
  -2.0912e-08
  -2.0914e-08
  -2.0915e-08
  -2.0916e-08
  -2.0917e-08
  -2.0917e-08
  -2.0918e-08
  -2.0918e-08
  -2.0917e-08
  -2.0917e-08
  -2.0917e-08
  -2.0916e-08
  -2.0916e-08
  -2.0916e-08
  -2.0916e-08
  -2.0916e-08
  -2.0916e-08
  -2.0917e-08
  -2.0917e-08
  -2.0918e-08
  -2.0919e-08
  -2.0920e-08
  -2.0920e-08
  -2.0921e-08
  -2.0921e-08
  -2.0921e-08
  -2.0920e-08
  -2.0920e-08
  -2.0920e-08
  -2.0920e-08
  -2.0920e-08
  -2.0920e-08
  -2.0920e-08
  -2.0921e-08
  -2.0921e-08
  -2.0922e-08
  -2.0924e-08
  -2.0925e-08
  -2.0927e-08
  -2.0928e-08
  -2.0930e-08
  -2.0931e-08
  -2.0931e-08
  -2.0932e-08
  -2.0932e-08
  -2.0932e-08
  -2.0932e-08
  -2.0932e-08
  -2.0932e-08
  -2.0932e-08
  -2.0932e-08
  -2.0932e-08
  -2.0933e-08
  -2.0934e-08
  -2.0934e-08
  -2.0936e-08
  -2.0937e-08
  -2.0938e-08
  -2.0939e-08
  -2.0940e-08
  -2.0940e-08
  -2.0940e-08
  -2.0940e-08
  -2.0940e-08
  -2.0940e-08
  -2.0940e-08
  -2.0940e-08
  -2.0940e-08
  -2.0940e-08
  -2.0940e-08
  -2.0941e-08
  -2.0941e-08
  -2.0942e-08
  -2.0943e-08
  -2.0945e-08
  -2.0946e-08
  -2.0947e-08
  -2.0948e-08
  -2.0948e-08
  -2.0948e-08
  -2.0948e-08
  -2.0948e-08
  -2.0947e-08
  -2.0947e-08
  -2.0946e-08
  -2.0945e-08
  -2.0945e-08
  -2.0945e-08
  -2.0944e-08
  -2.0944e-08
  -2.0945e-08
  -2.0945e-08
  -2.0946e-08
  -2.0947e-08
  -2.0948e-08
  -2.0948e-08
  -2.0949e-08
  -2.0949e-08
  -2.0949e-08
  -2.0948e-08
  -2.0948e-08
  -2.0948e-08
  -2.0948e-08
  -2.0948e-08
  -2.0948e-08
  -2.0948e-08
  -2.0948e-08
  -2.0949e-08
  -2.0949e-08
  -2.0951e-08
  -2.0952e-08
  -2.0953e-08
  -2.0955e-08
  -2.0956e-08
  -2.0956e-08
  -2.0957e-08
  -2.0957e-08
  -2.0957e-08
  -2.0956e-08
  -2.0956e-08
  -2.0955e-08
  -2.0955e-08
  -2.0954e-08
  -2.0954e-08
  -2.0954e-08
  -2.0954e-08
  -2.0954e-08
  -2.0954e-08
  -2.0955e-08
  -2.0956e-08
  -2.0957e-08
  -2.0958e-08
  -2.0958e-08
  -2.0958e-08
  -2.0958e-08
  -2.0958e-08
  -2.0957e-08
  -2.0957e-08
  -2.0957e-08
  -2.0956e-08
  -2.0956e-08
  -2.0955e-08
  -2.0955e-08
  -2.0955e-08
  -2.0955e-08
  -2.0956e-08
  -2.0957e-08
  -2.0957e-08
  -2.0958e-08
  -2.0959e-08
  -2.0959e-08
  -2.0959e-08
  -2.0959e-08
  -2.0958e-08
  -2.0957e-08
  -2.0956e-08
  -2.0955e-08
  -2.0954e-08
  -2.0953e-08
  -2.0953e-08
  -2.0952e-08
  -2.0952e-08
  -2.0952e-08
  -2.0952e-08
  -2.0953e-08
  -2.0954e-08
  -2.0955e-08
  -2.0956e-08
  -2.0956e-08
  -2.0957e-08
  -2.0957e-08
  -2.0957e-08
  -2.0957e-08
  -2.0957e-08
  -2.0956e-08
  -2.0956e-08
  -2.0956e-08
  -2.0956e-08
  -2.0956e-08
  -2.0956e-08
  -2.0956e-08
  -2.0957e-08
  -2.0958e-08
  -2.0959e-08
  -2.0960e-08
  -2.0961e-08
  -2.0962e-08
  -2.0963e-08
  -2.0963e-08
  -2.0962e-08
  -2.0962e-08
  -2.0961e-08
  -2.0961e-08
  -2.0960e-08
  -2.0959e-08
  -2.0959e-08
  -2.0958e-08
  -2.0958e-08
  -2.0958e-08
  -2.0958e-08
  -2.0959e-08
  -2.0960e-08
  -2.0961e-08
  -2.0962e-08
  -2.0962e-08
  -2.0963e-08
  -2.0963e-08
  -2.0962e-08
  -2.0962e-08
  -2.0961e-08
  -2.0961e-08
  -2.0960e-08
  -2.0959e-08
  -2.0958e-08
  -2.0958e-08
  -2.0957e-08
  -2.0957e-08
  -2.0957e-08
  -2.0957e-08
  -2.0958e-08
  -2.0958e-08
  -2.0959e-08
  -2.0959e-08
  -2.0959e-08
  -2.0959e-08
  -2.0958e-08
  -2.0958e-08
  -2.0957e-08
  -2.0956e-08
  -2.0955e-08
  -2.0954e-08
  -2.0954e-08
  -2.0953e-08
  -2.0953e-08
  -2.0953e-08
  -2.0953e-08
  -2.0954e-08
  -2.0954e-08
  -2.0955e-08
  -2.0957e-08
  -2.0957e-08
  -2.0958e-08
  -2.0958e-08
  -2.0958e-08
  -2.0958e-08
  -2.0958e-08
  -2.0958e-08
  -2.0958e-08
  -2.0958e-08
  -2.0957e-08
  -2.0957e-08
  -2.0957e-08
  -2.0957e-08
  -2.0958e-08
  -2.0958e-08
  -2.0959e-08
  -2.0960e-08
  -2.0961e-08
  -2.0962e-08
  -2.0962e-08
  -2.0962e-08
  -2.0962e-08
  -2.0961e-08
  -2.0961e-08
  -2.0960e-08
  -2.0959e-08
  -2.0959e-08
  -2.0958e-08
  -2.0957e-08
  -2.0957e-08
  -2.0956e-08
  -2.0956e-08
  -2.0956e-08
  -2.0957e-08
  -2.0957e-08
  -2.0958e-08
  -2.0958e-08
  -2.0959e-08
  -2.0959e-08
  -2.0959e-08
  -2.0958e-08
  -2.0957e-08
  -2.0957e-08
  -2.0956e-08
  -2.0955e-08
  -2.0954e-08
  -2.0954e-08
  -2.0953e-08
  -2.0953e-08
  -2.0953e-08
  -2.0953e-08
  -2.0953e-08
  -2.0953e-08
  -2.0954e-08
  -2.0955e-08
  -2.0955e-08
  -2.0956e-08
  -2.0956e-08
  -2.0956e-08
  -2.0956e-08
  -2.0955e-08
  -2.0955e-08
  -2.0955e-08
  -2.0954e-08
  -2.0954e-08
  -2.0954e-08
  -2.0954e-08
  -2.0954e-08
  -2.0955e-08
  -2.0955e-08
  -2.0956e-08
  -2.0957e-08
  -2.0958e-08
  -2.0960e-08
  -2.0960e-08
  -2.0961e-08
  -2.0961e-08
  -2.0961e-08
  -2.0961e-08
  -2.0960e-08
  -2.0960e-08
  -2.0959e-08
  -2.0958e-08
  -2.0958e-08
  -2.0957e-08
  -2.0956e-08
  -2.0956e-08
  -2.0956e-08
  -2.0956e-08
  -2.0957e-08
  -2.0957e-08
  -2.0958e-08
  -2.0958e-08
  -2.0959e-08
  -2.0958e-08
  -2.0958e-08
  -2.0957e-08
  -2.0956e-08
  -2.0955e-08
  -2.0954e-08
  -2.0954e-08
  -2.0953e-08
  -2.0952e-08
  -2.0952e-08
  -2.0952e-08
  -2.0952e-08
  -2.0952e-08
  -2.0953e-08
  -2.0953e-08
  -2.0954e-08
  -2.0955e-08
  -2.0955e-08
  -2.0955e-08
  -2.0955e-08
  -2.0955e-08
  -2.0954e-08
  -2.0953e-08
  -2.0952e-08
  -2.0952e-08
  -2.0951e-08
  -2.0950e-08
  -2.0950e-08
  -2.0950e-08
  -2.0950e-08
  -2.0950e-08
  -2.0951e-08
  -2.0952e-08
  -2.0953e-08
  -2.0954e-08
  -2.0955e-08
  -2.0955e-08
  -2.0955e-08
  -2.0955e-08
  -2.0955e-08
  -2.0955e-08
  -2.0954e-08
  -2.0954e-08
  -2.0954e-08
  -2.0954e-08
  -2.0954e-08
  -2.0954e-08
  -2.0954e-08
  -2.0954e-08
  -2.0955e-08
  -2.0955e-08
  -2.0956e-08
  -2.0957e-08
  -2.0957e-08
  -2.0957e-08
  -2.0957e-08
  -2.0956e-08
  -2.0955e-08
  -2.0954e-08
  -2.0953e-08
  -2.0952e-08
  -2.0951e-08
  -2.0950e-08
  -2.0949e-08
  -2.0948e-08
  -2.0948e-08
  -2.0947e-08
  -2.0948e-08
  -2.0948e-08
  -2.0949e-08
  -2.0950e-08
  -2.0950e-08
  -2.0951e-08
  -2.0951e-08
  -2.0951e-08
  -2.0950e-08
  -2.0950e-08
  -2.0949e-08
  -2.0949e-08
  -2.0948e-08
  -2.0947e-08
  -2.0947e-08
  -2.0946e-08
  -2.0946e-08
  -2.0946e-08
  -2.0946e-08
  -2.0946e-08
  -2.0946e-08
  -2.0947e-08
  -2.0948e-08
  -2.0948e-08
  -2.0949e-08
  -2.0949e-08
  -2.0948e-08
  -2.0948e-08
  -2.0947e-08
  -2.0947e-08
  -2.0946e-08
  -2.0946e-08
  -2.0946e-08
  -2.0945e-08
  -2.0945e-08
  -2.0945e-08
  -2.0945e-08
  -2.0946e-08
  -2.0947e-08
  -2.0948e-08
  -2.0949e-08
  -2.0949e-08
  -2.0950e-08
  -2.0949e-08
  -2.0949e-08
  -2.0948e-08
  -2.0947e-08
  -2.0946e-08
  -2.0944e-08
  -2.0943e-08
  -2.0942e-08
  -2.0941e-08
  -2.0940e-08
  -2.0939e-08
  -2.0938e-08
  -2.0938e-08
  -2.0938e-08
  -2.0939e-08
  -2.0939e-08
  -2.0940e-08
  -2.0940e-08
  -2.0940e-08
  -2.0940e-08
  -2.0940e-08
  -2.0939e-08
  -2.0939e-08
  -2.0938e-08
  -2.0938e-08
  -2.0937e-08
  -2.0937e-08
  -2.0937e-08
  -2.0936e-08
  -2.0937e-08
  -2.0937e-08
  -2.0937e-08
  -2.0938e-08
  -2.0939e-08
  -2.0940e-08
  -2.0940e-08
  -2.0940e-08
  -2.0940e-08
  -2.0939e-08
  -2.0939e-08
  -2.0938e-08
  -2.0937e-08
  -2.0936e-08
  -2.0936e-08
  -2.0935e-08
  -2.0935e-08
  -2.0935e-08
  -2.0935e-08
  -2.0935e-08
  -2.0936e-08
  -2.0936e-08
  -2.0937e-08
  -2.0938e-08
  -2.0939e-08
  -2.0939e-08
  -2.0939e-08
  -2.0939e-08
  -2.0939e-08
  -2.0938e-08
  -2.0938e-08
  -2.0937e-08
  -2.0937e-08
  -2.0936e-08
  -2.0935e-08
  -2.0934e-08
  -2.0934e-08
  -2.0933e-08
  -2.0933e-08
  -2.0933e-08
  -2.0934e-08
  -2.0934e-08
  -2.0935e-08
  -2.0935e-08
  -2.0935e-08
  -2.0935e-08
  -2.0934e-08
  -2.0934e-08
  -2.0934e-08
  -2.0933e-08
  -2.0933e-08
  -2.0933e-08
  -2.0933e-08
  -2.0933e-08
  -2.0933e-08
  -2.0933e-08
  -2.0934e-08
  -2.0935e-08
  -2.0936e-08
  -2.0937e-08
  -2.0938e-08
  -2.0939e-08
  -2.0940e-08
  -2.0940e-08
  -2.0939e-08
  -2.0939e-08
  -2.0938e-08
  -2.0938e-08
  -2.0937e-08
  -2.0936e-08
  -2.0936e-08
  -2.0935e-08
  -2.0935e-08
  -2.0935e-08
  -2.0936e-08
  -2.0936e-08
  -2.0937e-08
  -2.0938e-08
  -2.0940e-08
  -2.0940e-08
  -2.0941e-08
  -2.0941e-08
  -2.0941e-08
  -2.0940e-08
  -2.0940e-08
  -2.0939e-08
  -2.0939e-08
  -2.0938e-08
  -2.0937e-08
  -2.0937e-08
  -2.0936e-08
  -2.0936e-08
  -2.0935e-08
  -2.0935e-08
  -2.0935e-08
  -2.0935e-08
  -2.0935e-08
  -2.0935e-08
  -2.0935e-08
  -2.0934e-08
  -2.0933e-08
  -2.0933e-08
  -2.0932e-08
  -2.0931e-08
  -2.0930e-08
  -2.0929e-08
  -2.0929e-08
  -2.0928e-08
  -2.0928e-08
  -2.0928e-08
  -2.0929e-08
  -2.0929e-08
  -2.0930e-08
  -2.0931e-08
  -2.0933e-08
  -2.0934e-08
  -2.0934e-08
  -2.0935e-08
  -2.0935e-08
  -2.0934e-08
  -2.0934e-08
  -2.0933e-08
  -2.0933e-08
  -2.0932e-08
  -2.0932e-08
  -2.0931e-08
  -2.0931e-08
  -2.0930e-08
  -2.0930e-08
  -2.0931e-08
  -2.0931e-08
  -2.0932e-08
  -2.0933e-08
  -2.0934e-08
  -2.0935e-08
  -2.0935e-08
  -2.0935e-08
  -2.0935e-08
  -2.0934e-08
  -2.0934e-08
  -2.0933e-08
  -2.0933e-08
  -2.0932e-08
  -2.0932e-08
  -2.0932e-08
  -2.0931e-08
  -2.0931e-08
  -2.0932e-08
  -2.0932e-08
  -2.0933e-08
  -2.0933e-08
  -2.0933e-08
  -2.0933e-08
  -2.0933e-08
  -2.0932e-08
  -2.0932e-08
  -2.0932e-08
  -2.0932e-08
  -2.0931e-08
  -2.0931e-08
  -2.0931e-08
  -2.0932e-08
  -2.0932e-08
  -2.0933e-08
  -2.0934e-08
  -2.0935e-08
  -2.0937e-08
  -2.0939e-08
  -2.0941e-08
  -2.0943e-08
  -2.0945e-08
  -2.0946e-08
  -2.0947e-08
  -2.0948e-08
  -2.0949e-08
  -2.0950e-08
  -2.0950e-08
  -2.0951e-08
  -2.0952e-08
  -2.0952e-08
  -2.0953e-08
  -2.0954e-08
  -2.0955e-08
  -2.0956e-08
  -2.0958e-08
  -2.0959e-08
  -2.0961e-08
  -2.0963e-08
  -2.0964e-08
  -2.0966e-08
  -2.0966e-08
  -2.0967e-08
  -2.0968e-08
  -2.0968e-08
  -2.0968e-08
  -2.0969e-08
  -2.0969e-08
  -2.0970e-08
  -2.0971e-08
  -2.0971e-08
  -2.0972e-08
  -2.0974e-08
  -2.0975e-08
  -2.0977e-08
  -2.0979e-08
  -2.0981e-08
  -2.0982e-08
  -2.0984e-08
  -2.0985e-08
  -2.0985e-08
  -2.0986e-08
  -2.0986e-08
  -2.0986e-08
  -2.0986e-08
  -2.0986e-08
  -2.0986e-08
  -2.0985e-08
  -2.0985e-08
  -2.0985e-08
  -2.0985e-08
  -2.0986e-08
  -2.0986e-08
  -2.0987e-08
  -2.0989e-08
  -2.0990e-08
  -2.0991e-08
  -2.0992e-08
  -2.0992e-08
  -2.0993e-08
  -2.0993e-08
  -2.0993e-08
  -2.0993e-08
  -2.0994e-08
  -2.0994e-08
  -2.0995e-08
  -2.0995e-08
  -2.0996e-08
  -2.0997e-08
  -2.0998e-08
  -2.1000e-08
  -2.1002e-08
  -2.1004e-08
  -2.1006e-08
  -2.1008e-08
  -2.1009e-08
  -2.1010e-08
  -2.1011e-08
  -2.1011e-08
  -2.1011e-08
  -2.1011e-08
  -2.1012e-08
  -2.1012e-08
  -2.1012e-08
  -2.1012e-08
  -2.1013e-08
  -2.1013e-08
  -2.1015e-08
  -2.1016e-08
  -2.1018e-08
  -2.1019e-08
  -2.1021e-08
  -2.1023e-08
  -2.1025e-08
  -2.1026e-08
  -2.1027e-08
  -2.1027e-08
  -2.1028e-08
  -2.1028e-08
  -2.1028e-08
  -2.1029e-08
  -2.1029e-08
  -2.1030e-08
  -2.1030e-08
  -2.1031e-08
  -2.1032e-08
  -2.1033e-08
  -2.1034e-08
  -2.1036e-08
  -2.1037e-08
  -2.1038e-08
  -2.1039e-08
  -2.1039e-08
  -2.1039e-08
  -2.1039e-08
  -2.1039e-08
  -2.1039e-08
  -2.1039e-08
  -2.1039e-08
  -2.1039e-08
  -2.1039e-08
  -2.1040e-08
  -2.1040e-08
  -2.1041e-08
  -2.1043e-08
  -2.1044e-08
  -2.1046e-08
  -2.1048e-08
  -2.1050e-08
  -2.1052e-08
  -2.1053e-08
  -2.1054e-08
  -2.1055e-08
  -2.1056e-08
  -2.1057e-08
  -2.1057e-08
  -2.1058e-08
  -2.1058e-08
  -2.1059e-08
  -2.1060e-08
  -2.1061e-08
  -2.1062e-08
  -2.1063e-08
  -2.1065e-08
  -2.1066e-08
  -2.1068e-08
  -2.1070e-08
  -2.1072e-08
  -2.1073e-08
  -2.1073e-08
  -2.1074e-08
  -2.1074e-08
  -2.1075e-08
  -2.1075e-08
  -2.1075e-08
  -2.1076e-08
  -2.1076e-08
  -2.1077e-08
  -2.1078e-08
  -2.1079e-08
  -2.1080e-08
  -2.1082e-08
  -2.1083e-08
  -2.1085e-08
  -2.1087e-08
  -2.1089e-08
  -2.1090e-08
  -2.1091e-08
  -2.1092e-08
  -2.1093e-08
  -2.1093e-08
  -2.1093e-08
  -2.1093e-08
  -2.1093e-08
  -2.1094e-08
  -2.1094e-08
  -2.1094e-08
  -2.1094e-08
  -2.1095e-08
  -2.1096e-08
  -2.1097e-08
  -2.1098e-08
  -2.1099e-08
  -2.1100e-08
  -2.1101e-08
  -2.1101e-08
  -2.1101e-08
  -2.1101e-08
  -2.1101e-08
  -2.1101e-08
  -2.1101e-08
  -2.1101e-08
  -2.1101e-08
  -2.1102e-08
  -2.1102e-08
  -2.1103e-08
  -2.1104e-08
  -2.1105e-08
  -2.1107e-08
  -2.1109e-08
  -2.1110e-08
  -2.1112e-08
  -2.1114e-08
  -2.1115e-08
  -2.1116e-08
  -2.1117e-08
  -2.1118e-08
  -2.1118e-08
  -2.1118e-08
  -2.1119e-08
  -2.1119e-08
  -2.1120e-08
  -2.1120e-08
  -2.1121e-08
  -2.1121e-08
  -2.1122e-08
  -2.1124e-08
  -2.1125e-08
  -2.1127e-08
  -2.1128e-08
  -2.1130e-08
  -2.1131e-08
  -2.1132e-08
  -2.1133e-08
  -2.1133e-08
  -2.1133e-08
  -2.1134e-08
  -2.1134e-08
  -2.1135e-08
  -2.1135e-08
  -2.1136e-08
  -2.1137e-08
  -2.1138e-08
  -2.1139e-08
  -2.1140e-08
  -2.1142e-08
  -2.1144e-08
  -2.1146e-08
  -2.1148e-08
  -2.1149e-08
  -2.1150e-08
  -2.1150e-08
  -2.1150e-08
  -2.1150e-08
  -2.1150e-08
  -2.1150e-08
  -2.1149e-08
  -2.1149e-08
  -2.1148e-08
  -2.1148e-08
  -2.1148e-08
  -2.1148e-08
  -2.1148e-08
  -2.1148e-08
  -2.1149e-08
  -2.1150e-08
  -2.1151e-08
  -2.1151e-08
  -2.1151e-08
  -2.1151e-08
  -2.1151e-08
  -2.1151e-08
  -2.1150e-08
  -2.1150e-08
  -2.1150e-08
  -2.1150e-08
  -2.1149e-08
  -2.1149e-08
  -2.1150e-08
  -2.1150e-08
  -2.1151e-08
  -2.1152e-08
  -2.1153e-08
  -2.1154e-08
  -2.1156e-08
  -2.1157e-08
  -2.1157e-08
  -2.1158e-08
  -2.1158e-08
  -2.1157e-08
  -2.1157e-08
  -2.1156e-08
  -2.1156e-08
  -2.1155e-08
  -2.1155e-08
  -2.1154e-08
  -2.1154e-08
  -2.1154e-08
  -2.1154e-08
  -2.1155e-08
  -2.1156e-08
  -2.1157e-08
  -2.1158e-08
  -2.1159e-08
  -2.1160e-08
  -2.1160e-08
  -2.1160e-08
  -2.1160e-08
  -2.1160e-08
  -2.1160e-08
  -2.1160e-08
  -2.1159e-08
  -2.1159e-08
  -2.1159e-08
  -2.1160e-08
  -2.1160e-08
  -2.1160e-08
  -2.1161e-08
  -2.1162e-08
  -2.1163e-08
  -2.1165e-08
  -2.1166e-08
  -2.1166e-08
  -2.1167e-08
  -2.1167e-08
  -2.1166e-08
  -2.1166e-08
  -2.1165e-08
  -2.1164e-08
  -2.1163e-08
  -2.1163e-08
  -2.1162e-08
  -2.1162e-08
  -2.1161e-08
  -2.1161e-08
  -2.1162e-08
  -2.1162e-08
  -2.1163e-08
  -2.1164e-08
  -2.1165e-08
  -2.1165e-08
  -2.1166e-08
  -2.1166e-08
  -2.1165e-08
  -2.1165e-08
  -2.1165e-08
  -2.1164e-08
  -2.1164e-08
  -2.1164e-08
  -2.1163e-08
  -2.1163e-08
  -2.1163e-08
  -2.1163e-08
  -2.1164e-08
  -2.1165e-08
  -2.1166e-08
  -2.1167e-08
  -2.1168e-08
  -2.1168e-08
  -2.1169e-08
  -2.1169e-08
  -2.1168e-08
  -2.1168e-08
  -2.1168e-08
  -2.1167e-08
  -2.1167e-08
  -2.1166e-08
  -2.1166e-08
  -2.1166e-08
  -2.1166e-08
  -2.1166e-08
  -2.1167e-08
  -2.1168e-08
  -2.1169e-08
  -2.1170e-08
  -2.1171e-08
  -2.1172e-08
  -2.1173e-08
  -2.1174e-08
  -2.1174e-08
  -2.1174e-08
  -2.1174e-08
  -2.1173e-08
  -2.1173e-08
  -2.1173e-08
  -2.1173e-08
  -2.1173e-08
  -2.1172e-08
  -2.1172e-08
  -2.1173e-08
  -2.1173e-08
  -2.1173e-08
  -2.1174e-08
  -2.1175e-08
  -2.1175e-08
  -2.1176e-08
  -2.1176e-08
  -2.1176e-08
  -2.1175e-08
  -2.1175e-08
  -2.1174e-08
  -2.1173e-08
  -2.1172e-08
  -2.1171e-08
  -2.1171e-08
  -2.1170e-08
  -2.1169e-08
  -2.1169e-08
  -2.1169e-08
  -2.1169e-08
  -2.1169e-08
  -2.1170e-08
  -2.1171e-08
  -2.1171e-08
  -2.1172e-08
  -2.1172e-08
  -2.1171e-08
  -2.1171e-08
  -2.1170e-08
  -2.1170e-08
  -2.1169e-08
  -2.1168e-08
  -2.1168e-08
  -2.1167e-08
  -2.1167e-08
  -2.1166e-08
  -2.1166e-08
  -2.1167e-08
  -2.1167e-08
  -2.1168e-08
  -2.1169e-08
  -2.1170e-08
  -2.1171e-08
  -2.1172e-08
  -2.1172e-08
  -2.1172e-08
  -2.1172e-08
  -2.1172e-08
  -2.1171e-08
  -2.1171e-08
  -2.1171e-08
  -2.1171e-08
  -2.1171e-08
  -2.1171e-08
  -2.1171e-08
  -2.1171e-08
  -2.1172e-08
  -2.1173e-08
  -2.1174e-08
  -2.1176e-08
  -2.1176e-08
  -2.1177e-08
  -2.1177e-08
  -2.1177e-08
  -2.1176e-08
  -2.1175e-08
  -2.1175e-08
  -2.1174e-08
  -2.1173e-08
  -2.1172e-08
  -2.1172e-08
  -2.1172e-08
  -2.1171e-08
  -2.1171e-08
  -2.1172e-08
  -2.1172e-08
  -2.1173e-08
  -2.1174e-08
  -2.1175e-08
  -2.1175e-08
  -2.1175e-08
  -2.1175e-08
  -2.1174e-08
  -2.1173e-08
  -2.1173e-08
  -2.1172e-08
  -2.1171e-08
  -2.1170e-08
  -2.1170e-08
  -2.1169e-08
  -2.1169e-08
  -2.1168e-08
  -2.1168e-08
  -2.1169e-08
  -2.1169e-08
  -2.1170e-08
  -2.1170e-08
  -2.1171e-08
  -2.1171e-08
  -2.1171e-08
  -2.1170e-08
  -2.1170e-08
  -2.1169e-08
  -2.1168e-08
  -2.1168e-08
  -2.1167e-08
  -2.1167e-08
  -2.1167e-08
  -2.1166e-08
  -2.1166e-08
  -2.1167e-08
  -2.1167e-08
  -2.1168e-08
  -2.1169e-08
  -2.1170e-08
  -2.1171e-08
  -2.1172e-08
  -2.1172e-08
  -2.1172e-08
  -2.1172e-08
  -2.1171e-08
  -2.1171e-08
  -2.1170e-08
  -2.1169e-08
  -2.1169e-08
  -2.1168e-08
  -2.1167e-08
  -2.1167e-08
  -2.1166e-08
  -2.1166e-08
  -2.1166e-08
  -2.1167e-08
  -2.1167e-08
  -2.1168e-08
  -2.1168e-08
  -2.1168e-08
  -2.1168e-08
  -2.1168e-08
  -2.1167e-08
  -2.1166e-08
  -2.1166e-08
  -2.1165e-08
  -2.1164e-08
  -2.1163e-08
  -2.1163e-08
  -2.1162e-08
  -2.1162e-08
  -2.1162e-08
  -2.1162e-08
  -2.1162e-08
  -2.1163e-08
  -2.1163e-08
  -2.1163e-08
  -2.1163e-08
  -2.1163e-08
  -2.1162e-08
  -2.1161e-08
  -2.1160e-08
  -2.1159e-08
  -2.1158e-08
  -2.1157e-08
  -2.1156e-08
  -2.1156e-08
  -2.1155e-08
  -2.1155e-08
  -2.1155e-08
  -2.1156e-08
  -2.1156e-08
  -2.1157e-08
  -2.1158e-08
  -2.1159e-08
  -2.1160e-08
  -2.1160e-08
  -2.1160e-08
  -2.1160e-08
  -2.1160e-08
  -2.1159e-08
  -2.1159e-08
  -2.1158e-08
  -2.1158e-08
  -2.1157e-08
  -2.1157e-08
  -2.1157e-08
  -2.1157e-08
  -2.1157e-08
  -2.1158e-08
  -2.1158e-08
  -2.1159e-08
  -2.1159e-08
  -2.1160e-08
  -2.1160e-08
  -2.1159e-08
  -2.1159e-08
  -2.1158e-08
  -2.1157e-08
  -2.1157e-08
  -2.1156e-08
  -2.1155e-08
  -2.1155e-08
  -2.1154e-08
  -2.1154e-08
  -2.1154e-08
  -2.1154e-08
  -2.1154e-08
  -2.1155e-08
  -2.1155e-08
  -2.1156e-08
  -2.1156e-08
  -2.1156e-08
  -2.1156e-08
  -2.1155e-08
  -2.1154e-08
  -2.1153e-08
  -2.1152e-08
  -2.1150e-08
  -2.1149e-08
  -2.1148e-08
  -2.1147e-08
  -2.1145e-08
  -2.1145e-08
  -2.1144e-08
  -2.1144e-08
  -2.1144e-08
  -2.1145e-08
  -2.1145e-08
  -2.1146e-08
  -2.1146e-08
  -2.1146e-08
  -2.1146e-08
  -2.1145e-08
  -2.1145e-08
  -2.1144e-08
  -2.1144e-08
  -2.1143e-08
  -2.1142e-08
  -2.1142e-08
  -2.1141e-08
  -2.1141e-08
  -2.1141e-08
  -2.1141e-08
  -2.1142e-08
  -2.1142e-08
  -2.1143e-08
  -2.1144e-08
  -2.1144e-08
  -2.1144e-08
  -2.1144e-08
  -2.1143e-08
  -2.1143e-08
  -2.1142e-08
  -2.1141e-08
  -2.1141e-08
  -2.1140e-08
  -2.1140e-08
  -2.1140e-08
  -2.1140e-08
  -2.1140e-08
  -2.1140e-08
  -2.1141e-08
  -2.1142e-08
  -2.1144e-08
  -2.1145e-08
  -2.1146e-08
  -2.1146e-08
  -2.1147e-08
  -2.1147e-08
  -2.1146e-08
  -2.1146e-08
  -2.1145e-08
  -2.1145e-08
  -2.1144e-08
  -2.1143e-08
  -2.1143e-08
  -2.1142e-08
  -2.1142e-08
  -2.1142e-08
  -2.1142e-08
  -2.1143e-08
  -2.1143e-08
  -2.1144e-08
  -2.1144e-08
  -2.1145e-08
  -2.1144e-08
  -2.1144e-08
  -2.1144e-08
  -2.1143e-08
  -2.1143e-08
  -2.1143e-08
  -2.1143e-08
  -2.1142e-08
  -2.1142e-08
  -2.1143e-08
  -2.1143e-08
  -2.1144e-08
  -2.1145e-08
  -2.1146e-08
  -2.1147e-08
  -2.1149e-08
  -2.1150e-08
  -2.1151e-08
  -2.1151e-08
  -2.1151e-08
  -2.1151e-08
  -2.1151e-08
  -2.1151e-08
  -2.1150e-08
  -2.1150e-08
  -2.1150e-08
  -2.1150e-08
  -2.1149e-08
  -2.1149e-08
  -2.1150e-08
  -2.1150e-08
  -2.1151e-08
  -2.1152e-08
  -2.1153e-08
  -2.1154e-08
  -2.1154e-08
  -2.1154e-08
  -2.1154e-08
  -2.1154e-08
  -2.1154e-08
  -2.1153e-08
  -2.1153e-08
  -2.1152e-08
  -2.1152e-08
  -2.1152e-08
  -2.1151e-08
  -2.1151e-08
  -2.1151e-08
  -2.1151e-08
  -2.1152e-08
  -2.1153e-08
  -2.1153e-08
  -2.1154e-08
  -2.1154e-08
  -2.1154e-08
  -2.1153e-08
  -2.1153e-08
  -2.1152e-08
  -2.1151e-08
  -2.1150e-08
  -2.1149e-08
  -2.1149e-08
  -2.1148e-08
  -2.1148e-08
  -2.1148e-08
  -2.1148e-08
  -2.1148e-08
  -2.1149e-08
  -2.1150e-08
  -2.1152e-08
  -2.1153e-08
  -2.1153e-08
  -2.1153e-08
  -2.1154e-08
  -2.1153e-08
  -2.1153e-08
  -2.1153e-08
  -2.1153e-08
  -2.1152e-08
  -2.1152e-08
  -2.1152e-08
  -2.1152e-08
  -2.1152e-08
  -2.1153e-08
  -2.1153e-08
  -2.1154e-08
  -2.1155e-08
  -2.1156e-08
  -2.1157e-08
  -2.1158e-08
  -2.1157e-08
  -2.1157e-08
  -2.1157e-08
  -2.1157e-08
  -2.1157e-08
  -2.1156e-08
  -2.1156e-08
  -2.1156e-08
  -2.1156e-08
  -2.1157e-08
  -2.1157e-08
  -2.1158e-08
  -2.1159e-08
  -2.1160e-08
  -2.1161e-08
  -2.1162e-08
  -2.1163e-08
  -2.1163e-08
  -2.1163e-08
  -2.1163e-08
  -2.1163e-08
  -2.1163e-08
  -2.1162e-08
  -2.1162e-08
  -2.1162e-08
  -2.1162e-08
  -2.1162e-08
  -2.1162e-08
  -2.1162e-08
  -2.1163e-08
  -2.1164e-08
  -2.1165e-08
  -2.1167e-08
  -2.1168e-08
  -2.1169e-08
  -2.1170e-08
  -2.1171e-08
  -2.1171e-08
  -2.1172e-08
  -2.1172e-08
  -2.1172e-08
  -2.1171e-08
  -2.1172e-08
  -2.1172e-08
  -2.1172e-08
  -2.1172e-08
  -2.1173e-08
  -2.1174e-08
  -2.1175e-08
  -2.1176e-08
  -2.1178e-08
  -2.1180e-08
  -2.1181e-08
  -2.1183e-08
  -2.1184e-08
  -2.1185e-08
  -2.1185e-08
  -2.1186e-08
  -2.1186e-08
  -2.1186e-08
  -2.1186e-08
  -2.1186e-08
  -2.1187e-08
  -2.1187e-08
  -2.1187e-08
  -2.1188e-08
  -2.1188e-08
  -2.1189e-08
  -2.1190e-08
  -2.1191e-08
  -2.1192e-08
  -2.1193e-08
  -2.1193e-08
  -2.1193e-08
  -2.1193e-08
  -2.1193e-08
  -2.1192e-08
  -2.1191e-08
  -2.1191e-08
  -2.1190e-08
  -2.1190e-08
  -2.1190e-08
  -2.1190e-08
  -2.1190e-08
  -2.1191e-08
  -2.1192e-08
  -2.1193e-08
  -2.1195e-08
  -2.1196e-08
  -2.1198e-08
  -2.1199e-08
  -2.1200e-08
  -2.1200e-08
  -2.1201e-08
  -2.1201e-08
  -2.1201e-08
  -2.1201e-08
  -2.1201e-08
  -2.1201e-08
  -2.1201e-08
  -2.1202e-08
  -2.1202e-08
  -2.1203e-08
  -2.1203e-08
  -2.1204e-08
  -2.1205e-08
  -2.1207e-08
  -2.1208e-08
  -2.1209e-08
  -2.1210e-08
  -2.1210e-08
  -2.1210e-08
  -2.1210e-08
  -2.1210e-08
  -2.1210e-08
  -2.1210e-08
  -2.1211e-08
  -2.1211e-08
  -2.1211e-08
  -2.1211e-08
  -2.1212e-08
  -2.1213e-08
  -2.1214e-08
  -2.1215e-08
  -2.1217e-08
  -2.1218e-08
  -2.1219e-08
  -2.1220e-08
  -2.1220e-08
  -2.1220e-08
  -2.1220e-08
  -2.1220e-08
  -2.1219e-08
  -2.1219e-08
  -2.1219e-08
  -2.1218e-08
  -2.1218e-08
  -2.1218e-08
  -2.1218e-08
  -2.1218e-08
  -2.1219e-08
  -2.1220e-08
  -2.1221e-08
  -2.1222e-08
  -2.1224e-08
  -2.1225e-08
  -2.1226e-08
  -2.1226e-08
  -2.1227e-08
  -2.1227e-08
  -2.1227e-08
  -2.1228e-08
  -2.1228e-08
  -2.1228e-08
  -2.1229e-08
  -2.1229e-08
  -2.1230e-08
  -2.1231e-08
  -2.1232e-08
  -2.1233e-08
  -2.1235e-08
  -2.1236e-08
  -2.1238e-08
  -2.1239e-08
  -2.1240e-08
  -2.1241e-08
  -2.1241e-08
  -2.1241e-08
  -2.1241e-08
  -2.1241e-08
  -2.1241e-08
  -2.1241e-08
  -2.1241e-08
  -2.1241e-08
  -2.1241e-08
  -2.1241e-08
  -2.1242e-08
  -2.1243e-08
  -2.1244e-08
  -2.1245e-08
  -2.1247e-08
  -2.1249e-08
  -2.1250e-08
  -2.1251e-08
  -2.1251e-08
  -2.1252e-08
  -2.1252e-08
  -2.1252e-08
  -2.1252e-08
  -2.1252e-08
  -2.1252e-08
  -2.1252e-08
  -2.1252e-08
  -2.1252e-08
  -2.1252e-08
  -2.1253e-08
  -2.1253e-08
  -2.1254e-08
  -2.1256e-08
  -2.1257e-08
  -2.1257e-08
  -2.1258e-08
  -2.1258e-08
  -2.1258e-08
  -2.1258e-08
  -2.1258e-08
  -2.1257e-08
  -2.1257e-08
  -2.1257e-08
  -2.1257e-08
  -2.1257e-08
  -2.1257e-08
  -2.1258e-08
  -2.1259e-08
  -2.1260e-08
  -2.1261e-08
  -2.1263e-08
  -2.1264e-08
  -2.1266e-08
  -2.1267e-08
  -2.1268e-08
  -2.1269e-08
  -2.1269e-08
  -2.1270e-08
  -2.1270e-08
  -2.1270e-08
  -2.1270e-08
  -2.1270e-08
  -2.1271e-08
  -2.1271e-08
  -2.1272e-08
  -2.1272e-08
  -2.1273e-08
  -2.1275e-08
  -2.1276e-08
  -2.1277e-08
  -2.1279e-08
  -2.1280e-08
  -2.1280e-08
  -2.1281e-08
  -2.1281e-08
  -2.1281e-08
  -2.1280e-08
  -2.1280e-08
  -2.1280e-08
  -2.1280e-08
  -2.1280e-08
  -2.1280e-08
  -2.1281e-08
  -2.1281e-08
  -2.1282e-08
  -2.1283e-08
  -2.1284e-08
  -2.1285e-08
  -2.1286e-08
  -2.1287e-08
  -2.1288e-08
  -2.1288e-08
  -2.1288e-08
  -2.1288e-08
  -2.1288e-08
  -2.1287e-08
  -2.1287e-08
  -2.1286e-08
  -2.1286e-08
  -2.1286e-08
  -2.1286e-08
  -2.1286e-08
  -2.1286e-08
  -2.1287e-08
  -2.1288e-08
  -2.1289e-08
  -2.1290e-08
  -2.1291e-08
  -2.1292e-08
  -2.1292e-08
  -2.1293e-08
  -2.1293e-08
  -2.1293e-08
  -2.1293e-08
  -2.1293e-08
  -2.1293e-08
  -2.1293e-08
  -2.1293e-08
  -2.1294e-08
  -2.1294e-08
  -2.1295e-08
  -2.1296e-08
  -2.1297e-08
  -2.1298e-08
  -2.1300e-08
  -2.1301e-08
  -2.1302e-08
  -2.1303e-08
  -2.1304e-08
  -2.1304e-08
  -2.1304e-08
  -2.1304e-08
  -2.1304e-08
  -2.1304e-08
  -2.1303e-08
  -2.1303e-08
  -2.1303e-08
  -2.1303e-08
  -2.1303e-08
  -2.1303e-08
  -2.1304e-08
  -2.1305e-08
  -2.1306e-08
  -2.1307e-08
  -2.1308e-08
  -2.1309e-08
  -2.1309e-08
  -2.1309e-08
  -2.1309e-08
  -2.1309e-08
  -2.1309e-08
  -2.1309e-08
  -2.1308e-08
  -2.1308e-08
  -2.1308e-08
  -2.1308e-08
  -2.1308e-08
  -2.1308e-08
  -2.1308e-08
  -2.1309e-08
  -2.1310e-08
  -2.1311e-08
  -2.1312e-08
  -2.1312e-08
  -2.1312e-08
  -2.1312e-08
  -2.1311e-08
  -2.1310e-08
  -2.1310e-08
  -2.1309e-08
  -2.1308e-08
  -2.1308e-08
  -2.1307e-08
  -2.1307e-08
  -2.1307e-08
  -2.1308e-08
  -2.1308e-08
  -2.1309e-08
  -2.1311e-08
  -2.1312e-08
  -2.1313e-08
  -2.1315e-08
  -2.1315e-08
  -2.1316e-08
  -2.1316e-08
  -2.1316e-08
  -2.1316e-08
  -2.1316e-08
  -2.1316e-08
  -2.1316e-08
  -2.1316e-08
  -2.1316e-08
  -2.1316e-08
  -2.1317e-08
  -2.1317e-08
  -2.1318e-08
  -2.1319e-08
  -2.1320e-08
  -2.1321e-08
  -2.1322e-08
  -2.1322e-08
  -2.1323e-08
  -2.1322e-08
  -2.1322e-08
  -2.1322e-08
  -2.1322e-08
  -2.1321e-08
  -2.1321e-08
  -2.1321e-08
  -2.1321e-08
  -2.1321e-08
  -2.1322e-08
  -2.1322e-08
  -2.1323e-08
  -2.1325e-08
  -2.1326e-08
  -2.1327e-08
  -2.1328e-08
  -2.1329e-08
