  -2.0001e-08
  -1.9743e-08
  -1.9743e-08
  -1.9740e-08
  -1.9737e-08
  -1.9735e-08
  -1.9733e-08
  -1.9733e-08
  -1.9732e-08
  -1.9732e-08
  -1.9731e-08
  -1.9731e-08
  -1.9730e-08
  -1.9730e-08
  -1.9729e-08
  -1.9734e-08
  -1.9716e-08
  -1.9717e-08
  -1.9718e-08
  -1.9718e-08
  -1.9718e-08
  -1.9716e-08
  -1.9713e-08
  -1.9711e-08
  -1.9710e-08
  -1.9710e-08
  -1.9709e-08
  -1.9709e-08
  -1.9709e-08
  -1.9709e-08
  -1.9709e-08
  -1.9708e-08
  -1.9708e-08
  -1.9708e-08
  -1.9708e-08
  -1.9707e-08
  -1.9707e-08
  -1.9707e-08
  -1.9707e-08
  -1.9705e-08
  -1.9704e-08
  -1.9704e-08
  -1.9704e-08
  -1.9705e-08
  -1.9704e-08
  -1.9702e-08
  -1.9699e-08
  -1.9697e-08
  -1.9697e-08
  -1.9696e-08
  -1.9696e-08
  -1.9696e-08
  -1.9696e-08
  -1.9696e-08
  -1.9695e-08
  -1.9695e-08
  -1.9695e-08
  -1.9695e-08
  -1.9695e-08
  -1.9695e-08
  -1.9695e-08
  -1.9695e-08
  -1.9695e-08
  -1.9694e-08
  -1.9694e-08
  -1.9694e-08
  -1.9694e-08
  -1.9694e-08
  -1.9693e-08
  -1.9693e-08
  -1.9693e-08
  -1.9692e-08
  -1.9692e-08
  -1.9692e-08
  -1.9692e-08
  -1.9692e-08
  -1.9693e-08
  -1.9692e-08
  -1.9689e-08
  -1.9686e-08
  -1.9685e-08
  -1.9684e-08
  -1.9684e-08
  -1.9684e-08
  -1.9684e-08
  -1.9684e-08
  -1.9683e-08
  -1.9683e-08
  -1.9683e-08
  -1.9683e-08
  -1.9683e-08
  -1.9683e-08
  -1.9683e-08
  -1.9683e-08
  -1.9683e-08
  -1.9683e-08
  -1.9683e-08
  -1.9682e-08
  -1.9682e-08
  -1.9682e-08
  -1.9682e-08
