  -2.0001e-08
  -2.0001e-08
  -1.9998e-08
  -1.9997e-08
  -1.9997e-08
  -1.9997e-08
  -1.9999e-08
  -2.0001e-08
  -1.9996e-08
  -1.9994e-08
  -1.9992e-08
  -1.9990e-08
  -1.9989e-08
  -1.9987e-08
  -1.9985e-08
  -1.9983e-08
  -1.9981e-08
  -1.9978e-08
  -1.9975e-08
  -1.9973e-08
  -1.9970e-08
  -1.9967e-08
  -1.9963e-08
  -1.9960e-08
  -1.9956e-08
  -1.9953e-08
  -1.9949e-08
  -1.9945e-08
  -1.9941e-08
  -1.9936e-08
  -1.9932e-08
  -1.9928e-08
  -1.9923e-08
  -1.9918e-08
  -1.9913e-08
  -1.9909e-08
  -1.9904e-08
  -1.9899e-08
  -1.9894e-08
  -1.9888e-08
  -1.9883e-08
  -1.9878e-08
  -1.9872e-08
  -1.9867e-08
  -1.9862e-08
  -1.9856e-08
  -1.9850e-08
  -1.9845e-08
  -1.9839e-08
  -1.9833e-08
  -1.9828e-08
  -1.9822e-08
  -1.9816e-08
  -1.9810e-08
  -1.9805e-08
  -1.9799e-08
  -1.9793e-08
  -1.9787e-08
  -1.9781e-08
  -1.9775e-08
  -1.9769e-08
  -1.9763e-08
  -1.9757e-08
  -1.9751e-08
  -1.9745e-08
  -1.9740e-08
  -1.9734e-08
  -1.9728e-08
  -1.9722e-08
  -1.9716e-08
  -1.9710e-08
  -1.9704e-08
  -1.9698e-08
  -1.9692e-08
  -1.9686e-08
  -1.9680e-08
  -1.9674e-08
  -1.9668e-08
  -1.9663e-08
  -1.9657e-08
  -1.9651e-08
  -1.9645e-08
  -1.9639e-08
  -1.9633e-08
  -1.9628e-08
  -1.9622e-08
  -1.9616e-08
  -1.9611e-08
  -1.9605e-08
  -1.9599e-08
  -1.9593e-08
  -1.9588e-08
  -1.9582e-08
  -1.9577e-08
  -1.9571e-08
  -1.9566e-08
  -1.9560e-08
  -1.9555e-08
  -1.9549e-08
  -1.9544e-08
  -1.9538e-08
  -1.9533e-08
  -1.9528e-08
  -1.9522e-08
  -1.9517e-08
  -1.9512e-08
  -1.9506e-08
  -1.9501e-08
  -1.9496e-08
  -1.9491e-08
  -1.9486e-08
  -1.9480e-08
  -1.9475e-08
  -1.9470e-08
  -1.9465e-08
  -1.9460e-08
  -1.9455e-08
  -1.9450e-08
  -1.9445e-08
  -1.9440e-08
  -1.9435e-08
  -1.9431e-08
  -1.9426e-08
  -1.9421e-08
  -1.9416e-08
  -1.9411e-08
  -1.9407e-08
  -1.9402e-08
  -1.9397e-08
  -1.9392e-08
  -1.9387e-08
  -1.9382e-08
  -1.9376e-08
  -1.9371e-08
  -1.9366e-08
  -1.9361e-08
  -1.9356e-08
  -1.9351e-08
  -1.9346e-08
  -1.9341e-08
  -1.9335e-08
  -1.9330e-08
  -1.9325e-08
  -1.9320e-08
  -1.9315e-08
  -1.9310e-08
  -1.9305e-08
  -1.9300e-08
  -1.9295e-08
  -1.9290e-08
  -1.9285e-08
  -1.9280e-08
  -1.9275e-08
  -1.9270e-08
  -1.9266e-08
  -1.9261e-08
  -1.9256e-08
  -1.9251e-08
  -1.9246e-08
  -1.9241e-08
  -1.9236e-08
  -1.9231e-08
  -1.9226e-08
  -1.9222e-08
  -1.9217e-08
  -1.9212e-08
  -1.9207e-08
  -1.9202e-08
  -1.9197e-08
  -1.9193e-08
  -1.9188e-08
  -1.9183e-08
  -1.9178e-08
  -1.9174e-08
  -1.9169e-08
  -1.9164e-08
  -1.9159e-08
  -1.9155e-08
  -1.9150e-08
  -1.9145e-08
  -1.9140e-08
  -1.9136e-08
  -1.9131e-08
  -1.9126e-08
  -1.9122e-08
  -1.9117e-08
  -1.9112e-08
  -1.9107e-08
  -1.9103e-08
  -1.9098e-08
  -1.9093e-08
  -1.9089e-08
  -1.9084e-08
  -1.9079e-08
  -1.9075e-08
  -1.9070e-08
  -1.9066e-08
  -1.9061e-08
  -1.9056e-08
  -1.9052e-08
  -1.9047e-08
  -1.9042e-08
  -1.9038e-08
  -1.9033e-08
  -1.9029e-08
  -1.9024e-08
  -1.9019e-08
  -1.9015e-08
  -1.9010e-08
  -1.9005e-08
  -1.9001e-08
  -1.8996e-08
  -1.8992e-08
  -1.8987e-08
  -1.8982e-08
  -1.8978e-08
  -1.8973e-08
  -1.8969e-08
  -1.8964e-08
  -1.8960e-08
  -1.8955e-08
  -1.8950e-08
  -1.8946e-08
  -1.8941e-08
  -1.8937e-08
  -1.8932e-08
  -1.8927e-08
  -1.8923e-08
  -1.8918e-08
  -1.8914e-08
  -1.8909e-08
  -1.8905e-08
  -1.8900e-08
  -1.8895e-08
  -1.8891e-08
  -1.8886e-08
  -1.8882e-08
  -1.8877e-08
  -1.8873e-08
  -1.8868e-08
  -1.8863e-08
  -1.8859e-08
  -1.8854e-08
  -1.8850e-08
  -1.8845e-08
  -1.8840e-08
  -1.8836e-08
  -1.8831e-08
  -1.8827e-08
  -1.8822e-08
  -1.8817e-08
  -1.8813e-08
  -1.8808e-08
  -1.8804e-08
  -1.8799e-08
  -1.8794e-08
  -1.8790e-08
  -1.8786e-08
  -1.8781e-08
  -1.8777e-08
  -1.8773e-08
  -1.8768e-08
  -1.8764e-08
  -1.8760e-08
  -1.8755e-08
  -1.8751e-08
  -1.8747e-08
  -1.8743e-08
  -1.8738e-08
  -1.8734e-08
  -1.8730e-08
  -1.8725e-08
  -1.8721e-08
  -1.8717e-08
  -1.8712e-08
  -1.8708e-08
  -1.8704e-08
  -1.8699e-08
  -1.8695e-08
  -1.8691e-08
  -1.8686e-08
  -1.8682e-08
  -1.8677e-08
  -1.8673e-08
  -1.8669e-08
  -1.8664e-08
  -1.8660e-08
  -1.8656e-08
  -1.8651e-08
  -1.8647e-08
  -1.8642e-08
  -1.8638e-08
  -1.8634e-08
  -1.8629e-08
  -1.8625e-08
  -1.8620e-08
  -1.8616e-08
  -1.8611e-08
  -1.8607e-08
  -1.8603e-08
  -1.8598e-08
  -1.8594e-08
  -1.8589e-08
  -1.8585e-08
  -1.8580e-08
  -1.8576e-08
  -1.8571e-08
  -1.8567e-08
  -1.8562e-08
  -1.8558e-08
  -1.8553e-08
  -1.8549e-08
  -1.8544e-08
  -1.8540e-08
  -1.8535e-08
  -1.8531e-08
  -1.8526e-08
  -1.8522e-08
  -1.8517e-08
  -1.8513e-08
  -1.8508e-08
  -1.8503e-08
  -1.8499e-08
  -1.8494e-08
  -1.8489e-08
  -1.8485e-08
  -1.8480e-08
  -1.8475e-08
  -1.8471e-08
  -1.8466e-08
  -1.8461e-08
  -1.8457e-08
  -1.8452e-08
  -1.8447e-08
  -1.8443e-08
  -1.8438e-08
  -1.8433e-08
  -1.8429e-08
  -1.8424e-08
  -1.8419e-08
  -1.8414e-08
  -1.8410e-08
  -1.8405e-08
  -1.8400e-08
  -1.8395e-08
  -1.8391e-08
  -1.8386e-08
  -1.8381e-08
  -1.8376e-08
  -1.8371e-08
  -1.8367e-08
  -1.8362e-08
  -1.8357e-08
  -1.8352e-08
  -1.8347e-08
  -1.8342e-08
  -1.8337e-08
  -1.8333e-08
  -1.8328e-08
  -1.8323e-08
  -1.8318e-08
  -1.8313e-08
  -1.8308e-08
  -1.8303e-08
  -1.8298e-08
  -1.8293e-08
  -1.8289e-08
  -1.8284e-08
  -1.8279e-08
  -1.8274e-08
  -1.8269e-08
  -1.8264e-08
  -1.8259e-08
  -1.8254e-08
  -1.8249e-08
  -1.8244e-08
  -1.8239e-08
  -1.8234e-08
  -1.8229e-08
  -1.8224e-08
  -1.8219e-08
  -1.8214e-08
  -1.8209e-08
  -1.8204e-08
  -1.8199e-08
  -1.8194e-08
  -1.8189e-08
  -1.8184e-08
  -1.8179e-08
  -1.8174e-08
  -1.8169e-08
  -1.8164e-08
  -1.8159e-08
  -1.8154e-08
  -1.8149e-08
  -1.8144e-08
  -1.8140e-08
  -1.8135e-08
  -1.8130e-08
  -1.8125e-08
  -1.8120e-08
  -1.8115e-08
  -1.8110e-08
  -1.8105e-08
  -1.8099e-08
  -1.8094e-08
  -1.8089e-08
  -1.8084e-08
  -1.8079e-08
  -1.8074e-08
  -1.8069e-08
  -1.8064e-08
  -1.8059e-08
  -1.8054e-08
  -1.8049e-08
  -1.8044e-08
  -1.8039e-08
  -1.8033e-08
  -1.8028e-08
  -1.8023e-08
  -1.8018e-08
  -1.8013e-08
  -1.8008e-08
  -1.8002e-08
  -1.7997e-08
  -1.7992e-08
  -1.7987e-08
  -1.7982e-08
  -1.7976e-08
  -1.7971e-08
  -1.7966e-08
  -1.7961e-08
  -1.7955e-08
  -1.7950e-08
  -1.7945e-08
  -1.7940e-08
  -1.7934e-08
  -1.7929e-08
  -1.7924e-08
  -1.7918e-08
  -1.7913e-08
  -1.7908e-08
  -1.7902e-08
  -1.7897e-08
  -1.7892e-08
  -1.7886e-08
  -1.7881e-08
  -1.7876e-08
  -1.7870e-08
  -1.7865e-08
  -1.7859e-08
  -1.7854e-08
  -1.7848e-08
  -1.7843e-08
  -1.7838e-08
  -1.7832e-08
  -1.7827e-08
  -1.7821e-08
  -1.7816e-08
  -1.7810e-08
  -1.7805e-08
  -1.7799e-08
  -1.7794e-08
  -1.7788e-08
  -1.7783e-08
  -1.7777e-08
  -1.7772e-08
  -1.7766e-08
  -1.7761e-08
  -1.7755e-08
  -1.7749e-08
  -1.7744e-08
  -1.7738e-08
  -1.7733e-08
  -1.7727e-08
  -1.7721e-08
  -1.7716e-08
  -1.7710e-08
  -1.7705e-08
  -1.7699e-08
  -1.7693e-08
  -1.7688e-08
  -1.7682e-08
  -1.7676e-08
  -1.7671e-08
  -1.7665e-08
  -1.7659e-08
  -1.7653e-08
  -1.7648e-08
  -1.7642e-08
  -1.7636e-08
  -1.7631e-08
  -1.7625e-08
  -1.7619e-08
  -1.7613e-08
  -1.7607e-08
  -1.7602e-08
  -1.7596e-08
  -1.7590e-08
  -1.7584e-08
  -1.7578e-08
  -1.7573e-08
  -1.7567e-08
  -1.7561e-08
  -1.7555e-08
  -1.7549e-08
  -1.7543e-08
  -1.7537e-08
  -1.7532e-08
  -1.7526e-08
  -1.7520e-08
  -1.7514e-08
  -1.7508e-08
  -1.7502e-08
  -1.7496e-08
  -1.7491e-08
  -1.7485e-08
  -1.7479e-08
  -1.7473e-08
  -1.7468e-08
  -1.7462e-08
  -1.7456e-08
  -1.7450e-08
  -1.7444e-08
  -1.7439e-08
  -1.7433e-08
  -1.7427e-08
  -1.7421e-08
  -1.7415e-08
  -1.7409e-08
  -1.7404e-08
  -1.7398e-08
  -1.7392e-08
  -1.7386e-08
  -1.7380e-08
  -1.7374e-08
  -1.7368e-08
  -1.7362e-08
  -1.7356e-08
  -1.7350e-08
  -1.7345e-08
  -1.7339e-08
  -1.7333e-08
  -1.7327e-08
  -1.7321e-08
  -1.7315e-08
  -1.7309e-08
  -1.7303e-08
  -1.7297e-08
  -1.7291e-08
  -1.7285e-08
  -1.7279e-08
  -1.7273e-08
  -1.7266e-08
  -1.7260e-08
  -1.7254e-08
  -1.7248e-08
  -1.7242e-08
  -1.7236e-08
  -1.7230e-08
  -1.7224e-08
  -1.7218e-08
  -1.7212e-08
  -1.7206e-08
  -1.7199e-08
  -1.7193e-08
  -1.7187e-08
  -1.7181e-08
  -1.7175e-08
  -1.7169e-08
  -1.7162e-08
  -1.7156e-08
  -1.7150e-08
  -1.7144e-08
  -1.7138e-08
  -1.7131e-08
  -1.7125e-08
  -1.7119e-08
  -1.7113e-08
  -1.7106e-08
  -1.7100e-08
  -1.7094e-08
  -1.7088e-08
  -1.7081e-08
  -1.7075e-08
  -1.7069e-08
  -1.7062e-08
  -1.7056e-08
  -1.7050e-08
  -1.7043e-08
  -1.7037e-08
  -1.7031e-08
  -1.7024e-08
  -1.7018e-08
  -1.7012e-08
  -1.7005e-08
  -1.6999e-08
  -1.6992e-08
  -1.6986e-08
  -1.6980e-08
  -1.6973e-08
  -1.6967e-08
  -1.6960e-08
  -1.6954e-08
  -1.6947e-08
  -1.6941e-08
  -1.6935e-08
  -1.6928e-08
  -1.6922e-08
  -1.6915e-08
  -1.6909e-08
  -1.6902e-08
  -1.6896e-08
  -1.6889e-08
  -1.6883e-08
  -1.6876e-08
  -1.6870e-08
  -1.6863e-08
  -1.6856e-08
  -1.6850e-08
  -1.6843e-08
  -1.6837e-08
  -1.6830e-08
  -1.6824e-08
  -1.6817e-08
  -1.6810e-08
  -1.6804e-08
  -1.6797e-08
  -1.6791e-08
  -1.6784e-08
  -1.6777e-08
  -1.6771e-08
  -1.6764e-08
  -1.6757e-08
  -1.6751e-08
  -1.6744e-08
  -1.6737e-08
  -1.6731e-08
  -1.6724e-08
  -1.6717e-08
  -1.6710e-08
  -1.6704e-08
  -1.6697e-08
  -1.6691e-08
  -1.6684e-08
  -1.6678e-08
  -1.6671e-08
  -1.6664e-08
  -1.6658e-08
  -1.6651e-08
  -1.6645e-08
  -1.6638e-08
  -1.6631e-08
  -1.6625e-08
  -1.6618e-08
  -1.6611e-08
  -1.6605e-08
  -1.6598e-08
  -1.6591e-08
  -1.6585e-08
  -1.6578e-08
  -1.6571e-08
  -1.6565e-08
  -1.6558e-08
  -1.6551e-08
  -1.6544e-08
  -1.6538e-08
  -1.6531e-08
  -1.6524e-08
  -1.6517e-08
  -1.6511e-08
  -1.6504e-08
  -1.6497e-08
  -1.6490e-08
  -1.6483e-08
  -1.6477e-08
  -1.6470e-08
  -1.6463e-08
  -1.6456e-08
  -1.6449e-08
  -1.6443e-08
  -1.6436e-08
  -1.6429e-08
  -1.6422e-08
  -1.6415e-08
  -1.6408e-08
  -1.6401e-08
  -1.6395e-08
  -1.6388e-08
  -1.6381e-08
  -1.6374e-08
  -1.6367e-08
  -1.6360e-08
  -1.6353e-08
  -1.6346e-08
  -1.6339e-08
  -1.6332e-08
  -1.6325e-08
  -1.6318e-08
  -1.6312e-08
  -1.6305e-08
  -1.6298e-08
  -1.6291e-08
  -1.6284e-08
  -1.6277e-08
  -1.6270e-08
  -1.6263e-08
  -1.6256e-08
  -1.6249e-08
  -1.6242e-08
  -1.6235e-08
  -1.6228e-08
  -1.6220e-08
  -1.6213e-08
  -1.6206e-08
  -1.6199e-08
  -1.6192e-08
  -1.6185e-08
  -1.6178e-08
  -1.6171e-08
  -1.6164e-08
  -1.6157e-08
  -1.6150e-08
  -1.6143e-08
  -1.6136e-08
  -1.6128e-08
  -1.6121e-08
  -1.6114e-08
  -1.6107e-08
  -1.6100e-08
  -1.6093e-08
  -1.6086e-08
  -1.6078e-08
  -1.6071e-08
  -1.6064e-08
  -1.6057e-08
  -1.6050e-08
  -1.6042e-08
  -1.6035e-08
  -1.6028e-08
  -1.6021e-08
  -1.6014e-08
  -1.6006e-08
  -1.5999e-08
  -1.5992e-08
  -1.5985e-08
  -1.5977e-08
  -1.5970e-08
  -1.5963e-08
  -1.5956e-08
  -1.5948e-08
  -1.5941e-08
  -1.5934e-08
  -1.5927e-08
  -1.5919e-08
  -1.5912e-08
  -1.5905e-08
  -1.5897e-08
  -1.5890e-08
  -1.5883e-08
  -1.5875e-08
  -1.5868e-08
  -1.5861e-08
  -1.5853e-08
  -1.5846e-08
  -1.5839e-08
  -1.5831e-08
  -1.5824e-08
  -1.5817e-08
  -1.5809e-08
  -1.5802e-08
  -1.5795e-08
  -1.5788e-08
  -1.5780e-08
  -1.5773e-08
  -1.5766e-08
  -1.5759e-08
  -1.5751e-08
  -1.5744e-08
  -1.5737e-08
  -1.5729e-08
  -1.5722e-08
  -1.5715e-08
  -1.5707e-08
  -1.5700e-08
  -1.5693e-08
  -1.5685e-08
  -1.5678e-08
  -1.5671e-08
  -1.5663e-08
  -1.5656e-08
  -1.5649e-08
  -1.5641e-08
  -1.5634e-08
  -1.5627e-08
  -1.5619e-08
  -1.5612e-08
  -1.5604e-08
  -1.5597e-08
  -1.5590e-08
  -1.5582e-08
  -1.5575e-08
  -1.5567e-08
  -1.5560e-08
  -1.5553e-08
  -1.5545e-08
  -1.5538e-08
  -1.5530e-08
  -1.5523e-08
  -1.5515e-08
  -1.5508e-08
  -1.5500e-08
  -1.5493e-08
  -1.5485e-08
  -1.5478e-08
  -1.5471e-08
  -1.5463e-08
  -1.5456e-08
  -1.5448e-08
  -1.5441e-08
  -1.5433e-08
  -1.5426e-08
  -1.5418e-08
  -1.5410e-08
  -1.5403e-08
  -1.5395e-08
  -1.5388e-08
  -1.5380e-08
  -1.5373e-08
  -1.5365e-08
  -1.5358e-08
  -1.5350e-08
  -1.5343e-08
  -1.5335e-08
  -1.5327e-08
  -1.5320e-08
  -1.5312e-08
  -1.5305e-08
  -1.5297e-08
  -1.5289e-08
  -1.5282e-08
  -1.5274e-08
  -1.5267e-08
  -1.5259e-08
  -1.5251e-08
  -1.5244e-08
  -1.5236e-08
  -1.5229e-08
  -1.5221e-08
  -1.5213e-08
  -1.5206e-08
  -1.5198e-08
  -1.5190e-08
  -1.5183e-08
  -1.5175e-08
  -1.5167e-08
  -1.5160e-08
  -1.5152e-08
  -1.5144e-08
  -1.5137e-08
  -1.5129e-08
  -1.5121e-08
  -1.5113e-08
  -1.5106e-08
  -1.5098e-08
  -1.5090e-08
  -1.5083e-08
  -1.5075e-08
  -1.5067e-08
  -1.5059e-08
  -1.5052e-08
  -1.5044e-08
  -1.5036e-08
  -1.5028e-08
  -1.5021e-08
  -1.5013e-08
  -1.5005e-08
  -1.4997e-08
  -1.4990e-08
  -1.4982e-08
  -1.4974e-08
  -1.4966e-08
  -1.4959e-08
  -1.4951e-08
  -1.4943e-08
  -1.4935e-08
  -1.4927e-08
  -1.4920e-08
  -1.4912e-08
  -1.4904e-08
  -1.4896e-08
  -1.4888e-08
  -1.4881e-08
  -1.4873e-08
  -1.4865e-08
  -1.4857e-08
  -1.4849e-08
  -1.4841e-08
  -1.4834e-08
  -1.4826e-08
  -1.4818e-08
  -1.4810e-08
  -1.4803e-08
  -1.4795e-08
  -1.4787e-08
  -1.4779e-08
  -1.4772e-08
  -1.4764e-08
  -1.4756e-08
  -1.4748e-08
  -1.4741e-08
  -1.4733e-08
  -1.4725e-08
  -1.4717e-08
  -1.4709e-08
  -1.4702e-08
  -1.4694e-08
  -1.4686e-08
  -1.4678e-08
  -1.4670e-08
  -1.4663e-08
  -1.4655e-08
  -1.4647e-08
  -1.4639e-08
  -1.4631e-08
  -1.4623e-08
  -1.4616e-08
  -1.4608e-08
  -1.4600e-08
  -1.4592e-08
  -1.4584e-08
  -1.4576e-08
  -1.4569e-08
  -1.4561e-08
  -1.4553e-08
  -1.4545e-08
  -1.4537e-08
  -1.4529e-08
  -1.4521e-08
  -1.4513e-08
  -1.4506e-08
  -1.4498e-08
  -1.4490e-08
  -1.4482e-08
  -1.4474e-08
  -1.4466e-08
  -1.4458e-08
  -1.4450e-08
  -1.4442e-08
  -1.4434e-08
  -1.4426e-08
  -1.4419e-08
  -1.4411e-08
  -1.4403e-08
  -1.4395e-08
  -1.4387e-08
  -1.4379e-08
  -1.4371e-08
  -1.4363e-08
  -1.4355e-08
  -1.4347e-08
  -1.4339e-08
  -1.4331e-08
  -1.4323e-08
  -1.4315e-08
  -1.4307e-08
  -1.4299e-08
  -1.4291e-08
  -1.4283e-08
  -1.4275e-08
  -1.4267e-08
  -1.4259e-08
  -1.4251e-08
  -1.4243e-08
  -1.4235e-08
  -1.4227e-08
  -1.4219e-08
  -1.4211e-08
  -1.4203e-08
  -1.4195e-08
  -1.4187e-08
  -1.4179e-08
  -1.4171e-08
  -1.4163e-08
  -1.4155e-08
  -1.4147e-08
  -1.4139e-08
  -1.4131e-08
  -1.4123e-08
  -1.4115e-08
  -1.4107e-08
  -1.4099e-08
  -1.4091e-08
  -1.4083e-08
  -1.4075e-08
  -1.4067e-08
  -1.4059e-08
  -1.4051e-08
  -1.4043e-08
  -1.4035e-08
  -1.4027e-08
  -1.4019e-08
  -1.4011e-08
  -1.4002e-08
  -1.3994e-08
  -1.3986e-08
  -1.3978e-08
  -1.3970e-08
  -1.3962e-08
  -1.3954e-08
  -1.3946e-08
  -1.3938e-08
  -1.3930e-08
  -1.3922e-08
  -1.3914e-08
  -1.3905e-08
  -1.3897e-08
  -1.3889e-08
  -1.3881e-08
  -1.3873e-08
  -1.3865e-08
  -1.3857e-08
  -1.3849e-08
  -1.3841e-08
  -1.3832e-08
  -1.3824e-08
  -1.3816e-08
  -1.3808e-08
  -1.3800e-08
  -1.3792e-08
  -1.3784e-08
  -1.3776e-08
  -1.3768e-08
  -1.3760e-08
  -1.3752e-08
  -1.3744e-08
  -1.3736e-08
  -1.3728e-08
  -1.3720e-08
  -1.3712e-08
  -1.3704e-08
  -1.3696e-08
  -1.3687e-08
  -1.3679e-08
  -1.3671e-08
  -1.3663e-08
  -1.3655e-08
  -1.3647e-08
  -1.3639e-08
  -1.3631e-08
  -1.3623e-08
  -1.3615e-08
  -1.3607e-08
  -1.3598e-08
  -1.3590e-08
  -1.3582e-08
  -1.3574e-08
  -1.3566e-08
  -1.3558e-08
  -1.3550e-08
  -1.3542e-08
  -1.3534e-08
  -1.3526e-08
  -1.3517e-08
  -1.3509e-08
  -1.3501e-08
  -1.3493e-08
  -1.3485e-08
  -1.3477e-08
  -1.3469e-08
  -1.3461e-08
  -1.3452e-08
  -1.3444e-08
  -1.3436e-08
  -1.3428e-08
  -1.3420e-08
  -1.3412e-08
  -1.3404e-08
  -1.3395e-08
  -1.3387e-08
  -1.3379e-08
  -1.3371e-08
  -1.3363e-08
  -1.3355e-08
  -1.3347e-08
  -1.3338e-08
  -1.3330e-08
  -1.3322e-08
  -1.3314e-08
  -1.3306e-08
  -1.3298e-08
  -1.3289e-08
  -1.3281e-08
  -1.3273e-08
  -1.3265e-08
  -1.3257e-08
  -1.3249e-08
  -1.3240e-08
  -1.3232e-08
  -1.3224e-08
  -1.3216e-08
  -1.3208e-08
  -1.3200e-08
  -1.3191e-08
  -1.3183e-08
  -1.3175e-08
  -1.3167e-08
  -1.3159e-08
  -1.3150e-08
  -1.3142e-08
  -1.3134e-08
  -1.3126e-08
  -1.3118e-08
  -1.3109e-08
  -1.3101e-08
  -1.3093e-08
  -1.3085e-08
  -1.3077e-08
  -1.3068e-08
  -1.3060e-08
  -1.3052e-08
  -1.3044e-08
  -1.3036e-08
  -1.3027e-08
  -1.3019e-08
  -1.3011e-08
  -1.3003e-08
  -1.2995e-08
  -1.2986e-08
  -1.2978e-08
  -1.2970e-08
  -1.2962e-08
  -1.2953e-08
  -1.2945e-08
  -1.2937e-08
  -1.2929e-08
  -1.2921e-08
  -1.2912e-08
  -1.2904e-08
  -1.2896e-08
  -1.2888e-08
  -1.2879e-08
  -1.2871e-08
  -1.2863e-08
  -1.2855e-08
  -1.2847e-08
  -1.2838e-08
  -1.2830e-08
  -1.2822e-08
  -1.2814e-08
  -1.2805e-08
  -1.2797e-08
  -1.2789e-08
  -1.2781e-08
  -1.2772e-08
  -1.2764e-08
  -1.2756e-08
  -1.2748e-08
  -1.2740e-08
  -1.2732e-08
  -1.2723e-08
  -1.2715e-08
  -1.2707e-08
  -1.2699e-08
  -1.2691e-08
  -1.2683e-08
  -1.2674e-08
  -1.2666e-08
  -1.2658e-08
  -1.2650e-08
  -1.2642e-08
  -1.2633e-08
  -1.2625e-08
  -1.2617e-08
  -1.2609e-08
  -1.2601e-08
  -1.2592e-08
  -1.2584e-08
  -1.2576e-08
  -1.2568e-08
  -1.2560e-08
  -1.2551e-08
  -1.2543e-08
  -1.2535e-08
  -1.2527e-08
  -1.2519e-08
  -1.2511e-08
  -1.2502e-08
  -1.2494e-08
  -1.2486e-08
  -1.2478e-08
  -1.2469e-08
  -1.2461e-08
  -1.2453e-08
  -1.2445e-08
  -1.2437e-08
  -1.2428e-08
  -1.2420e-08
  -1.2412e-08
  -1.2404e-08
  -1.2396e-08
  -1.2387e-08
  -1.2379e-08
  -1.2371e-08
  -1.2363e-08
  -1.2355e-08
  -1.2346e-08
  -1.2338e-08
  -1.2330e-08
  -1.2322e-08
  -1.2314e-08
  -1.2305e-08
  -1.2297e-08
  -1.2289e-08
  -1.2281e-08
  -1.2272e-08
  -1.2264e-08
  -1.2256e-08
  -1.2248e-08
  -1.2240e-08
  -1.2231e-08
  -1.2223e-08
  -1.2215e-08
  -1.2207e-08
  -1.2198e-08
  -1.2190e-08
  -1.2182e-08
  -1.2174e-08
  -1.2166e-08
  -1.2157e-08
  -1.2149e-08
  -1.2141e-08
  -1.2133e-08
  -1.2125e-08
  -1.2116e-08
  -1.2108e-08
  -1.2100e-08
  -1.2092e-08
  -1.2083e-08
  -1.2075e-08
  -1.2067e-08
  -1.2059e-08
  -1.2050e-08
  -1.2042e-08
  -1.2034e-08
  -1.2026e-08
  -1.2018e-08
  -1.2009e-08
  -1.2001e-08
  -1.1993e-08
  -1.1985e-08
  -1.1976e-08
  -1.1968e-08
  -1.1960e-08
  -1.1952e-08
  -1.1944e-08
  -1.1935e-08
  -1.1927e-08
  -1.1919e-08
  -1.1911e-08
  -1.1902e-08
  -1.1894e-08
  -1.1886e-08
  -1.1878e-08
  -1.1870e-08
  -1.1861e-08
  -1.1853e-08
  -1.1845e-08
  -1.1837e-08
  -1.1828e-08
  -1.1820e-08
  -1.1812e-08
  -1.1804e-08
  -1.1795e-08
  -1.1787e-08
  -1.1779e-08
  -1.1771e-08
  -1.1763e-08
  -1.1754e-08
  -1.1746e-08
  -1.1738e-08
  -1.1730e-08
  -1.1722e-08
  -1.1713e-08
  -1.1705e-08
  -1.1697e-08
  -1.1689e-08
  -1.1681e-08
  -1.1673e-08
  -1.1664e-08
  -1.1656e-08
  -1.1648e-08
  -1.1640e-08
  -1.1632e-08
  -1.1624e-08
  -1.1615e-08
  -1.1607e-08
  -1.1599e-08
  -1.1591e-08
  -1.1583e-08
  -1.1575e-08
  -1.1566e-08
  -1.1558e-08
  -1.1550e-08
  -1.1542e-08
  -1.1534e-08
  -1.1526e-08
  -1.1517e-08
  -1.1509e-08
  -1.1501e-08
  -1.1493e-08
  -1.1485e-08
  -1.1477e-08
  -1.1468e-08
  -1.1460e-08
  -1.1452e-08
  -1.1444e-08
  -1.1436e-08
  -1.1428e-08
  -1.1419e-08
  -1.1411e-08
  -1.1403e-08
  -1.1395e-08
  -1.1387e-08
  -1.1379e-08
  -1.1370e-08
  -1.1362e-08
  -1.1354e-08
  -1.1346e-08
  -1.1338e-08
  -1.1330e-08
  -1.1321e-08
  -1.1313e-08
  -1.1305e-08
  -1.1297e-08
  -1.1289e-08
  -1.1281e-08
  -1.1273e-08
  -1.1264e-08
  -1.1256e-08
  -1.1248e-08
  -1.1240e-08
  -1.1232e-08
  -1.1224e-08
  -1.1215e-08
  -1.1207e-08
  -1.1199e-08
  -1.1191e-08
  -1.1183e-08
  -1.1175e-08
  -1.1167e-08
  -1.1158e-08
  -1.1150e-08
  -1.1142e-08
  -1.1134e-08
  -1.1126e-08
  -1.1118e-08
  -1.1110e-08
  -1.1101e-08
  -1.1093e-08
  -1.1085e-08
  -1.1077e-08
  -1.1069e-08
  -1.1061e-08
  -1.1053e-08
  -1.1044e-08
  -1.1036e-08
  -1.1028e-08
  -1.1020e-08
  -1.1012e-08
  -1.1004e-08
  -1.0996e-08
  -1.0988e-08
  -1.0979e-08
  -1.0971e-08
  -1.0963e-08
  -1.0955e-08
  -1.0947e-08
  -1.0939e-08
  -1.0931e-08
  -1.0922e-08
  -1.0914e-08
  -1.0906e-08
  -1.0898e-08
  -1.0890e-08
  -1.0882e-08
  -1.0874e-08
  -1.0866e-08
  -1.0857e-08
  -1.0849e-08
  -1.0841e-08
  -1.0833e-08
  -1.0825e-08
  -1.0817e-08
  -1.0809e-08
  -1.0801e-08
  -1.0793e-08
  -1.0784e-08
  -1.0776e-08
  -1.0768e-08
  -1.0760e-08
  -1.0752e-08
  -1.0744e-08
  -1.0736e-08
  -1.0728e-08
  -1.0720e-08
  -1.0711e-08
  -1.0703e-08
  -1.0695e-08
  -1.0687e-08
  -1.0679e-08
  -1.0671e-08
  -1.0663e-08
  -1.0655e-08
  -1.0647e-08
  -1.0639e-08
  -1.0631e-08
  -1.0623e-08
  -1.0615e-08
  -1.0607e-08
  -1.0599e-08
  -1.0591e-08
  -1.0583e-08
  -1.0574e-08
  -1.0566e-08
  -1.0558e-08
  -1.0550e-08
  -1.0542e-08
  -1.0534e-08
  -1.0526e-08
  -1.0518e-08
  -1.0510e-08
  -1.0502e-08
  -1.0494e-08
  -1.0486e-08
  -1.0478e-08
  -1.0470e-08
  -1.0462e-08
  -1.0454e-08
  -1.0446e-08
  -1.0438e-08
  -1.0430e-08
  -1.0422e-08
  -1.0414e-08
  -1.0406e-08
  -1.0398e-08
  -1.0390e-08
  -1.0382e-08
  -1.0374e-08
  -1.0366e-08
  -1.0358e-08
  -1.0350e-08
  -1.0342e-08
  -1.0334e-08
  -1.0326e-08
  -1.0318e-08
  -1.0310e-08
  -1.0302e-08
  -1.0294e-08
  -1.0286e-08
  -1.0278e-08
  -1.0270e-08
  -1.0261e-08
  -1.0253e-08
  -1.0245e-08
  -1.0237e-08
  -1.0229e-08
  -1.0222e-08
  -1.0214e-08
  -1.0206e-08
  -1.0198e-08
  -1.0190e-08
  -1.0182e-08
  -1.0174e-08
  -1.0166e-08
  -1.0158e-08
  -1.0150e-08
  -1.0142e-08
  -1.0134e-08
  -1.0126e-08
  -1.0118e-08
  -1.0110e-08
  -1.0102e-08
  -1.0094e-08
  -1.0086e-08
  -1.0078e-08
  -1.0070e-08
  -1.0062e-08
  -1.0054e-08
  -1.0046e-08
  -1.0038e-08
  -1.0030e-08
  -1.0022e-08
  -1.0014e-08
  -1.0006e-08
  -9.9981e-09
  -9.9902e-09
  -9.9822e-09
  -9.9742e-09
  -9.9663e-09
  -9.9583e-09
  -9.9504e-09
  -9.9424e-09
  -9.9345e-09
  -9.9265e-09
  -9.9186e-09
  -9.9107e-09
  -9.9027e-09
  -9.8948e-09
  -9.8868e-09
  -9.8789e-09
  -9.8710e-09
  -9.8630e-09
  -9.8551e-09
  -9.8472e-09
  -9.8392e-09
  -9.8313e-09
  -9.8234e-09
  -9.8154e-09
  -9.8075e-09
  -9.7996e-09
  -9.7917e-09
  -9.7838e-09
  -9.7758e-09
  -9.7679e-09
  -9.7600e-09
  -9.7521e-09
  -9.7442e-09
  -9.7363e-09
  -9.7284e-09
  -9.7205e-09
  -9.7125e-09
  -9.7046e-09
  -9.6967e-09
  -9.6888e-09
  -9.6809e-09
  -9.6730e-09
  -9.6652e-09
  -9.6573e-09
  -9.6494e-09
  -9.6416e-09
  -9.6337e-09
  -9.6259e-09
  -9.6180e-09
  -9.6101e-09
  -9.6023e-09
  -9.5944e-09
  -9.5866e-09
  -9.5787e-09
  -9.5709e-09
  -9.5630e-09
  -9.5552e-09
  -9.5473e-09
  -9.5395e-09
  -9.5317e-09
  -9.5238e-09
  -9.5160e-09
  -9.5081e-09
  -9.5003e-09
  -9.4925e-09
  -9.4846e-09
  -9.4768e-09
  -9.4690e-09
  -9.4612e-09
  -9.4533e-09
  -9.4455e-09
  -9.4377e-09
  -9.4299e-09
  -9.4221e-09
  -9.4142e-09
  -9.4064e-09
  -9.3986e-09
  -9.3908e-09
  -9.3830e-09
  -9.3752e-09
  -9.3674e-09
  -9.3596e-09
  -9.3518e-09
  -9.3440e-09
  -9.3362e-09
  -9.3284e-09
  -9.3206e-09
  -9.3128e-09
  -9.3050e-09
  -9.2972e-09
  -9.2894e-09
  -9.2816e-09
  -9.2738e-09
  -9.2661e-09
  -9.2583e-09
  -9.2505e-09
  -9.2427e-09
  -9.2349e-09
  -9.2272e-09
  -9.2194e-09
  -9.2116e-09
  -9.2039e-09
  -9.1961e-09
  -9.1883e-09
  -9.1806e-09
  -9.1728e-09
  -9.1650e-09
  -9.1573e-09
  -9.1495e-09
  -9.1418e-09
  -9.1340e-09
  -9.1263e-09
  -9.1185e-09
  -9.1108e-09
  -9.1030e-09
  -9.0953e-09
  -9.0875e-09
  -9.0798e-09
  -9.0721e-09
  -9.0643e-09
  -9.0566e-09
  -9.0489e-09
  -9.0411e-09
  -9.0334e-09
  -9.0257e-09
  -9.0180e-09
  -9.0102e-09
  -9.0025e-09
  -8.9948e-09
  -8.9871e-09
  -8.9794e-09
  -8.9717e-09
  -8.9639e-09
  -8.9562e-09
  -8.9485e-09
  -8.9408e-09
  -8.9331e-09
  -8.9254e-09
  -8.9177e-09
  -8.9100e-09
  -8.9023e-09
  -8.8946e-09
  -8.8869e-09
  -8.8792e-09
  -8.8716e-09
  -8.8639e-09
  -8.8562e-09
  -8.8485e-09
  -8.8408e-09
  -8.8331e-09
  -8.8255e-09
  -8.8178e-09
  -8.8101e-09
  -8.8025e-09
  -8.7948e-09
  -8.7871e-09
  -8.7795e-09
  -8.7718e-09
  -8.7641e-09
  -8.7565e-09
  -8.7488e-09
  -8.7412e-09
  -8.7335e-09
  -8.7259e-09
  -8.7182e-09
  -8.7106e-09
  -8.7029e-09
  -8.6953e-09
  -8.6876e-09
  -8.6800e-09
  -8.6724e-09
  -8.6648e-09
  -8.6572e-09
  -8.6496e-09
  -8.6419e-09
  -8.6343e-09
  -8.6267e-09
  -8.6191e-09
  -8.6115e-09
  -8.6039e-09
  -8.5963e-09
  -8.5887e-09
  -8.5811e-09
  -8.5736e-09
  -8.5660e-09
  -8.5584e-09
  -8.5508e-09
  -8.5432e-09
  -8.5356e-09
  -8.5280e-09
  -8.5205e-09
  -8.5129e-09
  -8.5053e-09
  -8.4978e-09
  -8.4902e-09
  -8.4826e-09
  -8.4751e-09
  -8.4675e-09
  -8.4599e-09
  -8.4524e-09
  -8.4448e-09
  -8.4373e-09
  -8.4297e-09
  -8.4222e-09
  -8.4146e-09
  -8.4071e-09
  -8.3995e-09
  -8.3920e-09
  -8.3845e-09
  -8.3769e-09
  -8.3694e-09
  -8.3618e-09
  -8.3543e-09
  -8.3468e-09
  -8.3393e-09
  -8.3317e-09
  -8.3242e-09
  -8.3167e-09
  -8.3092e-09
  -8.3017e-09
  -8.2941e-09
  -8.2866e-09
  -8.2791e-09
  -8.2716e-09
  -8.2641e-09
  -8.2566e-09
  -8.2491e-09
  -8.2416e-09
  -8.2341e-09
  -8.2266e-09
  -8.2191e-09
  -8.2116e-09
  -8.2042e-09
  -8.1967e-09
  -8.1892e-09
  -8.1817e-09
  -8.1742e-09
  -8.1668e-09
  -8.1593e-09
  -8.1518e-09
  -8.1443e-09
  -8.1369e-09
  -8.1294e-09
  -8.1219e-09
  -8.1145e-09
  -8.1070e-09
  -8.0996e-09
  -8.0921e-09
  -8.0847e-09
  -8.0772e-09
  -8.0698e-09
  -8.0623e-09
  -8.0549e-09
  -8.0474e-09
  -8.0400e-09
  -8.0326e-09
  -8.0251e-09
  -8.0177e-09
  -8.0103e-09
  -8.0028e-09
  -7.9954e-09
  -7.9880e-09
  -7.9806e-09
  -7.9731e-09
  -7.9657e-09
  -7.9583e-09
  -7.9509e-09
  -7.9435e-09
  -7.9361e-09
  -7.9287e-09
  -7.9213e-09
  -7.9139e-09
  -7.9065e-09
  -7.8991e-09
  -7.8917e-09
  -7.8843e-09
  -7.8769e-09
  -7.8695e-09
  -7.8621e-09
  -7.8548e-09
  -7.8474e-09
  -7.8400e-09
  -7.8326e-09
  -7.8252e-09
  -7.8179e-09
  -7.8105e-09
  -7.8031e-09
  -7.7958e-09
  -7.7884e-09
  -7.7811e-09
  -7.7737e-09
  -7.7663e-09
  -7.7590e-09
  -7.7516e-09
  -7.7443e-09
  -7.7369e-09
  -7.7296e-09
  -7.7223e-09
  -7.7149e-09
  -7.7076e-09
  -7.7003e-09
  -7.6930e-09
  -7.6857e-09
  -7.6783e-09
  -7.6710e-09
  -7.6637e-09
  -7.6564e-09
  -7.6491e-09
  -7.6418e-09
  -7.6345e-09
  -7.6272e-09
  -7.6199e-09
  -7.6126e-09
  -7.6053e-09
  -7.5980e-09
  -7.5907e-09
  -7.5834e-09
  -7.5762e-09
  -7.5689e-09
  -7.5616e-09
  -7.5543e-09
  -7.5470e-09
  -7.5398e-09
  -7.5325e-09
  -7.5252e-09
  -7.5180e-09
  -7.5107e-09
  -7.5035e-09
  -7.4962e-09
  -7.4889e-09
  -7.4817e-09
  -7.4744e-09
  -7.4672e-09
  -7.4599e-09
  -7.4527e-09
  -7.4455e-09
  -7.4382e-09
  -7.4310e-09
  -7.4238e-09
  -7.4165e-09
  -7.4093e-09
  -7.4021e-09
  -7.3948e-09
  -7.3876e-09
  -7.3804e-09
  -7.3732e-09
  -7.3660e-09
  -7.3588e-09
  -7.3515e-09
  -7.3443e-09
  -7.3371e-09
  -7.3299e-09
  -7.3227e-09
  -7.3155e-09
  -7.3083e-09
  -7.3011e-09
  -7.2940e-09
  -7.2868e-09
  -7.2796e-09
  -7.2724e-09
  -7.2652e-09
  -7.2580e-09
  -7.2509e-09
  -7.2437e-09
  -7.2365e-09
  -7.2293e-09
  -7.2222e-09
  -7.2150e-09
  -7.2079e-09
  -7.2007e-09
  -7.1935e-09
  -7.1864e-09
  -7.1792e-09
  -7.1721e-09
  -7.1649e-09
  -7.1578e-09
  -7.1506e-09
  -7.1435e-09
  -7.1364e-09
  -7.1292e-09
  -7.1221e-09
  -7.1150e-09
  -7.1078e-09
  -7.1007e-09
  -7.0936e-09
  -7.0865e-09
  -7.0794e-09
  -7.0722e-09
  -7.0651e-09
  -7.0580e-09
  -7.0509e-09
  -7.0438e-09
  -7.0367e-09
  -7.0296e-09
  -7.0225e-09
  -7.0154e-09
  -7.0083e-09
  -7.0012e-09
  -6.9941e-09
  -6.9870e-09
  -6.9800e-09
  -6.9729e-09
  -6.9658e-09
  -6.9587e-09
  -6.9517e-09
  -6.9446e-09
  -6.9375e-09
  -6.9304e-09
  -6.9234e-09
  -6.9163e-09
  -6.9093e-09
  -6.9022e-09
  -6.8952e-09
  -6.8881e-09
  -6.8811e-09
  -6.8740e-09
  -6.8670e-09
  -6.8599e-09
  -6.8529e-09
  -6.8458e-09
  -6.8388e-09
  -6.8318e-09
  -6.8247e-09
  -6.8177e-09
  -6.8107e-09
  -6.8037e-09
  -6.7967e-09
  -6.7897e-09
  -6.7826e-09
  -6.7756e-09
  -6.7686e-09
  -6.7616e-09
  -6.7546e-09
  -6.7476e-09
  -6.7406e-09
  -6.7337e-09
  -6.7267e-09
  -6.7197e-09
  -6.7127e-09
  -6.7057e-09
  -6.6987e-09
  -6.6918e-09
  -6.6848e-09
  -6.6778e-09
  -6.6708e-09
  -6.6639e-09
  -6.6569e-09
  -6.6499e-09
  -6.6430e-09
  -6.6360e-09
  -6.6291e-09
  -6.6221e-09
  -6.6152e-09
  -6.6082e-09
  -6.6013e-09
  -6.5943e-09
  -6.5874e-09
  -6.5805e-09
  -6.5735e-09
  -6.5666e-09
  -6.5597e-09
  -6.5527e-09
  -6.5458e-09
  -6.5389e-09
  -6.5320e-09
  -6.5251e-09
  -6.5182e-09
  -6.5112e-09
  -6.5043e-09
  -6.4974e-09
  -6.4905e-09
  -6.4836e-09
  -6.4767e-09
  -6.4698e-09
  -6.4629e-09
  -6.4560e-09
  -6.4492e-09
  -6.4423e-09
  -6.4354e-09
  -6.4285e-09
  -6.4216e-09
  -6.4147e-09
  -6.4079e-09
  -6.4010e-09
  -6.3941e-09
  -6.3873e-09
  -6.3804e-09
  -6.3735e-09
  -6.3667e-09
  -6.3598e-09
  -6.3530e-09
  -6.3461e-09
  -6.3393e-09
  -6.3324e-09
  -6.3256e-09
  -6.3187e-09
  -6.3119e-09
  -6.3051e-09
  -6.2982e-09
  -6.2914e-09
  -6.2846e-09
  -6.2777e-09
  -6.2709e-09
  -6.2641e-09
  -6.2573e-09
  -6.2505e-09
  -6.2437e-09
  -6.2368e-09
  -6.2300e-09
  -6.2232e-09
  -6.2164e-09
  -6.2096e-09
  -6.2028e-09
  -6.1960e-09
  -6.1892e-09
  -6.1825e-09
  -6.1757e-09
  -6.1689e-09
  -6.1621e-09
  -6.1553e-09
  -6.1485e-09
  -6.1418e-09
  -6.1350e-09
  -6.1282e-09
  -6.1215e-09
  -6.1147e-09
  -6.1079e-09
  -6.1012e-09
  -6.0944e-09
  -6.0877e-09
  -6.0809e-09
  -6.0742e-09
  -6.0674e-09
  -6.0607e-09
  -6.0539e-09
  -6.0472e-09
  -6.0405e-09
  -6.0337e-09
  -6.0270e-09
  -6.0203e-09
  -6.0135e-09
  -6.0068e-09
  -6.0001e-09
  -5.9934e-09
  -5.9867e-09
  -5.9799e-09
  -5.9732e-09
  -5.9665e-09
  -5.9598e-09
  -5.9531e-09
  -5.9464e-09
  -5.9397e-09
  -5.9330e-09
  -5.9263e-09
  -5.9196e-09
  -5.9130e-09
  -5.9063e-09
  -5.8996e-09
  -5.8929e-09
  -5.8862e-09
  -5.8796e-09
  -5.8729e-09
  -5.8662e-09
  -5.8596e-09
  -5.8529e-09
  -5.8462e-09
  -5.8396e-09
  -5.8329e-09
  -5.8263e-09
  -5.8196e-09
  -5.8130e-09
  -5.8063e-09
  -5.7997e-09
  -5.7930e-09
  -5.7864e-09
  -5.7798e-09
  -5.7731e-09
  -5.7665e-09
  -5.7599e-09
  -5.7532e-09
  -5.7466e-09
  -5.7400e-09
  -5.7334e-09
  -5.7268e-09
  -5.7201e-09
  -5.7135e-09
  -5.7069e-09
  -5.7003e-09
  -5.6937e-09
  -5.6871e-09
  -5.6805e-09
  -5.6739e-09
  -5.6673e-09
  -5.6608e-09
  -5.6542e-09
  -5.6476e-09
  -5.6410e-09
  -5.6344e-09
  -5.6278e-09
  -5.6213e-09
  -5.6147e-09
  -5.6081e-09
  -5.6016e-09
  -5.5950e-09
  -5.5884e-09
  -5.5819e-09
  -5.5753e-09
  -5.5688e-09
  -5.5622e-09
  -5.5557e-09
  -5.5491e-09
  -5.5426e-09
  -5.5360e-09
  -5.5295e-09
  -5.5230e-09
  -5.5164e-09
  -5.5099e-09
  -5.5034e-09
  -5.4968e-09
  -5.4903e-09
  -5.4838e-09
  -5.4773e-09
  -5.4708e-09
  -5.4643e-09
  -5.4578e-09
  -5.4512e-09
  -5.4447e-09
  -5.4382e-09
  -5.4317e-09
  -5.4252e-09
  -5.4187e-09
  -5.4123e-09
  -5.4058e-09
  -5.3993e-09
  -5.3928e-09
  -5.3863e-09
  -5.3798e-09
  -5.3734e-09
  -5.3669e-09
  -5.3604e-09
  -5.3539e-09
  -5.3475e-09
  -5.3410e-09
  -5.3346e-09
  -5.3281e-09
  -5.3216e-09
  -5.3152e-09
  -5.3087e-09
  -5.3023e-09
  -5.2958e-09
  -5.2894e-09
  -5.2830e-09
  -5.2765e-09
  -5.2701e-09
  -5.2637e-09
  -5.2572e-09
  -5.2508e-09
  -5.2444e-09
  -5.2380e-09
  -5.2315e-09
  -5.2251e-09
  -5.2187e-09
  -5.2123e-09
  -5.2059e-09
  -5.1995e-09
  -5.1931e-09
  -5.1867e-09
  -5.1803e-09
  -5.1739e-09
  -5.1675e-09
  -5.1611e-09
  -5.1547e-09
  -5.1483e-09
  -5.1419e-09
  -5.1356e-09
  -5.1292e-09
  -5.1228e-09
  -5.1164e-09
  -5.1101e-09
  -5.1037e-09
  -5.0973e-09
  -5.0910e-09
  -5.0846e-09
  -5.0782e-09
  -5.0719e-09
  -5.0655e-09
  -5.0592e-09
  -5.0528e-09
  -5.0465e-09
  -5.0401e-09
  -5.0338e-09
  -5.0275e-09
  -5.0211e-09
  -5.0148e-09
  -5.0085e-09
  -5.0021e-09
  -4.9958e-09
  -4.9895e-09
  -4.9832e-09
  -4.9768e-09
  -4.9705e-09
  -4.9642e-09
  -4.9579e-09
  -4.9516e-09
  -4.9453e-09
  -4.9390e-09
  -4.9327e-09
  -4.9264e-09
  -4.9201e-09
  -4.9138e-09
  -4.9075e-09
  -4.9012e-09
  -4.8949e-09
  -4.8886e-09
  -4.8824e-09
  -4.8761e-09
  -4.8698e-09
  -4.8635e-09
  -4.8573e-09
  -4.8510e-09
  -4.8447e-09
  -4.8385e-09
  -4.8322e-09
  -4.8260e-09
  -4.8197e-09
  -4.8134e-09
  -4.8072e-09
  -4.8010e-09
  -4.7947e-09
  -4.7885e-09
  -4.7822e-09
  -4.7760e-09
  -4.7698e-09
  -4.7635e-09
  -4.7573e-09
  -4.7511e-09
  -4.7448e-09
  -4.7386e-09
  -4.7324e-09
  -4.7262e-09
  -4.7200e-09
  -4.7138e-09
  -4.7076e-09
  -4.7013e-09
  -4.6951e-09
  -4.6889e-09
  -4.6827e-09
  -4.6765e-09
  -4.6704e-09
  -4.6642e-09
  -4.6580e-09
  -4.6518e-09
  -4.6456e-09
  -4.6394e-09
  -4.6332e-09
  -4.6271e-09
  -4.6209e-09
  -4.6147e-09
  -4.6086e-09
  -4.6024e-09
  -4.5962e-09
  -4.5901e-09
  -4.5839e-09
  -4.5778e-09
  -4.5716e-09
  -4.5655e-09
  -4.5593e-09
  -4.5532e-09
  -4.5470e-09
  -4.5409e-09
  -4.5347e-09
  -4.5286e-09
  -4.5225e-09
  -4.5164e-09
  -4.5102e-09
  -4.5041e-09
  -4.4980e-09
  -4.4919e-09
  -4.4857e-09
  -4.4796e-09
  -4.4735e-09
  -4.4674e-09
  -4.4613e-09
  -4.4552e-09
  -4.4491e-09
  -4.4430e-09
  -4.4369e-09
  -4.4308e-09
  -4.4247e-09
  -4.4186e-09
  -4.4125e-09
  -4.4065e-09
  -4.4004e-09
  -4.3943e-09
  -4.3882e-09
  -4.3822e-09
  -4.3761e-09
  -4.3700e-09
  -4.3639e-09
  -4.3579e-09
  -4.3518e-09
  -4.3458e-09
  -4.3397e-09
  -4.3337e-09
  -4.3276e-09
  -4.3216e-09
  -4.3155e-09
  -4.3095e-09
  -4.3034e-09
  -4.2974e-09
  -4.2913e-09
  -4.2853e-09
  -4.2793e-09
  -4.2732e-09
  -4.2672e-09
  -4.2612e-09
  -4.2552e-09
  -4.2491e-09
  -4.2431e-09
  -4.2371e-09
  -4.2311e-09
  -4.2251e-09
  -4.2191e-09
  -4.2131e-09
  -4.2071e-09
  -4.2011e-09
  -4.1951e-09
  -4.1891e-09
  -4.1831e-09
  -4.1771e-09
  -4.1711e-09
  -4.1651e-09
  -4.1591e-09
  -4.1531e-09
  -4.1472e-09
  -4.1412e-09
  -4.1352e-09
  -4.1292e-09
  -4.1233e-09
  -4.1173e-09
  -4.1113e-09
  -4.1054e-09
  -4.0994e-09
  -4.0934e-09
  -4.0875e-09
  -4.0815e-09
  -4.0756e-09
  -4.0696e-09
  -4.0637e-09
  -4.0578e-09
  -4.0518e-09
  -4.0459e-09
  -4.0400e-09
  -4.0340e-09
  -4.0281e-09
  -4.0222e-09
  -4.0162e-09
  -4.0103e-09
  -4.0044e-09
  -3.9985e-09
  -3.9926e-09
  -3.9867e-09
  -3.9807e-09
  -3.9748e-09
  -3.9689e-09
  -3.9630e-09
  -3.9571e-09
  -3.9512e-09
  -3.9453e-09
  -3.9395e-09
  -3.9336e-09
  -3.9277e-09
  -3.9218e-09
  -3.9159e-09
  -3.9100e-09
  -3.9042e-09
  -3.8983e-09
  -3.8924e-09
  -3.8865e-09
  -3.8807e-09
  -3.8748e-09
  -3.8690e-09
  -3.8631e-09
  -3.8572e-09
  -3.8514e-09
  -3.8455e-09
  -3.8397e-09
  -3.8338e-09
  -3.8280e-09
  -3.8222e-09
  -3.8163e-09
  -3.8105e-09
  -3.8046e-09
  -3.7988e-09
  -3.7930e-09
  -3.7872e-09
  -3.7813e-09
  -3.7755e-09
  -3.7697e-09
  -3.7639e-09
  -3.7581e-09
  -3.7523e-09
  -3.7464e-09
  -3.7406e-09
  -3.7348e-09
  -3.7290e-09
  -3.7232e-09
  -3.7174e-09
  -3.7116e-09
  -3.7059e-09
  -3.7001e-09
  -3.6943e-09
  -3.6885e-09
  -3.6827e-09
  -3.6769e-09
  -3.6712e-09
  -3.6654e-09
  -3.6596e-09
  -3.6538e-09
  -3.6481e-09
  -3.6423e-09
  -3.6365e-09
  -3.6308e-09
  -3.6250e-09
  -3.6193e-09
  -3.6135e-09
  -3.6078e-09
  -3.6020e-09
  -3.5963e-09
  -3.5905e-09
  -3.5848e-09
  -3.5791e-09
  -3.5733e-09
  -3.5676e-09
  -3.5619e-09
  -3.5561e-09
  -3.5504e-09
  -3.5447e-09
  -3.5390e-09
  -3.5332e-09
  -3.5275e-09
  -3.5218e-09
  -3.5161e-09
  -3.5104e-09
  -3.5047e-09
  -3.4990e-09
  -3.4932e-09
  -3.4875e-09
  -3.4818e-09
  -3.4761e-09
  -3.4704e-09
  -3.4648e-09
  -3.4591e-09
  -3.4534e-09
  -3.4477e-09
  -3.4420e-09
  -3.4363e-09
  -3.4306e-09
  -3.4250e-09
  -3.4193e-09
  -3.4136e-09
  -3.4079e-09
  -3.4023e-09
  -3.3966e-09
  -3.3910e-09
  -3.3853e-09
  -3.3796e-09
  -3.3740e-09
  -3.3683e-09
  -3.3627e-09
  -3.3570e-09
  -3.3514e-09
  -3.3457e-09
  -3.3401e-09
  -3.3345e-09
  -3.3288e-09
  -3.3232e-09
  -3.3176e-09
  -3.3119e-09
  -3.3063e-09
  -3.3007e-09
  -3.2951e-09
  -3.2895e-09
  -3.2838e-09
  -3.2782e-09
  -3.2726e-09
  -3.2670e-09
  -3.2614e-09
  -3.2558e-09
  -3.2502e-09
  -3.2446e-09
  -3.2390e-09
  -3.2334e-09
  -3.2278e-09
  -3.2222e-09
  -3.2166e-09
  -3.2110e-09
  -3.2055e-09
  -3.1999e-09
  -3.1943e-09
  -3.1887e-09
  -3.1832e-09
  -3.1776e-09
  -3.1720e-09
  -3.1665e-09
  -3.1609e-09
  -3.1553e-09
  -3.1498e-09
  -3.1442e-09
  -3.1387e-09
  -3.1331e-09
  -3.1276e-09
  -3.1220e-09
  -3.1165e-09
  -3.1109e-09
  -3.1054e-09
  -3.0999e-09
  -3.0943e-09
  -3.0888e-09
  -3.0833e-09
  -3.0777e-09
  -3.0722e-09
  -3.0667e-09
  -3.0612e-09
  -3.0557e-09
  -3.0501e-09
  -3.0446e-09
  -3.0391e-09
  -3.0336e-09
  -3.0281e-09
  -3.0226e-09
  -3.0171e-09
  -3.0116e-09
  -3.0061e-09
  -3.0006e-09
  -2.9951e-09
  -2.9896e-09
  -2.9842e-09
  -2.9787e-09
  -2.9732e-09
  -2.9677e-09
  -2.9622e-09
  -2.9568e-09
  -2.9513e-09
  -2.9458e-09
  -2.9404e-09
  -2.9349e-09
  -2.9294e-09
  -2.9240e-09
  -2.9185e-09
  -2.9131e-09
  -2.9076e-09
  -2.9022e-09
  -2.8967e-09
  -2.8913e-09
  -2.8858e-09
  -2.8804e-09
  -2.8750e-09
  -2.8695e-09
  -2.8641e-09
  -2.8587e-09
  -2.8532e-09
  -2.8478e-09
  -2.8424e-09
  -2.8370e-09
  -2.8315e-09
  -2.8261e-09
  -2.8207e-09
  -2.8153e-09
  -2.8099e-09
  -2.8044e-09
  -2.7990e-09
  -2.7936e-09
  -2.7882e-09
  -2.7828e-09
  -2.7774e-09
  -2.7720e-09
  -2.7666e-09
  -2.7612e-09
  -2.7558e-09
  -2.7504e-09
  -2.7450e-09
  -2.7397e-09
  -2.7343e-09
  -2.7289e-09
  -2.7235e-09
  -2.7181e-09
  -2.7128e-09
  -2.7074e-09
  -2.7020e-09
  -2.6966e-09
  -2.6913e-09
  -2.6859e-09
  -2.6806e-09
  -2.6752e-09
  -2.6698e-09
  -2.6645e-09
  -2.6591e-09
  -2.6538e-09
  -2.6484e-09
  -2.6431e-09
  -2.6378e-09
  -2.6324e-09
  -2.6271e-09
  -2.6218e-09
  -2.6164e-09
  -2.6111e-09
  -2.6058e-09
  -2.6004e-09
  -2.5951e-09
  -2.5898e-09
  -2.5845e-09
  -2.5792e-09
  -2.5739e-09
  -2.5685e-09
  -2.5632e-09
  -2.5579e-09
  -2.5526e-09
  -2.5473e-09
  -2.5420e-09
  -2.5367e-09
  -2.5314e-09
  -2.5261e-09
  -2.5208e-09
  -2.5156e-09
  -2.5103e-09
  -2.5050e-09
  -2.4997e-09
  -2.4944e-09
  -2.4892e-09
  -2.4839e-09
  -2.4786e-09
  -2.4733e-09
  -2.4681e-09
  -2.4628e-09
  -2.4575e-09
  -2.4523e-09
  -2.4470e-09
  -2.4418e-09
  -2.4365e-09
  -2.4313e-09
  -2.4260e-09
  -2.4208e-09
  -2.4155e-09
  -2.4103e-09
  -2.4051e-09
  -2.3998e-09
  -2.3946e-09
  -2.3893e-09
  -2.3841e-09
  -2.3789e-09
  -2.3737e-09
  -2.3684e-09
  -2.3632e-09
  -2.3580e-09
  -2.3528e-09
  -2.3476e-09
  -2.3424e-09
  -2.3372e-09
  -2.3319e-09
  -2.3267e-09
  -2.3215e-09
  -2.3163e-09
  -2.3111e-09
  -2.3059e-09
  -2.3008e-09
  -2.2956e-09
  -2.2904e-09
  -2.2852e-09
  -2.2800e-09
  -2.2748e-09
  -2.2696e-09
  -2.2645e-09
  -2.2593e-09
  -2.2541e-09
  -2.2490e-09
  -2.2438e-09
  -2.2386e-09
  -2.2335e-09
  -2.2283e-09
  -2.2231e-09
  -2.2180e-09
  -2.2128e-09
  -2.2077e-09
  -2.2025e-09
  -2.1974e-09
  -2.1922e-09
  -2.1871e-09
  -2.1820e-09
  -2.1768e-09
  -2.1717e-09
  -2.1665e-09
  -2.1614e-09
  -2.1563e-09
  -2.1511e-09
  -2.1460e-09
  -2.1409e-09
  -2.1358e-09
  -2.1306e-09
  -2.1255e-09
  -2.1204e-09
  -2.1153e-09
  -2.1102e-09
  -2.1050e-09
  -2.0999e-09
  -2.0948e-09
  -2.0897e-09
  -2.0846e-09
  -2.0795e-09
  -2.0744e-09
  -2.0693e-09
  -2.0642e-09
  -2.0591e-09
  -2.0540e-09
  -2.0489e-09
  -2.0438e-09
  -2.0388e-09
  -2.0337e-09
  -2.0286e-09
  -2.0235e-09
  -2.0184e-09
  -2.0134e-09
  -2.0083e-09
  -2.0032e-09
  -1.9982e-09
  -1.9931e-09
  -1.9880e-09
  -1.9830e-09
  -1.9779e-09
  -1.9728e-09
  -1.9678e-09
  -1.9627e-09
  -1.9577e-09
  -1.9526e-09
  -1.9476e-09
  -1.9426e-09
  -1.9375e-09
  -1.9325e-09
  -1.9274e-09
  -1.9224e-09
  -1.9174e-09
  -1.9124e-09
  -1.9073e-09
  -1.9023e-09
  -1.8973e-09
  -1.8923e-09
  -1.8872e-09
  -1.8822e-09
  -1.8772e-09
  -1.8722e-09
  -1.8672e-09
  -1.8622e-09
  -1.8572e-09
  -1.8522e-09
  -1.8472e-09
  -1.8422e-09
  -1.8372e-09
  -1.8322e-09
  -1.8272e-09
  -1.8222e-09
  -1.8172e-09
  -1.8122e-09
  -1.8072e-09
  -1.8023e-09
  -1.7973e-09
  -1.7923e-09
  -1.7873e-09
  -1.7824e-09
  -1.7774e-09
  -1.7724e-09
  -1.7675e-09
  -1.7625e-09
  -1.7575e-09
  -1.7526e-09
  -1.7476e-09
  -1.7427e-09
  -1.7377e-09
  -1.7328e-09
  -1.7278e-09
  -1.7229e-09
  -1.7179e-09
  -1.7130e-09
  -1.7081e-09
  -1.7031e-09
  -1.6982e-09
  -1.6933e-09
  -1.6883e-09
  -1.6834e-09
  -1.6785e-09
  -1.6735e-09
  -1.6686e-09
  -1.6637e-09
  -1.6588e-09
  -1.6539e-09
  -1.6490e-09
  -1.6440e-09
  -1.6391e-09
  -1.6342e-09
  -1.6293e-09
  -1.6244e-09
  -1.6195e-09
  -1.6146e-09
  -1.6097e-09
  -1.6048e-09
  -1.6000e-09
  -1.5951e-09
  -1.5902e-09
  -1.5853e-09
  -1.5804e-09
  -1.5755e-09
  -1.5707e-09
  -1.5658e-09
  -1.5609e-09
  -1.5560e-09
  -1.5512e-09
  -1.5463e-09
  -1.5414e-09
  -1.5366e-09
  -1.5317e-09
  -1.5269e-09
  -1.5220e-09
  -1.5171e-09
  -1.5123e-09
  -1.5074e-09
  -1.5026e-09
  -1.4977e-09
  -1.4929e-09
  -1.4880e-09
  -1.4832e-09
  -1.4783e-09
  -1.4735e-09
  -1.4686e-09
  -1.4638e-09
  -1.4590e-09
  -1.4541e-09
  -1.4493e-09
  -1.4445e-09
  -1.4396e-09
  -1.4348e-09
  -1.4300e-09
  -1.4252e-09
  -1.4203e-09
  -1.4155e-09
  -1.4107e-09
  -1.4059e-09
  -1.4011e-09
  -1.3963e-09
  -1.3915e-09
  -1.3867e-09
  -1.3819e-09
  -1.3771e-09
  -1.3723e-09
  -1.3675e-09
  -1.3627e-09
  -1.3579e-09
  -1.3531e-09
  -1.3483e-09
  -1.3435e-09
  -1.3387e-09
  -1.3340e-09
  -1.3292e-09
  -1.3244e-09
  -1.3196e-09
  -1.3149e-09
  -1.3101e-09
  -1.3053e-09
  -1.3006e-09
  -1.2958e-09
  -1.2910e-09
  -1.2863e-09
  -1.2815e-09
  -1.2768e-09
  -1.2720e-09
  -1.2673e-09
  -1.2625e-09
  -1.2578e-09
  -1.2530e-09
  -1.2483e-09
  -1.2435e-09
  -1.2388e-09
  -1.2341e-09
  -1.2293e-09
  -1.2246e-09
  -1.2199e-09
  -1.2151e-09
  -1.2104e-09
  -1.2057e-09
  -1.2010e-09
  -1.1962e-09
  -1.1915e-09
  -1.1868e-09
  -1.1821e-09
  -1.1774e-09
  -1.1727e-09
  -1.1680e-09
  -1.1633e-09
  -1.1586e-09
  -1.1538e-09
  -1.1492e-09
  -1.1445e-09
  -1.1398e-09
  -1.1351e-09
  -1.1304e-09
  -1.1257e-09
  -1.1210e-09
  -1.1163e-09
  -1.1116e-09
  -1.1070e-09
  -1.1023e-09
  -1.0976e-09
  -1.0929e-09
  -1.0883e-09
  -1.0836e-09
  -1.0789e-09
  -1.0743e-09
  -1.0696e-09
  -1.0649e-09
  -1.0603e-09
  -1.0556e-09
  -1.0510e-09
  -1.0463e-09
  -1.0416e-09
  -1.0370e-09
  -1.0324e-09
  -1.0277e-09
  -1.0231e-09
  -1.0184e-09
  -1.0138e-09
  -1.0091e-09
  -1.0045e-09
  -9.9988e-10
  -9.9525e-10
  -9.9062e-10
  -9.8600e-10
  -9.8137e-10
  -9.7675e-10
  -9.7213e-10
  -9.6751e-10
  -9.6290e-10
  -9.5828e-10
  -9.5367e-10
  -9.4906e-10
  -9.4445e-10
  -9.3985e-10
  -9.3524e-10
  -9.3064e-10
  -9.2604e-10
  -9.2144e-10
  -9.1685e-10
  -9.1225e-10
  -9.0765e-10
  -9.0306e-10
  -8.9846e-10
  -8.9386e-10
  -8.8927e-10
  -8.8468e-10
  -8.8009e-10
  -8.7551e-10
  -8.7092e-10
  -8.6634e-10
  -8.6176e-10
  -8.5718e-10
  -8.5261e-10
  -8.4804e-10
  -8.4346e-10
  -8.3889e-10
  -8.3433e-10
  -8.2976e-10
  -8.2520e-10
  -8.2063e-10
  -8.1607e-10
  -8.1152e-10
  -8.0696e-10
  -8.0241e-10
  -7.9786e-10
  -7.9331e-10
  -7.8876e-10
  -7.8421e-10
  -7.7967e-10
  -7.7513e-10
  -7.7059e-10
  -7.6605e-10
  -7.6152e-10
  -7.5698e-10
  -7.5245e-10
  -7.4792e-10
  -7.4339e-10
  -7.3887e-10
  -7.3435e-10
  -7.2982e-10
  -7.2530e-10
  -7.2079e-10
  -7.1627e-10
  -7.1176e-10
  -7.0725e-10
  -7.0274e-10
  -6.9823e-10
  -6.9372e-10
  -6.8922e-10
  -6.8472e-10
  -6.8022e-10
  -6.7572e-10
  -6.7123e-10
  -6.6673e-10
  -6.6224e-10
  -6.5775e-10
  -6.5327e-10
  -6.4878e-10
  -6.4430e-10
  -6.3981e-10
  -6.3534e-10
  -6.3086e-10
  -6.2638e-10
  -6.2191e-10
  -6.1744e-10
  -6.1297e-10
  -6.0850e-10
  -6.0403e-10
  -5.9957e-10
  -5.9511e-10
  -5.9065e-10
  -5.8619e-10
  -5.8174e-10
  -5.7728e-10
  -5.7283e-10
  -5.6838e-10
  -5.6393e-10
  -5.5949e-10
  -5.5504e-10
  -5.5060e-10
  -5.4616e-10
  -5.4172e-10
  -5.3729e-10
  -5.3285e-10
  -5.2842e-10
  -5.2399e-10
  -5.1956e-10
  -5.1514e-10
  -5.1071e-10
  -5.0629e-10
  -5.0187e-10
  -4.9745e-10
  -4.9303e-10
  -4.8862e-10
  -4.8421e-10
  -4.7980e-10
  -4.7539e-10
  -4.7098e-10
  -4.6658e-10
  -4.6217e-10
  -4.5777e-10
  -4.5338e-10
  -4.4898e-10
  -4.4458e-10
  -4.4019e-10
  -4.3580e-10
  -4.3141e-10
  -4.2702e-10
  -4.2264e-10
  -4.1826e-10
  -4.1387e-10
  -4.0949e-10
  -4.0512e-10
  -4.0074e-10
  -3.9637e-10
  -3.9200e-10
  -3.8763e-10
  -3.8326e-10
  -3.7889e-10
  -3.7453e-10
  -3.7017e-10
  -3.6581e-10
  -3.6145e-10
  -3.5709e-10
  -3.5274e-10
  -3.4839e-10
  -3.4404e-10
  -3.3969e-10
  -3.3533e-10
  -3.3098e-10
  -3.2663e-10
  -3.2228e-10
  -3.1793e-10
  -3.1359e-10
  -3.0924e-10
  -3.0490e-10
  -3.0056e-10
  -2.9623e-10
  -2.9189e-10
  -2.8756e-10
  -2.8322e-10
  -2.7889e-10
  -2.7457e-10
  -2.7024e-10
  -2.6592e-10
  -2.6159e-10
  -2.5727e-10
  -2.5295e-10
  -2.4864e-10
  -2.4432e-10
  -2.4001e-10
  -2.3570e-10
  -2.3139e-10
  -2.2708e-10
  -2.2278e-10
  -2.1847e-10
  -2.1417e-10
  -2.0987e-10
  -2.0557e-10
  -2.0128e-10
  -1.9698e-10
  -1.9269e-10
  -1.8840e-10
  -1.8411e-10
  -1.7983e-10
  -1.7554e-10
  -1.7126e-10
  -1.6698e-10
  -1.6270e-10
  -1.5842e-10
  -1.5415e-10
  -1.4988e-10
  -1.4560e-10
  -1.4134e-10
  -1.3707e-10
  -1.3280e-10
  -1.2854e-10
  -1.2428e-10
  -1.2002e-10
  -1.1576e-10
  -1.1150e-10
  -1.0725e-10
  -1.0300e-10
  -9.8745e-11
  -9.4496e-11
  -9.0250e-11
  -8.6005e-11
  -8.1762e-11
  -7.7520e-11
  -7.3281e-11
  -6.9044e-11
  -6.4808e-11
  -6.0574e-11
  -5.6343e-11
  -5.2113e-11
  -4.7885e-11
  -4.3658e-11
  -3.9434e-11
  -3.5211e-11
  -3.0991e-11
  -2.6772e-11
  -2.2555e-11
  -1.8340e-11
  -1.4127e-11
  -9.9155e-12
  -5.7060e-12
  -1.4984e-12
   2.7074e-12
   6.9113e-12
   1.1113e-11
   1.5314e-11
   1.9512e-11
   2.3708e-11
   2.7903e-11
   3.2096e-11
   3.6287e-11
   4.0476e-11
   4.4663e-11
   4.8849e-11
   5.3032e-11
   5.7214e-11
   6.1394e-11
   6.5572e-11
   6.9748e-11
   7.3922e-11
   7.8095e-11
   8.2265e-11
   8.6434e-11
   9.0601e-11
   9.4766e-11
   9.8930e-11
   1.0309e-10
   1.0725e-10
   1.1141e-10
   1.1556e-10
   1.1972e-10
   1.2387e-10
   1.2802e-10
   1.3217e-10
   1.3632e-10
   1.4046e-10
   1.4460e-10
   1.4875e-10
   1.5289e-10
   1.5702e-10
   1.6116e-10
   1.6529e-10
   1.6943e-10
   1.7356e-10
   1.7768e-10
   1.8181e-10
   1.8594e-10
   1.9006e-10
   1.9418e-10
   1.9830e-10
   2.0242e-10
   2.0654e-10
   2.1066e-10
   2.1479e-10
   2.1890e-10
   2.2302e-10
   2.2714e-10
   2.3125e-10
   2.3536e-10
   2.3947e-10
   2.4358e-10
   2.4769e-10
   2.5179e-10
   2.5589e-10
   2.5999e-10
   2.6409e-10
   2.6819e-10
   2.7229e-10
   2.7638e-10
   2.8047e-10
   2.8456e-10
   2.8865e-10
   2.9274e-10
   2.9682e-10
   3.0091e-10
   3.0499e-10
   3.0907e-10
   3.1314e-10
   3.1722e-10
   3.2129e-10
   3.2537e-10
   3.2944e-10
   3.3351e-10
   3.3757e-10
   3.4164e-10
   3.4570e-10
   3.4976e-10
   3.5382e-10
   3.5788e-10
   3.6194e-10
   3.6599e-10
   3.7004e-10
   3.7409e-10
   3.7814e-10
   3.8219e-10
   3.8624e-10
   3.9028e-10
   3.9432e-10
   3.9836e-10
   4.0240e-10
   4.0644e-10
   4.1047e-10
   4.1451e-10
   4.1854e-10
   4.2257e-10
   4.2660e-10
   4.3062e-10
   4.3465e-10
   4.3867e-10
   4.4269e-10
   4.4671e-10
   4.5073e-10
   4.5474e-10
   4.5876e-10
   4.6277e-10
   4.6678e-10
   4.7079e-10
   4.7479e-10
   4.7880e-10
   4.8280e-10
   4.8680e-10
   4.9080e-10
   4.9480e-10
   4.9880e-10
   5.0279e-10
   5.0678e-10
   5.1078e-10
   5.1477e-10
   5.1875e-10
   5.2274e-10
   5.2672e-10
   5.3070e-10
   5.3469e-10
   5.3866e-10
   5.4264e-10
   5.4662e-10
   5.5059e-10
   5.5456e-10
   5.5853e-10
   5.6250e-10
   5.6647e-10
   5.7043e-10
   5.7440e-10
   5.7836e-10
   5.8232e-10
   5.8627e-10
   5.9023e-10
   5.9419e-10
   5.9814e-10
   6.0209e-10
   6.0604e-10
   6.0999e-10
   6.1393e-10
   6.1788e-10
   6.2182e-10
   6.2576e-10
   6.2970e-10
   6.3364e-10
   6.3757e-10
   6.4150e-10
   6.4544e-10
   6.4937e-10
   6.5330e-10
   6.5722e-10
   6.6115e-10
   6.6507e-10
   6.6899e-10
   6.7291e-10
   6.7683e-10
   6.8075e-10
   6.8466e-10
   6.8858e-10
   6.9249e-10
   6.9640e-10
   7.0031e-10
   7.0421e-10
   7.0812e-10
   7.1202e-10
   7.1592e-10
   7.1983e-10
   7.2374e-10
   7.2764e-10
   7.3154e-10
   7.3544e-10
   7.3934e-10
   7.4324e-10
   7.4714e-10
   7.5103e-10
   7.5493e-10
   7.5882e-10
   7.6271e-10
   7.6659e-10
   7.7048e-10
   7.7436e-10
   7.7825e-10
   7.8213e-10
   7.8601e-10
   7.8988e-10
   7.9376e-10
   7.9763e-10
   8.0151e-10
   8.0538e-10
   8.0925e-10
   8.1311e-10
   8.1698e-10
   8.2084e-10
   8.2471e-10
   8.2857e-10
   8.3243e-10
   8.3628e-10
   8.4014e-10
   8.4399e-10
   8.4785e-10
   8.5170e-10
   8.5555e-10
   8.5939e-10
   8.6324e-10
   8.6708e-10
   8.7092e-10
   8.7477e-10
   8.7860e-10
   8.8244e-10
   8.8628e-10
   8.9011e-10
   8.9394e-10
   8.9777e-10
   9.0160e-10
   9.0543e-10
   9.0926e-10
   9.1308e-10
   9.1690e-10
   9.2072e-10
   9.2454e-10
   9.2836e-10
   9.3218e-10
   9.3599e-10
   9.3980e-10
   9.4361e-10
   9.4742e-10
   9.5123e-10
   9.5504e-10
   9.5884e-10
   9.6264e-10
   9.6644e-10
   9.7024e-10
   9.7404e-10
   9.7784e-10
   9.8163e-10
   9.8542e-10
   9.8921e-10
   9.9300e-10
   9.9679e-10
   1.0006e-09
   1.0044e-09
   1.0081e-09
   1.0119e-09
   1.0157e-09
   1.0195e-09
   1.0233e-09
   1.0270e-09
   1.0308e-09
   1.0346e-09
   1.0383e-09
   1.0421e-09
   1.0459e-09
   1.0496e-09
   1.0534e-09
   1.0572e-09
   1.0609e-09
   1.0647e-09
   1.0684e-09
   1.0722e-09
   1.0760e-09
   1.0797e-09
   1.0835e-09
   1.0872e-09
   1.0910e-09
   1.0947e-09
   1.0984e-09
   1.1022e-09
   1.1059e-09
   1.1097e-09
   1.1134e-09
   1.1171e-09
   1.1209e-09
   1.1246e-09
   1.1283e-09
   1.1321e-09
   1.1358e-09
   1.1395e-09
   1.1432e-09
   1.1470e-09
   1.1507e-09
   1.1544e-09
   1.1581e-09
   1.1618e-09
   1.1656e-09
   1.1693e-09
   1.1730e-09
   1.1767e-09
   1.1804e-09
   1.1841e-09
   1.1878e-09
   1.1915e-09
   1.1952e-09
   1.1989e-09
   1.2026e-09
   1.2063e-09
   1.2100e-09
   1.2137e-09
   1.2174e-09
   1.2211e-09
   1.2248e-09
   1.2285e-09
   1.2322e-09
   1.2359e-09
   1.2396e-09
   1.2433e-09
   1.2470e-09
   1.2507e-09
   1.2543e-09
   1.2580e-09
   1.2617e-09
   1.2654e-09
   1.2691e-09
   1.2727e-09
   1.2764e-09
   1.2801e-09
   1.2838e-09
   1.2874e-09
   1.2911e-09
   1.2948e-09
   1.2984e-09
   1.3021e-09
   1.3058e-09
   1.3094e-09
   1.3131e-09
   1.3167e-09
   1.3204e-09
   1.3240e-09
   1.3277e-09
   1.3313e-09
   1.3350e-09
   1.3386e-09
   1.3423e-09
   1.3459e-09
   1.3496e-09
   1.3532e-09
   1.3569e-09
   1.3605e-09
   1.3641e-09
   1.3678e-09
   1.3714e-09
   1.3750e-09
   1.3787e-09
   1.3823e-09
   1.3859e-09
   1.3896e-09
   1.3932e-09
   1.3968e-09
   1.4004e-09
   1.4040e-09
   1.4077e-09
   1.4113e-09
   1.4149e-09
   1.4185e-09
   1.4221e-09
   1.4257e-09
   1.4293e-09
   1.4330e-09
   1.4366e-09
   1.4402e-09
   1.4438e-09
   1.4474e-09
   1.4510e-09
   1.4546e-09
   1.4582e-09
   1.4618e-09
   1.4654e-09
   1.4689e-09
   1.4725e-09
   1.4761e-09
   1.4797e-09
   1.4833e-09
   1.4869e-09
   1.4905e-09
   1.4941e-09
   1.4976e-09
   1.5012e-09
   1.5048e-09
   1.5084e-09
   1.5119e-09
   1.5155e-09
   1.5191e-09
   1.5227e-09
   1.5262e-09
   1.5298e-09
   1.5333e-09
   1.5369e-09
   1.5405e-09
   1.5440e-09
   1.5476e-09
   1.5512e-09
   1.5547e-09
   1.5583e-09
   1.5618e-09
   1.5654e-09
   1.5689e-09
   1.5725e-09
   1.5760e-09
   1.5796e-09
   1.5831e-09
   1.5866e-09
   1.5902e-09
   1.5937e-09
   1.5973e-09
   1.6008e-09
   1.6043e-09
   1.6079e-09
   1.6114e-09
   1.6149e-09
   1.6184e-09
   1.6220e-09
   1.6255e-09
   1.6290e-09
   1.6325e-09
   1.6361e-09
   1.6396e-09
   1.6431e-09
   1.6466e-09
   1.6501e-09
   1.6536e-09
   1.6572e-09
   1.6607e-09
   1.6642e-09
   1.6677e-09
   1.6712e-09
   1.6747e-09
   1.6782e-09
   1.6817e-09
   1.6853e-09
   1.6888e-09
   1.6923e-09
   1.6958e-09
   1.6993e-09
   1.7028e-09
   1.7063e-09
   1.7098e-09
   1.7133e-09
   1.7168e-09
   1.7202e-09
   1.7237e-09
   1.7272e-09
   1.7307e-09
   1.7342e-09
   1.7377e-09
   1.7412e-09
   1.7447e-09
   1.7481e-09
   1.7516e-09
   1.7551e-09
   1.7586e-09
   1.7620e-09
   1.7655e-09
   1.7690e-09
   1.7725e-09
   1.7759e-09
   1.7794e-09
   1.7829e-09
   1.7863e-09
   1.7898e-09
   1.7933e-09
   1.7967e-09
   1.8002e-09
   1.8036e-09
   1.8071e-09
   1.8105e-09
   1.8140e-09
   1.8175e-09
   1.8209e-09
   1.8243e-09
   1.8278e-09
   1.8312e-09
   1.8347e-09
   1.8381e-09
   1.8416e-09
   1.8450e-09
   1.8485e-09
   1.8519e-09
   1.8553e-09
   1.8588e-09
   1.8622e-09
   1.8656e-09
   1.8691e-09
   1.8725e-09
   1.8759e-09
   1.8793e-09
   1.8828e-09
   1.8862e-09
   1.8896e-09
   1.8930e-09
   1.8964e-09
   1.8999e-09
   1.9033e-09
   1.9067e-09
   1.9101e-09
   1.9135e-09
   1.9169e-09
   1.9203e-09
   1.9237e-09
   1.9271e-09
   1.9305e-09
   1.9339e-09
   1.9373e-09
   1.9407e-09
   1.9441e-09
   1.9475e-09
   1.9509e-09
   1.9543e-09
   1.9577e-09
   1.9611e-09
   1.9645e-09
   1.9679e-09
   1.9713e-09
   1.9747e-09
   1.9780e-09
   1.9814e-09
   1.9848e-09
   1.9882e-09
   1.9916e-09
   1.9949e-09
   1.9983e-09
   2.0017e-09
   2.0051e-09
   2.0084e-09
   2.0118e-09
   2.0152e-09
   2.0185e-09
   2.0219e-09
   2.0253e-09
   2.0286e-09
   2.0320e-09
   2.0353e-09
   2.0387e-09
   2.0421e-09
   2.0454e-09
   2.0488e-09
   2.0521e-09
   2.0555e-09
   2.0588e-09
   2.0622e-09
   2.0655e-09
   2.0689e-09
   2.0722e-09
   2.0756e-09
   2.0789e-09
   2.0822e-09
   2.0856e-09
   2.0889e-09
   2.0922e-09
   2.0956e-09
   2.0989e-09
   2.1022e-09
   2.1056e-09
   2.1089e-09
   2.1123e-09
   2.1156e-09
   2.1189e-09
   2.1222e-09
   2.1256e-09
   2.1289e-09
   2.1322e-09
   2.1356e-09
   2.1389e-09
   2.1422e-09
   2.1455e-09
   2.1488e-09
   2.1522e-09
   2.1555e-09
   2.1588e-09
   2.1621e-09
   2.1654e-09
   2.1687e-09
   2.1720e-09
   2.1753e-09
   2.1787e-09
   2.1820e-09
   2.1853e-09
   2.1886e-09
   2.1919e-09
   2.1952e-09
   2.1985e-09
   2.2018e-09
   2.2051e-09
   2.2084e-09
   2.2116e-09
   2.2149e-09
   2.2182e-09
   2.2215e-09
   2.2248e-09
   2.2281e-09
   2.2314e-09
   2.2347e-09
   2.2379e-09
   2.2412e-09
   2.2445e-09
   2.2478e-09
   2.2511e-09
   2.2543e-09
   2.2576e-09
   2.2609e-09
   2.2642e-09
   2.2674e-09
   2.2707e-09
   2.2740e-09
   2.2772e-09
   2.2805e-09
   2.2837e-09
   2.2870e-09
   2.2903e-09
   2.2935e-09
   2.2968e-09
   2.3000e-09
   2.3033e-09
   2.3066e-09
   2.3098e-09
   2.3131e-09
   2.3163e-09
   2.3196e-09
   2.3228e-09
   2.3260e-09
   2.3293e-09
   2.3325e-09
   2.3358e-09
   2.3390e-09
   2.3422e-09
   2.3455e-09
   2.3487e-09
   2.3520e-09
   2.3552e-09
   2.3584e-09
   2.3617e-09
   2.3649e-09
   2.3681e-09
   2.3713e-09
   2.3746e-09
   2.3778e-09
   2.3810e-09
   2.3842e-09
   2.3874e-09
   2.3907e-09
   2.3939e-09
   2.3971e-09
   2.4003e-09
   2.4035e-09
   2.4067e-09
   2.4099e-09
   2.4132e-09
   2.4164e-09
   2.4196e-09
   2.4228e-09
   2.4260e-09
   2.4292e-09
   2.4324e-09
   2.4356e-09
   2.4388e-09
   2.4420e-09
   2.4452e-09
   2.4484e-09
   2.4516e-09
   2.4548e-09
   2.4579e-09
   2.4611e-09
   2.4643e-09
   2.4675e-09
   2.4707e-09
   2.4739e-09
   2.4771e-09
   2.4802e-09
   2.4834e-09
   2.4866e-09
   2.4898e-09
   2.4929e-09
   2.4961e-09
   2.4993e-09
   2.5025e-09
   2.5056e-09
   2.5088e-09
   2.5120e-09
   2.5151e-09
   2.5183e-09
   2.5215e-09
   2.5246e-09
   2.5278e-09
   2.5310e-09
   2.5341e-09
   2.5373e-09
   2.5405e-09
   2.5436e-09
   2.5468e-09
   2.5500e-09
   2.5531e-09
   2.5563e-09
   2.5594e-09
   2.5626e-09
   2.5657e-09
   2.5689e-09
   2.5720e-09
   2.5752e-09
   2.5783e-09
   2.5815e-09
   2.5846e-09
   2.5878e-09
   2.5909e-09
   2.5941e-09
   2.5972e-09
   2.6003e-09
   2.6035e-09
   2.6066e-09
   2.6097e-09
   2.6129e-09
   2.6160e-09
   2.6191e-09
   2.6223e-09
   2.6254e-09
   2.6285e-09
   2.6317e-09
   2.6348e-09
   2.6379e-09
   2.6410e-09
   2.6441e-09
   2.6473e-09
   2.6504e-09
   2.6535e-09
   2.6566e-09
   2.6597e-09
   2.6628e-09
   2.6659e-09
   2.6691e-09
   2.6722e-09
   2.6753e-09
   2.6784e-09
   2.6815e-09
   2.6846e-09
   2.6877e-09
   2.6908e-09
   2.6939e-09
   2.6970e-09
   2.7001e-09
   2.7032e-09
   2.7063e-09
   2.7094e-09
   2.7125e-09
   2.7156e-09
   2.7187e-09
   2.7217e-09
   2.7248e-09
   2.7279e-09
   2.7310e-09
   2.7341e-09
   2.7372e-09
   2.7402e-09
   2.7433e-09
   2.7464e-09
   2.7495e-09
   2.7526e-09
   2.7556e-09
   2.7587e-09
   2.7618e-09
   2.7648e-09
   2.7679e-09
   2.7710e-09
   2.7741e-09
   2.7771e-09
   2.7802e-09
   2.7832e-09
   2.7863e-09
   2.7894e-09
   2.7924e-09
   2.7955e-09
   2.7985e-09
   2.8016e-09
   2.8047e-09
   2.8077e-09
   2.8108e-09
   2.8138e-09
   2.8169e-09
   2.8199e-09
   2.8230e-09
   2.8260e-09
   2.8290e-09
   2.8321e-09
   2.8351e-09
   2.8382e-09
   2.8412e-09
   2.8442e-09
   2.8473e-09
   2.8503e-09
   2.8534e-09
   2.8564e-09
   2.8594e-09
   2.8625e-09
   2.8655e-09
   2.8685e-09
   2.8715e-09
   2.8746e-09
   2.8776e-09
   2.8806e-09
   2.8836e-09
   2.8867e-09
   2.8897e-09
   2.8927e-09
   2.8957e-09
   2.8987e-09
   2.9017e-09
   2.9048e-09
   2.9078e-09
   2.9108e-09
   2.9138e-09
   2.9168e-09
   2.9198e-09
   2.9228e-09
   2.9258e-09
   2.9289e-09
   2.9319e-09
   2.9349e-09
   2.9379e-09
   2.9409e-09
   2.9439e-09
   2.9469e-09
   2.9499e-09
   2.9529e-09
   2.9559e-09
   2.9589e-09
   2.9619e-09
   2.9649e-09
   2.9679e-09
   2.9709e-09
   2.9739e-09
   2.9769e-09
   2.9798e-09
   2.9828e-09
   2.9858e-09
   2.9888e-09
   2.9918e-09
   2.9948e-09
   2.9978e-09
   3.0007e-09
   3.0037e-09
   3.0067e-09
   3.0097e-09
   3.0127e-09
   3.0156e-09
   3.0186e-09
   3.0216e-09
   3.0245e-09
   3.0275e-09
   3.0305e-09
   3.0335e-09
   3.0364e-09
   3.0394e-09
   3.0424e-09
   3.0453e-09
   3.0483e-09
   3.0512e-09
   3.0542e-09
   3.0572e-09
   3.0601e-09
   3.0631e-09
   3.0660e-09
   3.0690e-09
   3.0719e-09
   3.0749e-09
   3.0778e-09
   3.0808e-09
   3.0837e-09
   3.0867e-09
   3.0896e-09
   3.0926e-09
   3.0955e-09
   3.0985e-09
   3.1014e-09
   3.1043e-09
   3.1073e-09
   3.1102e-09
   3.1131e-09
   3.1161e-09
   3.1190e-09
   3.1219e-09
   3.1249e-09
   3.1278e-09
   3.1307e-09
   3.1337e-09
   3.1366e-09
   3.1395e-09
   3.1424e-09
   3.1454e-09
   3.1483e-09
   3.1512e-09
   3.1541e-09
   3.1570e-09
   3.1600e-09
   3.1629e-09
   3.1658e-09
   3.1687e-09
   3.1716e-09
   3.1745e-09
   3.1774e-09
   3.1803e-09
   3.1832e-09
   3.1862e-09
   3.1891e-09
   3.1920e-09
   3.1949e-09
   3.1978e-09
   3.2007e-09
   3.2036e-09
   3.2065e-09
   3.2094e-09
   3.2123e-09
   3.2152e-09
   3.2180e-09
   3.2209e-09
   3.2238e-09
   3.2267e-09
   3.2296e-09
   3.2325e-09
   3.2354e-09
   3.2383e-09
   3.2411e-09
   3.2440e-09
   3.2469e-09
   3.2498e-09
   3.2527e-09
   3.2556e-09
   3.2584e-09
   3.2613e-09
   3.2642e-09
   3.2671e-09
   3.2699e-09
   3.2728e-09
   3.2757e-09
   3.2785e-09
   3.2814e-09
   3.2843e-09
   3.2871e-09
   3.2900e-09
   3.2929e-09
   3.2957e-09
   3.2986e-09
   3.3015e-09
   3.3043e-09
   3.3072e-09
   3.3101e-09
   3.3129e-09
   3.3158e-09
   3.3186e-09
   3.3215e-09
   3.3244e-09
   3.3272e-09
   3.3301e-09
   3.3329e-09
   3.3358e-09
   3.3386e-09
   3.3415e-09
   3.3443e-09
   3.3472e-09
   3.3500e-09
   3.3529e-09
   3.3557e-09
   3.3586e-09
   3.3614e-09
   3.3642e-09
   3.3671e-09
   3.3699e-09
   3.3728e-09
   3.3756e-09
   3.3784e-09
   3.3813e-09
   3.3841e-09
   3.3869e-09
   3.3898e-09
   3.3926e-09
   3.3954e-09
   3.3983e-09
   3.4011e-09
   3.4039e-09
   3.4067e-09
   3.4096e-09
   3.4124e-09
   3.4152e-09
   3.4180e-09
   3.4208e-09
   3.4237e-09
   3.4265e-09
   3.4293e-09
   3.4321e-09
   3.4349e-09
   3.4377e-09
   3.4405e-09
   3.4433e-09
   3.4461e-09
   3.4490e-09
   3.4518e-09
   3.4546e-09
   3.4574e-09
   3.4602e-09
   3.4630e-09
   3.4658e-09
   3.4686e-09
   3.4714e-09
   3.4742e-09
   3.4770e-09
   3.4798e-09
   3.4826e-09
   3.4854e-09
   3.4881e-09
   3.4909e-09
   3.4937e-09
   3.4965e-09
   3.4993e-09
   3.5021e-09
   3.5049e-09
   3.5077e-09
   3.5104e-09
   3.5132e-09
   3.5160e-09
   3.5188e-09
   3.5216e-09
   3.5243e-09
   3.5271e-09
   3.5299e-09
   3.5327e-09
   3.5354e-09
   3.5382e-09
   3.5410e-09
   3.5437e-09
   3.5465e-09
   3.5493e-09
   3.5520e-09
   3.5548e-09
   3.5576e-09
   3.5603e-09
   3.5631e-09
   3.5659e-09
   3.5686e-09
   3.5714e-09
   3.5741e-09
   3.5769e-09
   3.5797e-09
   3.5824e-09
   3.5852e-09
   3.5879e-09
   3.5907e-09
   3.5934e-09
   3.5962e-09
   3.5989e-09
   3.6017e-09
   3.6044e-09
   3.6071e-09
   3.6099e-09
   3.6126e-09
   3.6154e-09
   3.6181e-09
   3.6208e-09
   3.6236e-09
   3.6263e-09
   3.6291e-09
   3.6318e-09
   3.6345e-09
   3.6373e-09
   3.6400e-09
   3.6427e-09
   3.6455e-09
   3.6482e-09
   3.6509e-09
   3.6536e-09
   3.6564e-09
   3.6591e-09
   3.6618e-09
   3.6646e-09
   3.6673e-09
   3.6700e-09
   3.6727e-09
   3.6755e-09
   3.6782e-09
   3.6809e-09
   3.6836e-09
   3.6864e-09
   3.6891e-09
   3.6918e-09
   3.6945e-09
   3.6972e-09
   3.6999e-09
   3.7026e-09
   3.7054e-09
   3.7081e-09
   3.7108e-09
   3.7135e-09
   3.7162e-09
   3.7189e-09
   3.7216e-09
   3.7243e-09
   3.7270e-09
   3.7297e-09
   3.7324e-09
   3.7351e-09
   3.7378e-09
   3.7405e-09
   3.7432e-09
   3.7459e-09
   3.7486e-09
   3.7513e-09
   3.7540e-09
   3.7567e-09
   3.7594e-09
   3.7621e-09
   3.7648e-09
   3.7674e-09
   3.7701e-09
   3.7728e-09
   3.7755e-09
   3.7782e-09
   3.7809e-09
   3.7835e-09
   3.7862e-09
   3.7889e-09
   3.7916e-09
   3.7943e-09
   3.7969e-09
   3.7996e-09
   3.8023e-09
   3.8050e-09
   3.8076e-09
   3.8103e-09
   3.8130e-09
   3.8156e-09
   3.8183e-09
   3.8210e-09
   3.8236e-09
   3.8263e-09
   3.8290e-09
   3.8316e-09
   3.8343e-09
   3.8369e-09
   3.8396e-09
   3.8423e-09
   3.8449e-09
   3.8476e-09
   3.8502e-09
   3.8529e-09
   3.8555e-09
   3.8582e-09
   3.8608e-09
   3.8635e-09
   3.8661e-09
   3.8688e-09
   3.8714e-09
   3.8741e-09
   3.8767e-09
   3.8794e-09
   3.8820e-09
   3.8847e-09
   3.8873e-09
   3.8899e-09
   3.8926e-09
   3.8952e-09
   3.8978e-09
   3.9005e-09
   3.9031e-09
   3.9057e-09
   3.9084e-09
   3.9110e-09
   3.9136e-09
   3.9163e-09
   3.9189e-09
   3.9215e-09
   3.9241e-09
   3.9268e-09
   3.9294e-09
   3.9320e-09
   3.9346e-09
   3.9373e-09
   3.9399e-09
   3.9425e-09
   3.9451e-09
   3.9477e-09
   3.9504e-09
   3.9530e-09
   3.9556e-09
   3.9582e-09
   3.9608e-09
   3.9634e-09
   3.9660e-09
   3.9686e-09
   3.9712e-09
   3.9739e-09
   3.9765e-09
   3.9791e-09
   3.9817e-09
   3.9843e-09
   3.9869e-09
   3.9895e-09
   3.9921e-09
   3.9947e-09
   3.9973e-09
   3.9999e-09
   4.0025e-09
   4.0051e-09
   4.0077e-09
   4.0103e-09
   4.0129e-09
   4.0155e-09
   4.0181e-09
   4.0207e-09
   4.0233e-09
   4.0259e-09
   4.0284e-09
   4.0310e-09
   4.0336e-09
   4.0362e-09
   4.0388e-09
   4.0414e-09
   4.0440e-09
   4.0466e-09
   4.0491e-09
   4.0517e-09
   4.0543e-09
   4.0569e-09
   4.0595e-09
   4.0620e-09
   4.0646e-09
   4.0672e-09
   4.0698e-09
   4.0723e-09
   4.0749e-09
   4.0775e-09
   4.0801e-09
   4.0826e-09
   4.0852e-09
   4.0878e-09
   4.0903e-09
   4.0929e-09
   4.0955e-09
   4.0980e-09
   4.1006e-09
   4.1032e-09
   4.1057e-09
   4.1083e-09
   4.1108e-09
   4.1134e-09
   4.1160e-09
   4.1185e-09
   4.1211e-09
   4.1236e-09
   4.1262e-09
   4.1287e-09
   4.1313e-09
   4.1338e-09
   4.1364e-09
   4.1389e-09
   4.1415e-09
   4.1440e-09
   4.1466e-09
   4.1491e-09
   4.1517e-09
   4.1542e-09
   4.1568e-09
   4.1593e-09
   4.1618e-09
   4.1644e-09
   4.1669e-09
   4.1694e-09
   4.1720e-09
   4.1745e-09
   4.1771e-09
   4.1796e-09
   4.1821e-09
   4.1846e-09
   4.1872e-09
   4.1897e-09
   4.1922e-09
   4.1948e-09
   4.1973e-09
   4.1998e-09
   4.2023e-09
   4.2049e-09
   4.2074e-09
   4.2099e-09
   4.2124e-09
   4.2149e-09
   4.2175e-09
   4.2200e-09
   4.2225e-09
   4.2250e-09
   4.2275e-09
   4.2300e-09
   4.2326e-09
   4.2351e-09
   4.2376e-09
   4.2401e-09
   4.2426e-09
   4.2451e-09
   4.2476e-09
   4.2501e-09
   4.2526e-09
   4.2551e-09
   4.2576e-09
   4.2601e-09
   4.2626e-09
   4.2651e-09
   4.2676e-09
   4.2701e-09
   4.2726e-09
   4.2751e-09
   4.2776e-09
   4.2801e-09
   4.2826e-09
   4.2851e-09
   4.2876e-09
   4.2901e-09
   4.2926e-09
   4.2951e-09
   4.2975e-09
   4.3000e-09
   4.3025e-09
   4.3050e-09
   4.3075e-09
   4.3100e-09
   4.3124e-09
   4.3149e-09
   4.3174e-09
   4.3199e-09
   4.3224e-09
   4.3249e-09
   4.3273e-09
   4.3298e-09
   4.3323e-09
   4.3348e-09
   4.3373e-09
   4.3397e-09
   4.3422e-09
   4.3447e-09
   4.3472e-09
   4.3496e-09
   4.3521e-09
   4.3546e-09
   4.3571e-09
   4.3595e-09
   4.3620e-09
   4.3645e-09
   4.3669e-09
   4.3694e-09
   4.3719e-09
   4.3743e-09
   4.3768e-09
   4.3793e-09
   4.3817e-09
   4.3842e-09
   4.3866e-09
   4.3891e-09
   4.3915e-09
   4.3940e-09
   4.3965e-09
   4.3989e-09
   4.4014e-09
   4.4038e-09
   4.4063e-09
   4.4087e-09
   4.4112e-09
   4.4136e-09
   4.4161e-09
   4.4185e-09
   4.4210e-09
   4.4234e-09
   4.4259e-09
   4.4283e-09
   4.4307e-09
   4.4332e-09
   4.4356e-09
   4.4381e-09
   4.4405e-09
   4.4429e-09
   4.4454e-09
   4.4478e-09
   4.4502e-09
   4.4527e-09
   4.4551e-09
   4.4575e-09
   4.4600e-09
   4.4624e-09
   4.4648e-09
   4.4673e-09
   4.4697e-09
   4.4721e-09
   4.4746e-09
   4.4770e-09
   4.4794e-09
   4.4818e-09
   4.4842e-09
   4.4867e-09
   4.4891e-09
   4.4915e-09
   4.4939e-09
   4.4963e-09
   4.4988e-09
   4.5012e-09
   4.5036e-09
   4.5060e-09
   4.5084e-09
   4.5108e-09
   4.5132e-09
   4.5157e-09
   4.5181e-09
   4.5205e-09
   4.5229e-09
   4.5253e-09
   4.5277e-09
   4.5301e-09
   4.5325e-09
   4.5349e-09
   4.5373e-09
   4.5397e-09
   4.5421e-09
   4.5445e-09
   4.5469e-09
   4.5493e-09
   4.5517e-09
   4.5541e-09
   4.5565e-09
   4.5589e-09
   4.5613e-09
   4.5637e-09
   4.5661e-09
   4.5684e-09
   4.5708e-09
   4.5732e-09
   4.5756e-09
   4.5780e-09
   4.5804e-09
   4.5828e-09
   4.5852e-09
   4.5875e-09
   4.5899e-09
   4.5923e-09
   4.5947e-09
   4.5971e-09
   4.5994e-09
   4.6018e-09
   4.6042e-09
   4.6066e-09
   4.6089e-09
   4.6113e-09
   4.6137e-09
   4.6161e-09
   4.6184e-09
   4.6208e-09
   4.6232e-09
   4.6255e-09
   4.6279e-09
   4.6303e-09
   4.6327e-09
   4.6350e-09
   4.6374e-09
   4.6398e-09
   4.6421e-09
   4.6445e-09
   4.6469e-09
   4.6492e-09
   4.6516e-09
   4.6540e-09
   4.6563e-09
   4.6587e-09
   4.6611e-09
   4.6634e-09
   4.6658e-09
   4.6681e-09
   4.6705e-09
   4.6728e-09
   4.6752e-09
   4.6776e-09
   4.6799e-09
   4.6823e-09
   4.6846e-09
   4.6870e-09
   4.6893e-09
   4.6917e-09
   4.6940e-09
   4.6964e-09
   4.6987e-09
   4.7011e-09
   4.7034e-09
   4.7057e-09
   4.7081e-09
   4.7104e-09
   4.7128e-09
   4.7151e-09
   4.7175e-09
   4.7198e-09
   4.7221e-09
   4.7245e-09
   4.7268e-09
   4.7291e-09
   4.7315e-09
   4.7338e-09
   4.7361e-09
   4.7385e-09
   4.7408e-09
   4.7431e-09
   4.7455e-09
   4.7478e-09
   4.7501e-09
   4.7524e-09
   4.7548e-09
   4.7571e-09
   4.7594e-09
   4.7617e-09
   4.7641e-09
   4.7664e-09
   4.7687e-09
   4.7710e-09
   4.7733e-09
   4.7757e-09
   4.7780e-09
   4.7803e-09
   4.7826e-09
   4.7849e-09
   4.7872e-09
   4.7896e-09
   4.7919e-09
   4.7942e-09
   4.7965e-09
   4.7988e-09
   4.8011e-09
   4.8034e-09
   4.8057e-09
   4.8080e-09
   4.8103e-09
   4.8126e-09
   4.8149e-09
   4.8172e-09
   4.8195e-09
   4.8218e-09
   4.8241e-09
   4.8264e-09
   4.8287e-09
   4.8310e-09
   4.8333e-09
   4.8356e-09
   4.8379e-09
   4.8402e-09
   4.8425e-09
   4.8448e-09
   4.8471e-09
   4.8494e-09
   4.8517e-09
   4.8540e-09
   4.8563e-09
   4.8585e-09
   4.8608e-09
   4.8631e-09
   4.8654e-09
   4.8677e-09
   4.8700e-09
   4.8722e-09
   4.8745e-09
   4.8768e-09
   4.8791e-09
   4.8814e-09
   4.8836e-09
   4.8859e-09
   4.8882e-09
   4.8905e-09
   4.8927e-09
   4.8950e-09
   4.8973e-09
   4.8996e-09
   4.9018e-09
   4.9041e-09
   4.9064e-09
   4.9086e-09
   4.9109e-09
   4.9132e-09
   4.9154e-09
   4.9177e-09
   4.9200e-09
   4.9222e-09
   4.9245e-09
   4.9268e-09
   4.9290e-09
   4.9313e-09
   4.9336e-09
   4.9358e-09
   4.9381e-09
   4.9404e-09
   4.9426e-09
   4.9449e-09
   4.9471e-09
   4.9494e-09
   4.9517e-09
   4.9539e-09
   4.9562e-09
   4.9584e-09
   4.9607e-09
   4.9629e-09
   4.9652e-09
   4.9674e-09
   4.9697e-09
   4.9719e-09
   4.9742e-09
   4.9764e-09
   4.9787e-09
   4.9809e-09
   4.9832e-09
   4.9854e-09
   4.9877e-09
   4.9899e-09
   4.9922e-09
   4.9944e-09
   4.9966e-09
   4.9989e-09
   5.0011e-09
   5.0034e-09
   5.0056e-09
   5.0078e-09
   5.0101e-09
   5.0123e-09
   5.0145e-09
   5.0168e-09
   5.0190e-09
   5.0212e-09
   5.0235e-09
   5.0257e-09
   5.0279e-09
   5.0302e-09
   5.0324e-09
   5.0346e-09
   5.0368e-09
   5.0391e-09
   5.0413e-09
   5.0435e-09
   5.0457e-09
   5.0480e-09
   5.0502e-09
   5.0524e-09
   5.0546e-09
   5.0568e-09
   5.0591e-09
   5.0613e-09
   5.0635e-09
   5.0657e-09
   5.0679e-09
   5.0701e-09
   5.0724e-09
   5.0746e-09
   5.0768e-09
   5.0790e-09
   5.0812e-09
   5.0834e-09
   5.0856e-09
   5.0878e-09
   5.0900e-09
   5.0922e-09
   5.0944e-09
   5.0966e-09
   5.0989e-09
   5.1011e-09
   5.1033e-09
   5.1055e-09
   5.1077e-09
   5.1099e-09
   5.1121e-09
   5.1143e-09
   5.1165e-09
   5.1186e-09
   5.1208e-09
   5.1230e-09
   5.1252e-09
   5.1274e-09
   5.1296e-09
   5.1318e-09
   5.1340e-09
   5.1362e-09
   5.1384e-09
   5.1406e-09
   5.1428e-09
   5.1449e-09
   5.1471e-09
   5.1493e-09
   5.1515e-09
   5.1537e-09
   5.1559e-09
   5.1580e-09
   5.1602e-09
   5.1624e-09
   5.1646e-09
   5.1668e-09
   5.1689e-09
   5.1711e-09
   5.1733e-09
   5.1755e-09
   5.1777e-09
   5.1798e-09
   5.1820e-09
   5.1842e-09
   5.1863e-09
   5.1885e-09
   5.1907e-09
   5.1929e-09
   5.1950e-09
   5.1972e-09
   5.1994e-09
   5.2015e-09
   5.2037e-09
   5.2059e-09
   5.2080e-09
   5.2102e-09
   5.2124e-09
   5.2145e-09
   5.2167e-09
   5.2189e-09
   5.2210e-09
   5.2232e-09
   5.2253e-09
   5.2275e-09
   5.2297e-09
   5.2318e-09
   5.2340e-09
   5.2361e-09
   5.2383e-09
   5.2405e-09
   5.2426e-09
   5.2448e-09
   5.2469e-09
   5.2491e-09
   5.2512e-09
   5.2534e-09
   5.2555e-09
   5.2577e-09
   5.2598e-09
   5.2620e-09
   5.2641e-09
   5.2663e-09
   5.2684e-09
   5.2706e-09
   5.2727e-09
   5.2749e-09
   5.2770e-09
   5.2792e-09
   5.2813e-09
   5.2834e-09
   5.2856e-09
   5.2877e-09
   5.2899e-09
   5.2920e-09
   5.2941e-09
   5.2963e-09
   5.2984e-09
   5.3005e-09
   5.3027e-09
   5.3048e-09
   5.3069e-09
   5.3091e-09
   5.3112e-09
   5.3133e-09
   5.3155e-09
   5.3176e-09
   5.3197e-09
   5.3218e-09
   5.3240e-09
   5.3261e-09
   5.3282e-09
   5.3304e-09
   5.3325e-09
   5.3346e-09
   5.3367e-09
   5.3388e-09
   5.3410e-09
   5.3431e-09
   5.3452e-09
   5.3473e-09
   5.3494e-09
   5.3516e-09
   5.3537e-09
   5.3558e-09
   5.3579e-09
   5.3600e-09
   5.3621e-09
   5.3642e-09
   5.3664e-09
   5.3685e-09
   5.3706e-09
   5.3727e-09
   5.3748e-09
   5.3769e-09
   5.3790e-09
   5.3811e-09
   5.3832e-09
   5.3853e-09
   5.3874e-09
   5.3895e-09
   5.3916e-09
   5.3937e-09
   5.3958e-09
   5.3979e-09
   5.4000e-09
   5.4021e-09
   5.4042e-09
   5.4063e-09
   5.4084e-09
   5.4105e-09
   5.4126e-09
   5.4147e-09
   5.4168e-09
   5.4189e-09
   5.4210e-09
   5.4231e-09
   5.4252e-09
   5.4273e-09
   5.4293e-09
   5.4314e-09
   5.4335e-09
   5.4356e-09
   5.4377e-09
   5.4398e-09
   5.4419e-09
   5.4439e-09
   5.4460e-09
   5.4481e-09
   5.4502e-09
   5.4523e-09
   5.4544e-09
   5.4564e-09
   5.4585e-09
   5.4606e-09
   5.4627e-09
   5.4647e-09
   5.4668e-09
   5.4689e-09
   5.4710e-09
   5.4730e-09
   5.4751e-09
   5.4772e-09
   5.4793e-09
   5.4813e-09
   5.4834e-09
   5.4855e-09
   5.4875e-09
   5.4896e-09
   5.4917e-09
   5.4938e-09
   5.4958e-09
   5.4979e-09
   5.5000e-09
   5.5020e-09
   5.5041e-09
   5.5062e-09
   5.5082e-09
   5.5103e-09
   5.5124e-09
   5.5144e-09
   5.5165e-09
   5.5186e-09
   5.5206e-09
   5.5227e-09
   5.5247e-09
   5.5268e-09
   5.5288e-09
   5.5309e-09
   5.5330e-09
   5.5350e-09
   5.5371e-09
   5.5391e-09
   5.5412e-09
   5.5432e-09
   5.5453e-09
   5.5473e-09
   5.5494e-09
   5.5514e-09
   5.5535e-09
   5.5555e-09
   5.5576e-09
   5.5596e-09
   5.5617e-09
   5.5637e-09
   5.5658e-09
   5.5678e-09
   5.5699e-09
   5.5719e-09
   5.5739e-09
   5.5760e-09
   5.5780e-09
   5.5801e-09
   5.5821e-09
   5.5841e-09
   5.5862e-09
   5.5882e-09
   5.5902e-09
   5.5923e-09
   5.5943e-09
   5.5964e-09
   5.5984e-09
   5.6004e-09
   5.6024e-09
   5.6045e-09
   5.6065e-09
   5.6085e-09
   5.6106e-09
   5.6126e-09
   5.6146e-09
   5.6167e-09
   5.6187e-09
   5.6207e-09
   5.6227e-09
   5.6247e-09
   5.6268e-09
   5.6288e-09
   5.6308e-09
   5.6328e-09
   5.6349e-09
   5.6369e-09
   5.6389e-09
   5.6409e-09
   5.6429e-09
   5.6449e-09
   5.6470e-09
   5.6490e-09
   5.6510e-09
   5.6530e-09
   5.6550e-09
   5.6570e-09
   5.6590e-09
   5.6611e-09
   5.6631e-09
   5.6651e-09
   5.6671e-09
   5.6691e-09
   5.6711e-09
   5.6731e-09
   5.6751e-09
   5.6771e-09
   5.6791e-09
   5.6811e-09
   5.6831e-09
   5.6851e-09
   5.6871e-09
   5.6891e-09
   5.6911e-09
   5.6931e-09
   5.6951e-09
   5.6971e-09
   5.6991e-09
   5.7011e-09
   5.7031e-09
   5.7051e-09
   5.7071e-09
   5.7091e-09
   5.7111e-09
   5.7131e-09
   5.7151e-09
   5.7171e-09
   5.7191e-09
   5.7211e-09
   5.7230e-09
   5.7250e-09
   5.7270e-09
   5.7290e-09
   5.7310e-09
   5.7330e-09
   5.7350e-09
   5.7369e-09
   5.7389e-09
   5.7409e-09
   5.7429e-09
   5.7449e-09
   5.7469e-09
   5.7489e-09
   5.7509e-09
   5.7528e-09
   5.7548e-09
   5.7568e-09
   5.7588e-09
   5.7608e-09
   5.7627e-09
   5.7647e-09
   5.7667e-09
   5.7687e-09
   5.7707e-09
   5.7726e-09
   5.7746e-09
   5.7766e-09
   5.7786e-09
   5.7805e-09
   5.7825e-09
   5.7845e-09
   5.7864e-09
   5.7884e-09
   5.7904e-09
   5.7924e-09
   5.7943e-09
   5.7963e-09
   5.7983e-09
   5.8002e-09
   5.8022e-09
   5.8042e-09
   5.8061e-09
   5.8081e-09
   5.8100e-09
   5.8120e-09
   5.8140e-09
   5.8159e-09
   5.8179e-09
   5.8198e-09
   5.8218e-09
   5.8238e-09
   5.8257e-09
   5.8277e-09
   5.8296e-09
   5.8316e-09
   5.8335e-09
   5.8355e-09
   5.8375e-09
   5.8394e-09
   5.8414e-09
   5.8433e-09
   5.8453e-09
   5.8472e-09
   5.8492e-09
   5.8511e-09
   5.8531e-09
   5.8550e-09
   5.8570e-09
   5.8589e-09
   5.8608e-09
   5.8628e-09
   5.8647e-09
   5.8667e-09
   5.8686e-09
   5.8706e-09
   5.8725e-09
   5.8744e-09
   5.8764e-09
   5.8783e-09
   5.8803e-09
   5.8822e-09
   5.8841e-09
   5.8861e-09
   5.8880e-09
   5.8899e-09
   5.8919e-09
   5.8938e-09
   5.8957e-09
   5.8977e-09
   5.8996e-09
   5.9015e-09
   5.9035e-09
   5.9054e-09
   5.9073e-09
   5.9093e-09
   5.9112e-09
   5.9131e-09
   5.9150e-09
   5.9170e-09
   5.9189e-09
   5.9208e-09
   5.9227e-09
   5.9247e-09
   5.9266e-09
   5.9285e-09
   5.9304e-09
   5.9323e-09
   5.9343e-09
   5.9362e-09
   5.9381e-09
   5.9400e-09
   5.9419e-09
   5.9439e-09
   5.9458e-09
   5.9477e-09
   5.9496e-09
   5.9515e-09
   5.9534e-09
   5.9553e-09
   5.9572e-09
   5.9592e-09
   5.9611e-09
   5.9630e-09
   5.9649e-09
   5.9668e-09
   5.9687e-09
   5.9706e-09
   5.9725e-09
   5.9744e-09
   5.9763e-09
   5.9782e-09
   5.9801e-09
   5.9820e-09
   5.9839e-09
   5.9858e-09
   5.9877e-09
   5.9897e-09
   5.9916e-09
   5.9935e-09
   5.9954e-09
   5.9973e-09
   5.9992e-09
   6.0011e-09
   6.0030e-09
   6.0049e-09
   6.0068e-09
   6.0087e-09
   6.0106e-09
   6.0125e-09
   6.0144e-09
   6.0163e-09
   6.0181e-09
   6.0200e-09
   6.0219e-09
   6.0238e-09
   6.0257e-09
   6.0276e-09
   6.0295e-09
   6.0314e-09
   6.0333e-09
   6.0352e-09
   6.0371e-09
   6.0389e-09
   6.0408e-09
   6.0427e-09
   6.0446e-09
   6.0465e-09
   6.0484e-09
   6.0503e-09
   6.0521e-09
   6.0540e-09
   6.0559e-09
   6.0578e-09
   6.0597e-09
   6.0616e-09
   6.0634e-09
   6.0653e-09
   6.0672e-09
   6.0691e-09
   6.0709e-09
   6.0728e-09
   6.0747e-09
   6.0766e-09
   6.0784e-09
   6.0803e-09
   6.0822e-09
   6.0841e-09
   6.0859e-09
   6.0878e-09
   6.0897e-09
   6.0915e-09
   6.0934e-09
   6.0953e-09
   6.0971e-09
   6.0990e-09
   6.1009e-09
   6.1027e-09
   6.1046e-09
   6.1065e-09
   6.1083e-09
   6.1102e-09
   6.1121e-09
   6.1139e-09
   6.1158e-09
   6.1177e-09
   6.1195e-09
   6.1214e-09
   6.1232e-09
   6.1251e-09
   6.1269e-09
   6.1288e-09
   6.1307e-09
   6.1325e-09
   6.1344e-09
   6.1362e-09
   6.1381e-09
   6.1399e-09
   6.1418e-09
   6.1436e-09
   6.1455e-09
   6.1473e-09
   6.1492e-09
   6.1510e-09
   6.1529e-09
   6.1547e-09
   6.1566e-09
   6.1584e-09
   6.1603e-09
   6.1621e-09
   6.1640e-09
   6.1658e-09
   6.1677e-09
   6.1695e-09
   6.1713e-09
   6.1732e-09
   6.1750e-09
   6.1769e-09
   6.1787e-09
   6.1805e-09
   6.1824e-09
   6.1842e-09
   6.1861e-09
   6.1879e-09
   6.1897e-09
   6.1916e-09
   6.1934e-09
   6.1952e-09
   6.1971e-09
   6.1989e-09
   6.2007e-09
   6.2026e-09
   6.2044e-09
   6.2062e-09
   6.2081e-09
   6.2099e-09
   6.2117e-09
   6.2135e-09
   6.2154e-09
   6.2172e-09
   6.2190e-09
   6.2208e-09
   6.2227e-09
   6.2245e-09
   6.2263e-09
   6.2281e-09
   6.2300e-09
   6.2318e-09
   6.2336e-09
   6.2355e-09
   6.2373e-09
   6.2391e-09
   6.2409e-09
   6.2427e-09
   6.2446e-09
   6.2464e-09
   6.2482e-09
   6.2500e-09
   6.2518e-09
   6.2537e-09
   6.2555e-09
   6.2573e-09
   6.2591e-09
   6.2609e-09
   6.2627e-09
   6.2646e-09
   6.2664e-09
   6.2682e-09
   6.2700e-09
   6.2718e-09
   6.2736e-09
   6.2754e-09
   6.2772e-09
   6.2791e-09
   6.2809e-09
   6.2827e-09
   6.2845e-09
   6.2863e-09
   6.2881e-09
   6.2899e-09
   6.2917e-09
   6.2935e-09
   6.2953e-09
   6.2971e-09
   6.2989e-09
   6.3007e-09
   6.3025e-09
   6.3043e-09
   6.3061e-09
   6.3079e-09
   6.3097e-09
   6.3115e-09
   6.3133e-09
   6.3151e-09
   6.3169e-09
   6.3187e-09
   6.3205e-09
   6.3223e-09
   6.3241e-09
   6.3259e-09
   6.3277e-09
   6.3295e-09
   6.3313e-09
   6.3331e-09
   6.3349e-09
   6.3366e-09
   6.3384e-09
   6.3402e-09
   6.3420e-09
   6.3438e-09
   6.3456e-09
   6.3474e-09
   6.3492e-09
   6.3509e-09
   6.3527e-09
   6.3545e-09
   6.3563e-09
   6.3581e-09
   6.3599e-09
   6.3616e-09
   6.3634e-09
   6.3652e-09
   6.3670e-09
   6.3688e-09
   6.3705e-09
   6.3723e-09
   6.3741e-09
   6.3759e-09
   6.3777e-09
   6.3794e-09
   6.3812e-09
   6.3830e-09
   6.3848e-09
   6.3865e-09
   6.3883e-09
   6.3901e-09
   6.3918e-09
   6.3936e-09
   6.3954e-09
   6.3972e-09
   6.3989e-09
   6.4007e-09
   6.4025e-09
   6.4042e-09
   6.4060e-09
   6.4078e-09
   6.4095e-09
   6.4113e-09
   6.4131e-09
   6.4148e-09
   6.4166e-09
   6.4184e-09
   6.4201e-09
   6.4219e-09
   6.4236e-09
   6.4254e-09
   6.4272e-09
   6.4289e-09
   6.4307e-09
   6.4324e-09
   6.4342e-09
   6.4359e-09
   6.4377e-09
   6.4395e-09
   6.4412e-09
   6.4430e-09
   6.4447e-09
   6.4465e-09
   6.4482e-09
   6.4500e-09
   6.4517e-09
   6.4535e-09
   6.4552e-09
   6.4570e-09
   6.4587e-09
   6.4605e-09
   6.4623e-09
   6.4640e-09
   6.4658e-09
   6.4675e-09
   6.4693e-09
   6.4710e-09
   6.4727e-09
   6.4745e-09
   6.4762e-09
   6.4780e-09
   6.4797e-09
   6.4815e-09
   6.4832e-09
   6.4850e-09
   6.4867e-09
   6.4885e-09
   6.4902e-09
   6.4919e-09
   6.4937e-09
   6.4954e-09
   6.4972e-09
   6.4989e-09
   6.5006e-09
   6.5024e-09
   6.5041e-09
   6.5059e-09
   6.5076e-09
   6.5093e-09
   6.5111e-09
   6.5128e-09
   6.5145e-09
   6.5163e-09
   6.5180e-09
   6.5197e-09
   6.5215e-09
   6.5232e-09
   6.5249e-09
   6.5267e-09
   6.5284e-09
   6.5301e-09
   6.5319e-09
   6.5336e-09
   6.5353e-09
   6.5370e-09
   6.5388e-09
   6.5405e-09
   6.5422e-09
   6.5439e-09
   6.5457e-09
   6.5474e-09
   6.5491e-09
   6.5508e-09
   6.5526e-09
   6.5543e-09
   6.5560e-09
   6.5577e-09
   6.5594e-09
   6.5612e-09
   6.5629e-09
   6.5646e-09
   6.5663e-09
   6.5680e-09
   6.5697e-09
   6.5715e-09
   6.5732e-09
   6.5749e-09
   6.5766e-09
   6.5783e-09
   6.5800e-09
   6.5817e-09
   6.5835e-09
   6.5852e-09
   6.5869e-09
   6.5886e-09
   6.5903e-09
   6.5920e-09
   6.5937e-09
   6.5954e-09
   6.5971e-09
   6.5988e-09
   6.6005e-09
   6.6022e-09
   6.6039e-09
   6.6057e-09
   6.6074e-09
   6.6091e-09
   6.6108e-09
   6.6125e-09
   6.6142e-09
   6.6159e-09
   6.6176e-09
   6.6193e-09
   6.6210e-09
   6.6227e-09
   6.6244e-09
   6.6261e-09
   6.6278e-09
   6.6295e-09
   6.6311e-09
   6.6328e-09
   6.6345e-09
   6.6362e-09
   6.6379e-09
   6.6396e-09
   6.6413e-09
   6.6430e-09
   6.6447e-09
   6.6464e-09
   6.6481e-09
   6.6498e-09
   6.6515e-09
   6.6531e-09
   6.6548e-09
   6.6565e-09
   6.6582e-09
   6.6599e-09
   6.6616e-09
   6.6633e-09
   6.6649e-09
   6.6666e-09
   6.6683e-09
   6.6700e-09
   6.6717e-09
   6.6734e-09
   6.6750e-09
   6.6767e-09
   6.6784e-09
   6.6801e-09
   6.6818e-09
   6.6835e-09
   6.6851e-09
   6.6868e-09
   6.6885e-09
   6.6902e-09
   6.6919e-09
   6.6935e-09
   6.6952e-09
   6.6969e-09
   6.6986e-09
   6.7003e-09
   6.7019e-09
   6.7036e-09
   6.7053e-09
   6.7070e-09
   6.7086e-09
   6.7103e-09
   6.7120e-09
   6.7137e-09
   6.7153e-09
   6.7170e-09
   6.7187e-09
   6.7203e-09
   6.7220e-09
   6.7237e-09
   6.7253e-09
   6.7270e-09
   6.7287e-09
   6.7303e-09
   6.7320e-09
   6.7337e-09
   6.7353e-09
   6.7370e-09
   6.7387e-09
   6.7403e-09
   6.7420e-09
   6.7437e-09
   6.7453e-09
   6.7470e-09
   6.7486e-09
   6.7503e-09
   6.7520e-09
   6.7536e-09
   6.7553e-09
   6.7569e-09
   6.7586e-09
   6.7603e-09
   6.7619e-09
   6.7636e-09
   6.7652e-09
   6.7669e-09
   6.7685e-09
   6.7702e-09
   6.7718e-09
   6.7735e-09
   6.7751e-09
   6.7768e-09
   6.7785e-09
   6.7801e-09
   6.7818e-09
   6.7834e-09
   6.7851e-09
   6.7867e-09
   6.7883e-09
   6.7900e-09
   6.7916e-09
   6.7933e-09
   6.7949e-09
   6.7966e-09
   6.7982e-09
   6.7999e-09
   6.8015e-09
   6.8032e-09
   6.8048e-09
   6.8064e-09
   6.8081e-09
   6.8097e-09
   6.8114e-09
   6.8130e-09
   6.8146e-09
   6.8163e-09
   6.8179e-09
   6.8196e-09
   6.8212e-09
   6.8228e-09
   6.8245e-09
   6.8261e-09
   6.8277e-09
   6.8294e-09
   6.8310e-09
   6.8326e-09
   6.8343e-09
   6.8359e-09
   6.8375e-09
   6.8392e-09
   6.8408e-09
   6.8424e-09
   6.8441e-09
   6.8457e-09
   6.8473e-09
   6.8489e-09
   6.8506e-09
   6.8522e-09
   6.8538e-09
   6.8555e-09
   6.8571e-09
   6.8587e-09
   6.8603e-09
   6.8620e-09
   6.8636e-09
   6.8652e-09
   6.8668e-09
   6.8684e-09
   6.8701e-09
   6.8717e-09
   6.8733e-09
   6.8749e-09
   6.8765e-09
   6.8782e-09
   6.8798e-09
   6.8814e-09
   6.8830e-09
   6.8846e-09
   6.8863e-09
   6.8879e-09
   6.8895e-09
   6.8911e-09
   6.8927e-09
   6.8943e-09
   6.8960e-09
   6.8976e-09
   6.8992e-09
   6.9008e-09
   6.9024e-09
   6.9040e-09
   6.9057e-09
   6.9073e-09
   6.9089e-09
   6.9105e-09
   6.9121e-09
   6.9137e-09
   6.9153e-09
   6.9169e-09
   6.9185e-09
   6.9202e-09
   6.9218e-09
   6.9234e-09
   6.9250e-09
   6.9266e-09
   6.9282e-09
   6.9298e-09
   6.9314e-09
   6.9330e-09
   6.9346e-09
   6.9362e-09
   6.9378e-09
   6.9394e-09
   6.9410e-09
   6.9426e-09
   6.9442e-09
   6.9458e-09
   6.9474e-09
   6.9490e-09
   6.9506e-09
   6.9522e-09
   6.9538e-09
   6.9554e-09
   6.9570e-09
   6.9586e-09
   6.9602e-09
   6.9618e-09
   6.9634e-09
   6.9650e-09
   6.9666e-09
   6.9682e-09
   6.9698e-09
   6.9714e-09
   6.9730e-09
   6.9745e-09
   6.9761e-09
   6.9777e-09
   6.9793e-09
   6.9809e-09
   6.9825e-09
   6.9841e-09
   6.9857e-09
   6.9873e-09
   6.9888e-09
   6.9904e-09
   6.9920e-09
   6.9936e-09
   6.9952e-09
   6.9968e-09
   6.9983e-09
   6.9999e-09
   7.0015e-09
   7.0031e-09
   7.0047e-09
   7.0063e-09
   7.0078e-09
   7.0094e-09
   7.0110e-09
   7.0126e-09
   7.0142e-09
   7.0157e-09
   7.0173e-09
   7.0189e-09
   7.0205e-09
   7.0220e-09
   7.0236e-09
   7.0252e-09
   7.0268e-09
   7.0283e-09
   7.0299e-09
   7.0315e-09
   7.0331e-09
   7.0346e-09
   7.0362e-09
   7.0378e-09
   7.0393e-09
   7.0409e-09
   7.0425e-09
   7.0441e-09
   7.0456e-09
   7.0472e-09
   7.0488e-09
   7.0503e-09
   7.0519e-09
   7.0535e-09
   7.0550e-09
   7.0566e-09
   7.0582e-09
   7.0597e-09
   7.0613e-09
   7.0628e-09
   7.0644e-09
   7.0660e-09
   7.0675e-09
   7.0691e-09
   7.0706e-09
   7.0722e-09
   7.0738e-09
   7.0753e-09
   7.0769e-09
   7.0784e-09
   7.0800e-09
   7.0816e-09
   7.0831e-09
   7.0847e-09
   7.0862e-09
   7.0878e-09
   7.0893e-09
   7.0909e-09
   7.0925e-09
   7.0940e-09
   7.0956e-09
   7.0971e-09
   7.0987e-09
   7.1002e-09
   7.1018e-09
   7.1033e-09
   7.1049e-09
   7.1064e-09
   7.1080e-09
   7.1095e-09
   7.1111e-09
   7.1126e-09
   7.1142e-09
   7.1157e-09
   7.1173e-09
   7.1188e-09
   7.1204e-09
   7.1219e-09
   7.1235e-09
   7.1250e-09
   7.1266e-09
   7.1281e-09
   7.1297e-09
   7.1312e-09
   7.1328e-09
   7.1343e-09
   7.1358e-09
   7.1374e-09
   7.1389e-09
   7.1405e-09
   7.1420e-09
   7.1436e-09
   7.1451e-09
   7.1466e-09
   7.1482e-09
   7.1497e-09
   7.1513e-09
   7.1528e-09
   7.1543e-09
   7.1559e-09
   7.1574e-09
   7.1589e-09
   7.1605e-09
   7.1620e-09
   7.1635e-09
   7.1651e-09
   7.1666e-09
   7.1681e-09
   7.1697e-09
   7.1712e-09
   7.1727e-09
   7.1743e-09
   7.1758e-09
   7.1773e-09
   7.1789e-09
   7.1804e-09
   7.1819e-09
   7.1834e-09
   7.1850e-09
   7.1865e-09
   7.1880e-09
   7.1895e-09
   7.1911e-09
   7.1926e-09
   7.1941e-09
   7.1956e-09
   7.1972e-09
   7.1987e-09
   7.2002e-09
   7.2017e-09
   7.2033e-09
   7.2048e-09
   7.2063e-09
   7.2078e-09
   7.2093e-09
   7.2109e-09
   7.2124e-09
   7.2139e-09
   7.2154e-09
   7.2169e-09
   7.2185e-09
   7.2200e-09
   7.2215e-09
   7.2230e-09
   7.2245e-09
   7.2260e-09
   7.2275e-09
   7.2291e-09
   7.2306e-09
   7.2321e-09
   7.2336e-09
   7.2351e-09
   7.2366e-09
   7.2381e-09
   7.2396e-09
   7.2412e-09
   7.2427e-09
   7.2442e-09
   7.2457e-09
   7.2472e-09
   7.2487e-09
   7.2502e-09
   7.2517e-09
   7.2532e-09
   7.2547e-09
   7.2562e-09
   7.2577e-09
   7.2592e-09
   7.2607e-09
   7.2622e-09
   7.2637e-09
   7.2652e-09
   7.2667e-09
   7.2682e-09
   7.2697e-09
   7.2712e-09
   7.2727e-09
   7.2742e-09
   7.2757e-09
   7.2772e-09
   7.2787e-09
   7.2802e-09
   7.2817e-09
   7.2832e-09
   7.2847e-09
   7.2862e-09
   7.2877e-09
   7.2892e-09
   7.2907e-09
   7.2922e-09
   7.2937e-09
   7.2952e-09
   7.2967e-09
   7.2982e-09
   7.2997e-09
   7.3012e-09
   7.3027e-09
   7.3042e-09
   7.3057e-09
   7.3072e-09
   7.3087e-09
   7.3102e-09
   7.3116e-09
   7.3131e-09
   7.3146e-09
   7.3161e-09
   7.3176e-09
   7.3191e-09
   7.3206e-09
   7.3221e-09
   7.3236e-09
   7.3250e-09
   7.3265e-09
   7.3280e-09
   7.3295e-09
   7.3310e-09
   7.3325e-09
   7.3340e-09
   7.3354e-09
   7.3369e-09
   7.3384e-09
   7.3399e-09
   7.3414e-09
   7.3428e-09
   7.3443e-09
   7.3458e-09
   7.3473e-09
   7.3488e-09
   7.3502e-09
   7.3517e-09
   7.3532e-09
   7.3547e-09
   7.3562e-09
   7.3576e-09
   7.3591e-09
   7.3606e-09
   7.3621e-09
   7.3635e-09
   7.3650e-09
   7.3665e-09
   7.3680e-09
   7.3694e-09
   7.3709e-09
   7.3724e-09
   7.3738e-09
   7.3753e-09
   7.3768e-09
   7.3783e-09
   7.3797e-09
   7.3812e-09
   7.3827e-09
   7.3841e-09
   7.3856e-09
   7.3871e-09
   7.3885e-09
   7.3900e-09
   7.3915e-09
   7.3929e-09
   7.3944e-09
   7.3959e-09
   7.3973e-09
   7.3988e-09
   7.4003e-09
   7.4017e-09
   7.4032e-09
   7.4046e-09
   7.4061e-09
   7.4076e-09
   7.4090e-09
   7.4105e-09
   7.4119e-09
   7.4134e-09
   7.4149e-09
   7.4163e-09
   7.4178e-09
   7.4192e-09
   7.4207e-09
   7.4222e-09
   7.4236e-09
   7.4251e-09
   7.4265e-09
   7.4280e-09
   7.4294e-09
   7.4309e-09
   7.4323e-09
   7.4338e-09
   7.4352e-09
   7.4367e-09
   7.4381e-09
   7.4396e-09
   7.4410e-09
   7.4425e-09
   7.4439e-09
   7.4454e-09
   7.4468e-09
   7.4483e-09
   7.4497e-09
   7.4512e-09
   7.4526e-09
   7.4541e-09
   7.4555e-09
   7.4570e-09
   7.4584e-09
   7.4599e-09
   7.4613e-09
   7.4628e-09
   7.4642e-09
   7.4656e-09
   7.4671e-09
   7.4685e-09
   7.4700e-09
   7.4714e-09
   7.4729e-09
   7.4743e-09
   7.4757e-09
   7.4772e-09
   7.4786e-09
   7.4801e-09
   7.4815e-09
   7.4829e-09
   7.4844e-09
   7.4858e-09
   7.4873e-09
   7.4887e-09
   7.4901e-09
   7.4916e-09
   7.4930e-09
   7.4945e-09
   7.4959e-09
   7.4973e-09
   7.4988e-09
   7.5002e-09
   7.5016e-09
   7.5031e-09
   7.5045e-09
   7.5059e-09
   7.5074e-09
   7.5088e-09
   7.5102e-09
   7.5117e-09
   7.5131e-09
   7.5145e-09
   7.5160e-09
   7.5174e-09
   7.5188e-09
   7.5203e-09
   7.5217e-09
   7.5231e-09
   7.5245e-09
   7.5260e-09
   7.5274e-09
   7.5288e-09
   7.5302e-09
   7.5317e-09
   7.5331e-09
   7.5345e-09
   7.5360e-09
   7.5374e-09
   7.5388e-09
   7.5402e-09
   7.5416e-09
   7.5431e-09
   7.5445e-09
   7.5459e-09
   7.5473e-09
   7.5488e-09
   7.5502e-09
   7.5516e-09
   7.5530e-09
   7.5544e-09
   7.5558e-09
   7.5573e-09
   7.5587e-09
   7.5601e-09
   7.5615e-09
   7.5629e-09
   7.5644e-09
   7.5658e-09
   7.5672e-09
   7.5686e-09
   7.5700e-09
   7.5714e-09
   7.5728e-09
   7.5743e-09
   7.5757e-09
   7.5771e-09
   7.5785e-09
   7.5799e-09
   7.5813e-09
   7.5827e-09
   7.5841e-09
   7.5855e-09
   7.5869e-09
   7.5884e-09
   7.5898e-09
   7.5912e-09
   7.5926e-09
   7.5940e-09
   7.5954e-09
   7.5968e-09
   7.5982e-09
   7.5996e-09
   7.6010e-09
   7.6024e-09
   7.6038e-09
   7.6052e-09
   7.6066e-09
   7.6080e-09
   7.6094e-09
   7.6108e-09
   7.6122e-09
   7.6136e-09
   7.6150e-09
   7.6164e-09
   7.6178e-09
   7.6192e-09
   7.6206e-09
   7.6220e-09
   7.6234e-09
   7.6248e-09
   7.6262e-09
   7.6276e-09
   7.6290e-09
   7.6304e-09
   7.6318e-09
   7.6332e-09
   7.6346e-09
   7.6360e-09
   7.6374e-09
   7.6388e-09
   7.6402e-09
   7.6416e-09
   7.6430e-09
   7.6443e-09
   7.6457e-09
   7.6471e-09
   7.6485e-09
   7.6499e-09
   7.6513e-09
   7.6527e-09
   7.6541e-09
   7.6555e-09
   7.6569e-09
   7.6583e-09
   7.6596e-09
   7.6610e-09
   7.6624e-09
   7.6638e-09
   7.6652e-09
   7.6666e-09
   7.6680e-09
   7.6694e-09
   7.6707e-09
   7.6721e-09
   7.6735e-09
   7.6749e-09
   7.6763e-09
   7.6777e-09
   7.6791e-09
   7.6804e-09
   7.6818e-09
   7.6832e-09
   7.6846e-09
   7.6860e-09
   7.6873e-09
   7.6887e-09
   7.6901e-09
   7.6915e-09
   7.6929e-09
   7.6943e-09
   7.6956e-09
   7.6970e-09
   7.6984e-09
   7.6998e-09
   7.7011e-09
   7.7025e-09
   7.7039e-09
   7.7053e-09
   7.7066e-09
   7.7080e-09
   7.7094e-09
   7.7108e-09
   7.7121e-09
   7.7135e-09
   7.7149e-09
   7.7163e-09
   7.7176e-09
   7.7190e-09
   7.7204e-09
   7.7217e-09
   7.7231e-09
   7.7245e-09
   7.7259e-09
   7.7272e-09
   7.7286e-09
   7.7300e-09
   7.7313e-09
   7.7327e-09
   7.7341e-09
   7.7354e-09
   7.7368e-09
   7.7382e-09
   7.7395e-09
   7.7409e-09
   7.7423e-09
   7.7436e-09
   7.7450e-09
   7.7464e-09
   7.7477e-09
   7.7491e-09
   7.7504e-09
   7.7518e-09
   7.7532e-09
   7.7545e-09
   7.7559e-09
   7.7573e-09
   7.7586e-09
   7.7600e-09
   7.7613e-09
   7.7627e-09
   7.7640e-09
   7.7654e-09
   7.7668e-09
   7.7681e-09
   7.7695e-09
   7.7708e-09
   7.7722e-09
   7.7735e-09
   7.7749e-09
   7.7763e-09
   7.7776e-09
   7.7790e-09
   7.7803e-09
   7.7817e-09
   7.7830e-09
   7.7844e-09
   7.7857e-09
   7.7871e-09
   7.7884e-09
   7.7898e-09
   7.7911e-09
   7.7925e-09
   7.7938e-09
   7.7952e-09
   7.7965e-09
   7.7979e-09
   7.7992e-09
   7.8006e-09
   7.8019e-09
   7.8033e-09
   7.8046e-09
   7.8060e-09
   7.8073e-09
   7.8086e-09
   7.8100e-09
   7.8113e-09
   7.8127e-09
   7.8140e-09
   7.8154e-09
   7.8167e-09
   7.8180e-09
   7.8194e-09
   7.8207e-09
   7.8221e-09
   7.8234e-09
   7.8248e-09
   7.8261e-09
   7.8274e-09
