  -2.8084e+03
  -2.7867e+03
  -2.7850e+03
  -2.7813e+03
  -2.7548e+03
  -2.7295e+03
  -2.7043e+03
  -2.7586e+03
  -2.7608e+03
  -2.7556e+03
  -2.7481e+03
  -2.7069e+03
  -2.7315e+03
  -2.7218e+03
  -2.6949e+03
  -2.6866e+03
  -2.6712e+03
  -2.6185e+03
  -2.5681e+03
  -2.6080e+03
  -2.5940e+03
  -2.5782e+03
  -2.5544e+03
  -2.4996e+03
  -2.5145e+03
  -2.4537e+03
  -2.4495e+03
  -2.3738e+03
  -2.3824e+03
  -2.3333e+03
  -2.3194e+03
  -2.2007e+03
  -2.1542e+03
  -2.0930e+03
  -2.0450e+03
  -1.9875e+03
  -1.9482e+03
  -1.9039e+03
  -1.8822e+03
  -1.8575e+03
  -1.8109e+03
  -1.7687e+03
  -1.6809e+03
  -1.6238e+03
  -1.6110e+03
  -1.5666e+03
  -1.5242e+03
  -1.4938e+03
  -1.4194e+03
  -1.4054e+03
  -1.3568e+03
  -1.2914e+03
  -1.2789e+03
  -1.2533e+03
  -1.1681e+03
  -1.1662e+03
  -1.1395e+03
  -1.0931e+03
  -1.0629e+03
  -1.0149e+03
  -9.9900e+02
  -8.7019e+02
  -8.6612e+02
  -7.7526e+02
  -6.7389e+02
  -6.4760e+02
  -6.5138e+02
  -5.8386e+02
  -5.4313e+02
  -4.9189e+02
  -4.4113e+02
  -4.0630e+02
  -3.3318e+02
  -2.9349e+02
  -2.6756e+02
  -2.0847e+02
  -2.0607e+02
  -1.4028e+02
  -1.4188e+02
  -5.0376e+01
   4.7685e+00
  -3.0526e+01
  -9.3598e+01
  -1.1591e+02
  -1.0885e+02
  -2.2193e+01
   6.8276e-01
  -1.8966e+00
   5.7757e+01
   1.4367e+02
   1.8364e+02
   1.8482e+02
   3.0497e+02
   3.7286e+02
   3.3089e+02
   4.6773e+02
   4.3920e+02
   4.6905e+02
   5.9933e+02
   6.4444e+02
   6.8129e+02
   7.2148e+02
   7.1743e+02
   8.3583e+02
   9.0250e+02
   9.6729e+02
   9.8128e+02
   1.0756e+03
   1.1277e+03
   1.0171e+03
   1.0616e+03
   1.0725e+03
   1.1025e+03
   1.1178e+03
   1.2857e+03
   1.5212e+03
   1.5103e+03
   1.5869e+03
   1.5991e+03
   1.6261e+03
   1.6390e+03
   1.6877e+03
   1.7123e+03
   1.5733e+03
   1.6687e+03
   1.4964e+03
   1.3160e+03
   1.2996e+03
   1.3622e+03
   1.1470e+03
   1.1056e+03
   1.0943e+03
   9.5841e+02
   9.4675e+02
   9.6729e+02
   8.3432e+02
   7.6461e+02
   7.3433e+02
   5.6878e+02
   6.0697e+02
   5.2831e+02
   5.3229e+02
   4.3625e+02
   3.3439e+02
   2.3257e+02
   2.2028e+02
   1.7524e+02
   1.7728e+02
   1.1200e+02
   4.2607e+01
   1.6973e+01
   4.9147e+00
   1.4319e+01
  -7.1960e+01
  -1.5697e+02
  -1.1769e+02
  -1.0546e+02
  -9.6236e+01
  -2.4014e+02
  -2.9905e+02
  -3.2855e+02
  -3.0228e+02
  -2.0477e+02
  -1.8135e+02
  -1.4053e+02
  -1.4910e+02
  -2.1054e+02
  -2.1499e+02
  -2.4807e+02
  -2.5980e+02
  -3.5510e+02
  -3.6919e+02
  -3.4733e+02
  -3.3192e+02
  -3.5092e+02
  -3.6997e+02
  -3.7541e+02
  -3.6801e+02
  -3.9886e+02
  -4.0209e+02
  -3.7095e+02
  -2.7531e+02
  -2.8656e+02
  -2.7680e+02
  -2.8417e+02
  -2.8217e+02
  -2.3458e+02
  -2.4102e+02
  -2.2167e+02
  -2.0402e+02
  -1.8962e+02
  -1.9912e+02
  -2.0622e+02
  -1.9393e+02
  -1.7931e+02
  -1.8569e+02
  -1.9155e+02
  -1.9740e+02
  -2.2254e+02
  -2.1005e+02
  -2.1658e+02
  -2.2390e+02
  -1.9560e+02
  -1.9791e+02
  -1.8130e+02
  -1.8468e+02
  -1.8900e+02
  -2.1544e+02
  -2.1794e+02
  -1.9803e+02
  -1.9902e+02
  -1.9530e+02
  -2.0894e+02
  -2.1014e+02
  -2.1158e+02
  -2.0017e+02
  -2.0175e+02
  -2.2618e+02
  -2.2866e+02
  -2.3117e+02
  -2.3293e+02
  -2.2278e+02
  -2.4931e+02
  -2.5589e+02
  -2.6160e+02
  -2.6650e+02
  -2.7012e+02
  -2.7279e+02
  -2.5277e+02
  -2.1847e+02
  -2.0441e+02
  -2.1135e+02
  -2.1661e+02
  -2.2167e+02
  -2.2620e+02
  -2.3102e+02
  -2.5205e+02
  -2.2231e+02
  -2.5974e+02
  -2.5206e+02
  -2.5567e+02
  -2.7984e+02
  -2.8344e+02
  -3.0657e+02
  -3.1027e+02
  -3.1400e+02
  -3.3559e+02
  -3.1744e+02
  -3.2093e+02
  -3.2326e+02
  -3.2572e+02
  -3.2557e+02
  -3.1307e+02
  -3.0465e+02
  -3.1548e+02
  -3.1895e+02
  -3.2166e+02
  -3.2462e+02
  -3.2714e+02
  -3.5045e+02
  -3.5411e+02
  -3.4888e+02
  -3.6047e+02
  -3.5365e+02
  -3.5495e+02
  -3.5760e+02
  -3.5991e+02
  -3.4432e+02
  -3.4714e+02
  -3.5065e+02
  -3.5277e+02
  -3.5594e+02
  -3.5783e+02
  -3.4517e+02
  -3.4714e+02
  -3.3686e+02
  -3.4171e+02
  -3.6650e+02
  -3.6931e+02
  -3.7283e+02
  -3.7439e+02
  -3.7815e+02
  -3.8015e+02
  -3.6479e+02
  -3.5468e+02
  -3.5776e+02
  -3.5836e+02
  -3.6013e+02
  -3.6019e+02
  -3.6215e+02
  -3.8101e+02
  -3.8298e+02
  -3.6013e+02
  -3.6308e+02
  -3.4612e+02
  -3.6505e+02
  -3.6612e+02
  -3.6940e+02
  -3.6993e+02
  -3.7264e+02
  -3.7301e+02
  -3.7573e+02
  -3.8934e+02
  -3.8159e+02
  -3.8149e+02
  -3.8338e+02
  -3.8113e+02
  -4.0710e+02
  -4.0682e+02
  -4.1176e+02
  -4.1393e+02
  -4.1813e+02
  -4.1877e+02
  -4.2192e+02
  -4.2172e+02
  -4.2384e+02
  -4.2320e+02
  -4.0973e+02
  -4.2296e+02
  -4.2509e+02
  -4.2492e+02
  -4.2752e+02
  -4.1155e+02
  -4.1421e+02
  -4.1461e+02
  -4.1733e+02
  -4.0485e+02
  -3.8982e+02
  -3.8710e+02
  -3.7231e+02
  -3.8544e+02
  -3.7628e+02
  -3.7259e+02
  -3.9455e+02
  -4.0067e+02
  -4.0442e+02
  -4.0333e+02
  -4.0589e+02
  -4.0473e+02
  -3.9032e+02
  -3.9008e+02
  -3.9330e+02
  -3.9257e+02
  -3.9468e+02
  -4.0616e+02
  -4.0905e+02
  -4.0808e+02
  -4.1049e+02
  -4.1010e+02
  -4.1374e+02
  -4.1367e+02
  -4.1657e+02
  -4.1628e+02
  -4.1923e+02
  -4.1858e+02
  -4.2068e+02
  -4.1998e+02
  -4.2252e+02
  -4.2213e+02
  -4.2436e+02
  -4.2442e+02
  -4.2749e+02
  -4.2714e+02
  -4.2897e+02
  -4.2781e+02
  -4.4377e+02
  -4.4106e+02
  -4.4068e+02
  -4.3839e+02
  -4.4116e+02
  -4.4249e+02
  -4.4638e+02
  -4.4713e+02
  -4.5140e+02
  -4.5134e+02
  -4.7017e+02
  -4.5813e+02
  -4.6117e+02
  -4.6089e+02
  -4.6451e+02
  -4.6548e+02
  -4.6988e+02
  -4.7027e+02
  -4.7322e+02
  -4.7288e+02
  -4.7579e+02
  -4.7515e+02
  -4.7703e+02
  -4.7617e+02
  -4.7844e+02
  -4.7741e+02
  -4.7898e+02
  -4.7782e+02
  -4.8001e+02
  -4.7859e+02
  -4.7981e+02
  -4.7827e+02
  -4.7176e+02
  -4.7029e+02
  -4.7905e+02
  -4.7748e+02
  -4.7083e+02
  -4.6910e+02
  -4.6940e+02
  -4.6770e+02
  -4.6071e+02
  -4.6820e+02
  -4.5467e+02
  -4.5321e+02
  -4.4613e+02
  -4.4486e+02
  -4.4508e+02
  -4.5187e+02
  -4.4451e+02
  -4.5870e+02
  -4.6034e+02
  -4.5918e+02
  -4.6091e+02
  -4.5946e+02
  -4.6043e+02
  -4.5970e+02
  -4.6224e+02
  -4.6128e+02
  -4.6235e+02
  -4.6162e+02
  -4.6422e+02
  -4.6337e+02
  -4.5560e+02
  -4.5454e+02
  -4.5655e+02
  -4.5521e+02
  -4.5556e+02
  -4.5398e+02
  -4.5538e+02
  -4.5360e+02
  -4.4425e+02
  -4.5119e+02
  -4.4340e+02
  -4.4139e+02
  -4.4097e+02
  -4.3923e+02
  -4.4076e+02
  -4.3911e+02
  -4.3903e+02
  -4.3737e+02
  -4.3883e+02
  -4.3725e+02
  -4.3703e+02
  -4.3549e+02
  -4.3684e+02
  -4.3582e+02
  -4.4341e+02
  -4.5300e+02
  -4.3464e+02
  -4.2120e+02
  -4.2064e+02
  -4.1869e+02
  -4.0439e+02
  -4.0248e+02
  -4.0173e+02
  -3.9958e+02
  -4.0020e+02
  -3.9773e+02
  -3.9591e+02
  -3.9261e+02
  -3.8308e+02
  -3.6452e+02
  -3.8512e+02
  -3.8890e+02
  -3.8120e+02
  -3.7760e+02
  -3.7528e+02
  -3.7302e+02
  -3.7426e+02
  -3.7301e+02
  -3.7263e+02
  -3.7132e+02
  -3.7254e+02
  -3.7091e+02
  -3.6977e+02
  -3.6769e+02
  -3.6074e+02
  -3.5822e+02
  -3.5599e+02
  -3.6097e+02
  -3.5461e+02
  -3.5355e+02
  -3.5282e+02
  -3.5119e+02
  -3.4484e+02
  -3.4979e+02
  -3.4077e+02
  -3.3717e+02
  -3.3423e+02
  -3.0755e+02
  -3.2265e+02
  -3.1984e+02
  -3.1519e+02
  -3.1965e+02
  -3.1984e+02
  -3.1860e+02
  -3.1478e+02
  -3.1346e+02
  -3.1302e+02
  -3.1739e+02
  -3.1330e+02
  -3.1154e+02
  -3.1195e+02
  -3.1238e+02
  -3.1689e+02
  -3.1703e+02
  -3.1735e+02
  -3.1630e+02
  -3.1923e+02
  -3.1909e+02
  -3.1998e+02
  -3.1969e+02
  -3.2251e+02
  -3.2185e+02
  -3.2195e+02
  -3.2090e+02
  -3.2288e+02
  -3.2141e+02
  -3.2082e+02
  -3.1916e+02
  -3.2073e+02
  -3.1898e+02
  -3.1831e+02
  -3.1653e+02
  -3.1801e+02
  -3.1629e+02
  -3.1598e+02
  -3.1468e+02
  -3.1667e+02
  -3.1541e+02
  -3.1509e+02
  -3.1367e+02
  -3.1525e+02
  -3.1372e+02
  -3.1309e+02
  -3.1152e+02
  -3.1286e+02
  -3.1076e+02
  -3.0876e+02
  -3.0500e+02
  -2.9159e+02
  -2.9537e+02
  -3.0807e+02
  -3.0852e+02
  -3.1095e+02
  -3.1056e+02
  -3.1066e+02
  -3.0999e+02
  -3.1163e+02
  -3.0956e+02
  -3.0375e+02
  -3.0435e+02
