   2.5000e+02
   2.4800e+02
   2.4800e+02
   2.4800e+02
   2.4800e+02
   2.4500e+02
   2.4600e+02
   2.4400e+02
   2.4400e+02
   2.4400e+02
   2.4400e+02
   2.4300e+02
   2.4200e+02
   2.4200e+02
   2.4200e+02
   2.3900e+02
   2.3900e+02
   2.3600e+02
   2.3400e+02
   2.3100e+02
   2.3100e+02
   2.3100e+02
   2.3100e+02
   2.3000e+02
   2.2700e+02
   2.2600e+02
   2.2400e+02
   2.2200e+02
   2.2000e+02
   2.1900e+02
   2.1600e+02
   2.1300e+02
   2.1000e+02
   2.0500e+02
   2.0500e+02
   2.0500e+02
   2.0300e+02
   2.0200e+02
   2.0100e+02
   2.0100e+02
   2.0100e+02
   2.0100e+02
   2.0100e+02
   2.0100e+02
   2.0100e+02
   2.0100e+02
   2.0000e+02
   2.0000e+02
   2.0000e+02
   1.9800e+02
   1.9800e+02
   1.9700e+02
   1.9600e+02
   1.9400e+02
   1.9400e+02
   1.9000e+02
   1.8900e+02
   1.8800e+02
   1.8700e+02
   1.8800e+02
   1.8300e+02
   1.8200e+02
   1.7800e+02
   1.7800e+02
   1.7900e+02
   1.7800e+02
   1.7800e+02
   1.7900e+02
   1.7900e+02
   1.7800e+02
   1.7800e+02
   1.7800e+02
   1.7800e+02
   1.7800e+02
   1.7700e+02
   1.7600e+02
   1.7500e+02
   1.7400e+02
   1.7200e+02
   1.7200e+02
   1.7200e+02
   1.6800e+02
   1.6300e+02
   1.6100e+02
   1.5800e+02
   1.5900e+02
   1.5800e+02
   1.5600e+02
   1.5600e+02
   1.5700e+02
   1.5600e+02
   1.5300e+02
   1.5400e+02
   1.5500e+02
   1.5300e+02
   1.5500e+02
   1.5200e+02
   1.5100e+02
   1.5300e+02
   1.5200e+02
   1.5100e+02
   1.4900e+02
   1.4700e+02
   1.4900e+02
   1.4900e+02
   1.4900e+02
   1.4700e+02
   1.4400e+02
   1.4300e+02
   1.3800e+02
   1.3800e+02
   1.3700e+02
   1.3700e+02
   1.3600e+02
   1.3800e+02
   1.4200e+02
   1.4100e+02
   1.4200e+02
   1.4100e+02
   1.4100e+02
   1.4000e+02
   1.3900e+02
   1.3500e+02
   1.3200e+02
   1.3400e+02
   1.3000e+02
   1.2700e+02
   1.2800e+02
   1.3000e+02
   1.2500e+02
   1.2400e+02
   1.2600e+02
   1.2400e+02
   1.2400e+02
   1.2600e+02
   1.2500e+02
   1.2500e+02
   1.2600e+02
   1.2400e+02
   1.2400e+02
   1.2300e+02
   1.2400e+02
   1.2600e+02
   1.2300e+02
   1.2200e+02
   1.2300e+02
   1.2300e+02
   1.2400e+02
   1.2400e+02
   1.2400e+02
   1.2300e+02
   1.2300e+02
   1.2400e+02
   1.2200e+02
   1.2100e+02
   1.2200e+02
   1.2300e+02
   1.2400e+02
   1.2100e+02
   1.2000e+02
   1.2000e+02
   1.2100e+02
   1.2300e+02
   1.2300e+02
   1.2400e+02
   1.2300e+02
   1.2200e+02
   1.2200e+02
   1.2100e+02
   1.2200e+02
   1.2000e+02
   1.2000e+02
   1.2100e+02
   1.2200e+02
   1.2200e+02
   1.2200e+02
   1.2200e+02
   1.2200e+02
   1.2100e+02
   1.2100e+02
   1.2200e+02
   1.2600e+02
   1.2600e+02
   1.2700e+02
   1.2700e+02
   1.2700e+02
   1.2900e+02
   1.2800e+02
   1.2900e+02
   1.3000e+02
   1.3100e+02
   1.3100e+02
   1.3100e+02
   1.3200e+02
   1.3300e+02
   1.3300e+02
   1.3300e+02
   1.3300e+02
   1.3200e+02
   1.3300e+02
   1.3300e+02
   1.3300e+02
   1.3500e+02
   1.3500e+02
   1.3600e+02
   1.3600e+02
   1.3600e+02
   1.3500e+02
   1.3500e+02
   1.3600e+02
   1.3600e+02
   1.3600e+02
   1.3500e+02
   1.3500e+02
   1.3500e+02
   1.3600e+02
   1.3600e+02
   1.3500e+02
   1.3500e+02
   1.3500e+02
   1.3500e+02
   1.3600e+02
   1.3500e+02
   1.3500e+02
   1.3500e+02
   1.3500e+02
   1.3500e+02
   1.3500e+02
   1.3600e+02
   1.3800e+02
   1.3900e+02
   1.3900e+02
   1.3900e+02
   1.3900e+02
   1.3900e+02
   1.3900e+02
   1.3800e+02
   1.3900e+02
   1.3700e+02
   1.3800e+02
   1.3800e+02
   1.3700e+02
   1.3700e+02
   1.3600e+02
   1.3600e+02
   1.3600e+02
   1.3500e+02
   1.3600e+02
   1.3600e+02
   1.3600e+02
   1.3600e+02
   1.3600e+02
   1.3700e+02
   1.3700e+02
   1.3600e+02
   1.3600e+02
   1.3600e+02
   1.3600e+02
   1.3600e+02
   1.3500e+02
   1.3500e+02
   1.3600e+02
   1.3500e+02
   1.3600e+02
   1.3600e+02
   1.3600e+02
   1.3600e+02
   1.3700e+02
   1.3700e+02
   1.3700e+02
   1.3700e+02
   1.3700e+02
   1.3700e+02
   1.3800e+02
   1.3800e+02
   1.3900e+02
   1.3900e+02
   1.3800e+02
   1.3800e+02
   1.3800e+02
   1.3800e+02
   1.3800e+02
   1.3800e+02
   1.3900e+02
   1.4000e+02
   1.4000e+02
   1.4000e+02
   1.4000e+02
   1.4000e+02
   1.4000e+02
   1.3900e+02
   1.3900e+02
   1.4100e+02
   1.4100e+02
   1.4200e+02
   1.4100e+02
   1.4100e+02
   1.4100e+02
   1.4100e+02
   1.4100e+02
   1.4100e+02
   1.4100e+02
   1.4000e+02
   1.4100e+02
   1.4100e+02
   1.4100e+02
   1.4100e+02
   1.4000e+02
   1.4000e+02
   1.4000e+02
   1.4000e+02
   1.4000e+02
   1.4000e+02
   1.4000e+02
   1.4000e+02
   1.4000e+02
   1.4000e+02
   1.4100e+02
   1.4000e+02
   1.4000e+02
   1.4000e+02
   1.4000e+02
   1.4100e+02
   1.4100e+02
   1.4100e+02
   1.4100e+02
   1.4200e+02
   1.4300e+02
   1.4300e+02
   1.4400e+02
   1.4200e+02
   1.4300e+02
   1.4300e+02
   1.4200e+02
   1.4200e+02
   1.4200e+02
   1.4200e+02
   1.4200e+02
   1.4200e+02
   1.4300e+02
   1.4300e+02
   1.4300e+02
   1.4300e+02
   1.4300e+02
   1.4200e+02
   1.4200e+02
   1.4200e+02
   1.4200e+02
   1.4200e+02
   1.4200e+02
   1.4200e+02
   1.4200e+02
   1.4200e+02
   1.4200e+02
   1.4200e+02
   1.4200e+02
   1.4200e+02
   1.4200e+02
   1.4200e+02
   1.4200e+02
   1.4200e+02
   1.4200e+02
   1.4200e+02
   1.4200e+02
   1.4200e+02
   1.4100e+02
   1.4100e+02
   1.4100e+02
   1.4100e+02
   1.4100e+02
   1.4100e+02
   1.4100e+02
   1.4000e+02
   1.4000e+02
   1.4000e+02
   1.3900e+02
   1.4000e+02
   1.4000e+02
   1.4000e+02
   1.4000e+02
   1.4000e+02
   1.4000e+02
   1.4000e+02
   1.4000e+02
   1.4000e+02
   1.4000e+02
   1.4000e+02
   1.4000e+02
   1.4000e+02
   1.4000e+02
   1.4000e+02
   1.4000e+02
   1.4000e+02
   1.4000e+02
   1.4000e+02
   1.4000e+02
   1.4000e+02
   1.4100e+02
   1.4100e+02
   1.4000e+02
   1.4000e+02
   1.4100e+02
   1.4100e+02
   1.4100e+02
   1.4100e+02
   1.4200e+02
   1.4100e+02
   1.4200e+02
   1.4200e+02
   1.4300e+02
   1.4300e+02
   1.4300e+02
   1.4200e+02
   1.4300e+02
   1.4200e+02
   1.4200e+02
   1.4200e+02
   1.4200e+02
   1.4200e+02
   1.4200e+02
   1.4200e+02
   1.4200e+02
   1.4200e+02
   1.4200e+02
   1.4200e+02
   1.4200e+02
   1.4200e+02
   1.4300e+02
   1.4300e+02
   1.4300e+02
   1.4300e+02
   1.4300e+02
   1.4300e+02
   1.4300e+02
   1.4300e+02
   1.4400e+02
   1.4300e+02
   1.4400e+02
   1.4400e+02
   1.4400e+02
   1.4400e+02
   1.4400e+02
   1.4400e+02
   1.4400e+02
   1.4400e+02
   1.4400e+02
   1.4400e+02
   1.4400e+02
   1.4400e+02
   1.4400e+02
   1.4400e+02
   1.4400e+02
   1.4300e+02
   1.4500e+02
   1.4600e+02
   1.4600e+02
   1.4600e+02
   1.4700e+02
   1.4700e+02
   1.4700e+02
   1.4700e+02
   1.4700e+02
   1.4700e+02
   1.4700e+02
   1.4700e+02
   1.4800e+02
   1.4700e+02
   1.4600e+02
   1.4500e+02
   1.4600e+02
   1.4600e+02
   1.4600e+02
   1.4600e+02
   1.4600e+02
   1.4600e+02
   1.4600e+02
   1.4600e+02
   1.4600e+02
   1.4600e+02
   1.4600e+02
   1.4600e+02
   1.4700e+02
   1.4700e+02
   1.4700e+02
   1.4600e+02
   1.4700e+02
   1.4700e+02
   1.4700e+02
   1.4700e+02
   1.4800e+02
   1.4700e+02
   1.4800e+02
   1.4800e+02
   1.4800e+02
   1.4800e+02
   1.4600e+02
   1.4600e+02
   1.4700e+02
   1.4600e+02
   1.4600e+02
   1.4600e+02
   1.4700e+02
   1.4700e+02
   1.4700e+02
   1.4600e+02
   1.4700e+02
   1.4700e+02
   1.4700e+02
   1.4700e+02
   1.4700e+02
   1.4700e+02
   1.4700e+02
   1.4700e+02
   1.4700e+02
   1.4700e+02
   1.4700e+02
   1.4700e+02
   1.4700e+02
   1.4700e+02
   1.4700e+02
   1.4700e+02
   1.4700e+02
   1.4700e+02
   1.4700e+02
   1.4700e+02
   1.4700e+02
   1.4700e+02
   1.4700e+02
   1.4700e+02
   1.4700e+02
   1.4700e+02
   1.4700e+02
   1.4700e+02
   1.4700e+02
   1.4700e+02
   1.4700e+02
   1.4700e+02
   1.4700e+02
   1.4700e+02
   1.4700e+02
   1.4700e+02
   1.4700e+02
   1.4700e+02
   1.4700e+02
   1.4700e+02
   1.4800e+02
   1.4800e+02
   1.4700e+02
   1.4700e+02
   1.4700e+02
   1.4700e+02
   1.4700e+02
   1.4700e+02
   1.4700e+02
   1.4700e+02
   1.4700e+02
   1.4500e+02
