  -7.0209e+05
  -6.9969e+05
  -6.9965e+05
  -6.9779e+05
  -6.9786e+05
  -7.0504e+05
  -6.9568e+05
  -6.9594e+05
  -6.9595e+05
  -6.9593e+05
  -6.9559e+05
  -7.0763e+05
  -6.8900e+05
  -6.8914e+05
  -1.0633e+06
  -6.6639e+05
  -6.5824e+05
  -6.6485e+05
  -6.6127e+05
  -6.4640e+05
  -6.0355e+05
  -6.0368e+05
  -6.0158e+05
  -6.0167e+05
  -6.0144e+05
  -5.8604e+05
  -5.8543e+05
  -5.8509e+05
  -5.8345e+05
  -5.8625e+05
  -5.7925e+05
  -5.7946e+05
  -5.8305e+05
  -5.6988e+05
  -5.5232e+05
  -5.4412e+05
  -5.4268e+05
  -5.3973e+05
  -5.3396e+05
  -5.0618e+05
  -5.0028e+05
  -4.8196e+05
  -4.8101e+05
  -4.7771e+05
  -4.7190e+05
  -4.7401e+05
  -4.6918e+05
  -4.6823e+05
  -4.6814e+05
  -4.5400e+05
  -4.5407e+05
  -4.6325e+05
  -4.3079e+05
  -4.3460e+05
  -4.2030e+05
  -4.2000e+05
  -4.2020e+05
  -4.2157e+05
  -4.1039e+05
  -4.1335e+05
  -3.9985e+05
  -4.0037e+05
  -3.9621e+05
  -3.7633e+05
  -3.6660e+05
  -3.6895e+05
  -3.6569e+05
  -3.6724e+05
  -3.5869e+05
  -3.6453e+05
  -3.3904e+05
  -3.4000e+05
  -3.3383e+05
  -3.3238e+05
  -3.3170e+05
  -3.2905e+05
  -3.3112e+05
  -3.2984e+05
  -3.2922e+05
  -3.3466e+05
  -3.2728e+05
  -3.2637e+05
  -3.2724e+05
  -3.2869e+05
  -3.2764e+05
  -3.2832e+05
  -3.2003e+05
  -3.2033e+05
  -3.1902e+05
  -3.1889e+05
  -3.1723e+05
  -3.1500e+05
  -3.1429e+05
  -3.1215e+05
  -3.1657e+05
  -3.1442e+05
  -3.1697e+05
  -3.1552e+05
  -2.9547e+05
  -2.8902e+05
  -2.8474e+05
  -2.7922e+05
  -2.8167e+05
  -2.8003e+05
  -2.8259e+05
  -2.8608e+05
  -2.8338e+05
  -2.8342e+05
  -2.8269e+05
  -2.8341e+05
  -2.7556e+05
  -2.7073e+05
  -2.6346e+05
  -2.4992e+05
  -2.4562e+05
  -2.4410e+05
  -2.4164e+05
  -2.4972e+05
  -2.4509e+05
  -2.4797e+05
  -2.5117e+05
  -2.5133e+05
  -2.5013e+05
  -2.4554e+05
  -2.4102e+05
  -2.3031e+05
  -2.2952e+05
  -2.3101e+05
  -2.2319e+05
  -2.2299e+05
  -2.2525e+05
  -2.1864e+05
  -2.1349e+05
  -2.1402e+05
  -2.1066e+05
  -2.0965e+05
  -2.0449e+05
  -2.0281e+05
  -2.0332e+05
  -1.9874e+05
  -2.0284e+05
  -2.0374e+05
  -2.0116e+05
  -1.9785e+05
  -1.9406e+05
  -1.9300e+05
  -1.9326e+05
  -1.9414e+05
  -1.9573e+05
  -1.9707e+05
  -1.9105e+05
  -1.9168e+05
  -1.9134e+05
  -1.9159e+05
  -1.9024e+05
  -1.8943e+05
  -1.8862e+05
  -1.7761e+05
  -1.7730e+05
  -1.7648e+05
  -1.7702e+05
  -1.7595e+05
  -1.7625e+05
  -1.7622e+05
  -1.7614e+05
  -1.7617e+05
  -1.6942e+05
  -1.6958e+05
  -1.7589e+05
  -1.5877e+05
  -1.5890e+05
  -1.5700e+05
  -1.4328e+05
  -1.4292e+05
  -1.4273e+05
  -1.4281e+05
  -1.4278e+05
  -1.4296e+05
  -1.4587e+05
  -1.3919e+05
  -1.3926e+05
  -1.3871e+05
  -1.3219e+05
  -1.3223e+05
  -1.3229e+05
  -1.3226e+05
  -1.3221e+05
  -1.3219e+05
  -1.3215e+05
  -1.3222e+05
  -1.3100e+05
  -1.3110e+05
  -1.3104e+05
  -1.3154e+05
  -1.2514e+05
  -1.2532e+05
  -1.2517e+05
  -1.2629e+05
  -1.2628e+05
  -1.2633e+05
  -1.2647e+05
  -1.2678e+05
  -1.2644e+05
  -1.2633e+05
  -1.2614e+05
  -1.2515e+05
  -1.2538e+05
  -1.2550e+05
  -1.2552e+05
  -1.2539e+05
  -1.2541e+05
  -1.2563e+05
  -1.2494e+05
  -1.2498e+05
  -1.2513e+05
  -1.2503e+05
  -1.2494e+05
  -1.2492e+05
  -1.2532e+05
  -1.1151e+05
  -1.1200e+05
  -1.1170e+05
  -1.1181e+05
  -1.1163e+05
  -1.1010e+05
  -1.1018e+05
  -1.1019e+05
  -1.1019e+05
  -1.1019e+05
  -1.1019e+05
  -1.1019e+05
  -1.1020e+05
  -1.1020e+05
  -1.1020e+05
  -1.1019e+05
  -1.1018e+05
  -1.1018e+05
  -1.1018e+05
  -1.1019e+05
  -1.1020e+05
  -1.1022e+05
  -1.1027e+05
  -1.1050e+05
  -1.1030e+05
  -1.1028e+05
  -1.1026e+05
  -1.1022e+05
  -1.1021e+05
  -1.1018e+05
  -1.1017e+05
  -1.1017e+05
  -1.1017e+05
  -1.1016e+05
  -1.1015e+05
  -1.1015e+05
  -1.1014e+05
  -1.1047e+05
  -1.1007e+05
  -1.1008e+05
  -1.1007e+05
  -1.0999e+05
  -1.0910e+05
  -1.0926e+05
  -1.0927e+05
  -1.0949e+05
  -1.0927e+05
  -1.0917e+05
  -1.0917e+05
  -1.0916e+05
  -1.0917e+05
  -1.0917e+05
  -1.0917e+05
  -1.0916e+05
  -1.0916e+05
  -1.0934e+05
  -1.0925e+05
  -1.0916e+05
  -1.0910e+05
  -1.0909e+05
  -1.0909e+05
  -1.0907e+05
  -1.0906e+05
  -1.0906e+05
  -1.0906e+05
  -1.0906e+05
  -1.0907e+05
  -1.0908e+05
  -1.0910e+05
  -1.0917e+05
  -1.0918e+05
  -1.0916e+05
  -1.0930e+05
  -1.0915e+05
  -1.0909e+05
  -1.0908e+05
  -1.0910e+05
  -1.0913e+05
  -1.0917e+05
  -1.0914e+05
  -1.0910e+05
  -1.0909e+05
  -1.0909e+05
  -1.0914e+05
  -1.0922e+05
  -1.0911e+05
  -1.0906e+05
  -1.0884e+05
  -1.0727e+05
  -1.0741e+05
  -1.0742e+05
  -1.0742e+05
  -1.0741e+05
  -1.0741e+05
  -1.0692e+05
  -9.4242e+04
  -9.4317e+04
  -9.4347e+04
  -9.4425e+04
  -9.4484e+04
  -9.4368e+04
  -9.4344e+04
  -9.4358e+04
  -9.4432e+04
  -9.4463e+04
  -9.4373e+04
  -9.4345e+04
  -9.4339e+04
  -9.4338e+04
  -9.4340e+04
  -9.4348e+04
  -9.4370e+04
  -9.4442e+04
  -9.4497e+04
  -9.4408e+04
  -9.4426e+04
  -9.4494e+04
  -9.4467e+04
  -9.4396e+04
  -9.4369e+04
  -9.4483e+04
  -9.4546e+04
  -9.4503e+04
  -9.4433e+04
  -9.4369e+04
  -9.4354e+04
  -9.4349e+04
  -9.4345e+04
  -9.4341e+04
  -9.4340e+04
  -9.4340e+04
  -9.4342e+04
  -9.4345e+04
  -9.4351e+04
  -9.4373e+04
  -9.4385e+04
  -9.4413e+04
  -9.4455e+04
  -9.4357e+04
  -9.4357e+04
  -9.4373e+04
  -9.4409e+04
  -9.4315e+04
  -8.9056e+04
  -8.9055e+04
  -8.8989e+04
  -8.8974e+04
  -8.8970e+04
  -8.8970e+04
  -8.8977e+04
  -8.9025e+04
  -8.9166e+04
  -8.9091e+04
  -9.0279e+04
  -8.9713e+04
  -8.9704e+04
  -8.9708e+04
  -8.9709e+04
  -8.9654e+04
  -8.9621e+04
  -8.9670e+04
  -8.9767e+04
  -8.9636e+04
  -8.9591e+04
  -9.2116e+04
  -8.5944e+04
  -8.6107e+04
  -8.6381e+04
  -8.5224e+04
  -8.5275e+04
  -8.5770e+04
  -8.5473e+04
  -8.5574e+04
  -8.5486e+04
  -8.5422e+04
  -8.5410e+04
  -8.5407e+04
  -8.5406e+04
  -8.5406e+04
  -8.5410e+04
  -8.5424e+04
  -8.5444e+04
  -8.6404e+04
  -7.9285e+04
  -7.9418e+04
  -7.9356e+04
  -7.9370e+04
  -7.9348e+04
  -7.9318e+04
  -7.9322e+04
  -7.9320e+04
  -7.9313e+04
  -7.9314e+04
  -7.9330e+04
  -7.9326e+04
  -7.9311e+04
  -7.9324e+04
  -7.9370e+04
  -7.9392e+04
  -7.9346e+04
  -7.9322e+04
  -7.9323e+04
  -7.9348e+04
  -7.9664e+04
  -7.9392e+04
  -7.9254e+04
  -7.9206e+04
  -7.9207e+04
  -7.9241e+04
  -7.9240e+04
  -7.9208e+04
  -7.9211e+04
  -7.9240e+04
  -7.9245e+04
  -7.9208e+04
  -7.9185e+04
  -7.9156e+04
  -7.8786e+04
  -7.4721e+04
  -7.4968e+04
  -7.4997e+04
  -7.5020e+04
  -7.5190e+04
  -7.5006e+04
  -7.4997e+04
  -7.5033e+04
  -7.5169e+04
  -7.5097e+04
  -7.4997e+04
  -7.5124e+04
  -7.3401e+04
  -7.3527e+04
  -7.3556e+04
  -7.3544e+04
  -7.3516e+04
  -7.3510e+04
  -7.3515e+04
  -7.3533e+04
  -7.3576e+04
  -7.3583e+04
  -7.3531e+04
  -7.3508e+04
  -7.3645e+04
  -7.3516e+04
  -7.3595e+04
  -7.3812e+04
  -7.3613e+04
  -7.3509e+04
  -7.3485e+04
  -7.3451e+04
  -7.4281e+04
  -7.3773e+04
  -7.3777e+04
  -7.3795e+04
  -7.3866e+04
  -7.3892e+04
  -7.3800e+04
  -7.3767e+04
  -7.3766e+04
  -7.3770e+04
  -7.3773e+04
  -7.3773e+04
  -7.3783e+04
  -7.3795e+04
  -7.3781e+04
  -7.3771e+04
  -7.3767e+04
  -7.3775e+04
  -7.3795e+04
  -7.3807e+04
  -7.3828e+04
  -7.3858e+04
  -7.3836e+04
  -7.3864e+04
  -7.3822e+04
  -7.3899e+04
  -7.3979e+04
  -7.3853e+04
  -7.3842e+04
  -7.3924e+04
  -7.3983e+04
  -7.3797e+04
  -7.3611e+04
  -7.3449e+04
  -7.3415e+04
  -7.3419e+04
  -7.3433e+04
  -7.3442e+04
  -7.3419e+04
  -7.3427e+04
  -7.3470e+04
  -7.3415e+04
  -7.3415e+04
  -7.3459e+04
  -7.3609e+04
  -7.3596e+04
  -7.3439e+04
  -7.3525e+04
  -7.3488e+04
  -7.3492e+04
  -7.3475e+04
  -7.3487e+04
  -7.3447e+04
  -7.3380e+04
  -7.3373e+04
  -6.7434e+04
  -6.7618e+04
  -6.7560e+04
  -6.7494e+04
  -6.7724e+04
  -6.0972e+04
  -6.0830e+04
  -6.1410e+04
  -6.1706e+04
  -6.1797e+04
  -6.1043e+04
  -6.1077e+04
  -6.1122e+04
  -6.1608e+04
  -6.1414e+04
  -6.1454e+04
  -6.1381e+04
  -6.1179e+04
  -5.9095e+04
  -5.9418e+04
  -5.9261e+04
  -5.9275e+04
  -5.9312e+04
  -5.9309e+04
  -5.9266e+04
  -5.9259e+04
  -5.9248e+04
  -5.9396e+04
  -5.9175e+04
  -5.9169e+04
  -5.9169e+04
  -5.9168e+04
  -5.9170e+04
  -5.9178e+04
  -5.9202e+04
  -5.9285e+04
  -5.9252e+04
  -5.9186e+04
  -5.9167e+04
  -5.9156e+04
  -5.9150e+04
  -5.9154e+04
  -5.9201e+04
  -5.9190e+04
  -5.9269e+04
  -5.9167e+04
  -5.9139e+04
  -5.9110e+04
  -5.9382e+04
  -5.8095e+04
  -5.8153e+04
  -5.7991e+04
  -5.9936e+04
  -5.9965e+04
  -5.9967e+04
  -5.9986e+04
  -5.9861e+04
  -5.0853e+04
  -5.0890e+04
  -5.0857e+04
  -5.1054e+04
  -5.0743e+04
  -5.0819e+04
  -5.0599e+04
  -5.0570e+04
  -5.0590e+04
  -5.0787e+04
  -5.0599e+04
  -5.0565e+04
  -5.0554e+04
  -5.0906e+04
  -5.0720e+04
  -5.0734e+04
  -5.0746e+04
  -5.0757e+04
  -5.0747e+04
  -5.1042e+04
  -5.0781e+04
  -5.1624e+04
  -3.5669e+04
  -3.5744e+04
  -3.5777e+04
  -3.5985e+04
  -3.5767e+04
  -3.5719e+04
  -3.5716e+04
  -3.5716e+04
  -3.5716e+04
  -3.5718e+04
  -3.5732e+04
  -3.5730e+04
  -3.5731e+04
  -3.5735e+04
  -3.5731e+04
  -3.5731e+04
  -3.5742e+04
  -3.5764e+04
  -3.5784e+04
  -3.5773e+04
  -3.5745e+04
  -3.5712e+04
  -3.5534e+04
  -3.7881e+04
  -3.7635e+04
  -3.7571e+04
  -3.7577e+04
  -3.7589e+04
  -3.7598e+04
  -3.7601e+04
  -3.7590e+04
  -3.7580e+04
  -3.7577e+04
  -3.7586e+04
  -3.7601e+04
  -3.7592e+04
  -3.7595e+04
  -3.7608e+04
  -3.7597e+04
  -3.7509e+04
  -3.9813e+04
  -3.7554e+04
  -3.7622e+04
  -3.7639e+04
  -3.7761e+04
  -3.8304e+04
  -3.7888e+04
  -3.7809e+04
  -3.7885e+04
  -3.8265e+04
  -3.7961e+04
  -3.7930e+04
  -3.8031e+04
  -3.8289e+04
  -3.8044e+04
  -3.7966e+04
  -3.8018e+04
  -3.8232e+04
  -3.8008e+04
  -3.7948e+04
  -3.8020e+04
  -3.8184e+04
  -3.8199e+04
  -3.8159e+04
  -3.8249e+04
  -3.8351e+04
  -3.8224e+04
  -3.6243e+04
  -3.6524e+04
  -3.6435e+04
  -3.6342e+04
  -3.6392e+04
  -3.6607e+04
  -3.6446e+04
  -3.6393e+04
  -3.6722e+04
  -3.6647e+04
  -3.6391e+04
  -3.6317e+04
  -3.6371e+04
  -3.6571e+04
  -3.6005e+04
  -3.2412e+04
  -3.2630e+04
  -3.2893e+04
  -3.2628e+04
  -3.2543e+04
  -3.2601e+04
  -3.2913e+04
  -3.2558e+04
  -3.2458e+04
  -3.2473e+04
  -3.2710e+04
  -3.2264e+04
  -3.2183e+04
  -3.2120e+04
  -3.3487e+04
  -3.1568e+04
  -3.1991e+04
  -3.1819e+04
  -3.1829e+04
  -3.1945e+04
  -3.2179e+04
  -3.1873e+04
  -3.1808e+04
  -3.2035e+04
  -3.1875e+04
  -3.2168e+04
  -3.1858e+04
  -3.1800e+04
  -3.1826e+04
  -3.2050e+04
  -3.1802e+04
  -3.1695e+04
  -3.1684e+04
  -3.1720e+04
  -3.2114e+04
  -3.1341e+04
  -3.1310e+04
  -3.1304e+04
  -3.1300e+04
  -3.1298e+04
  -3.1300e+04
  -3.1315e+04
  -3.1868e+04
  -2.9625e+04
  -2.9640e+04
  -2.9628e+04
  -2.9628e+04
  -2.9630e+04
  -2.9632e+04
  -2.9639e+04
  -2.9661e+04
  -2.9655e+04
  -2.9377e+04
  -2.6759e+04
  -2.6729e+04
  -2.6710e+04
  -2.6708e+04
  -2.6718e+04
  -2.6706e+04
  -2.6656e+04
  -2.7461e+04
  -2.6995e+04
  -2.7012e+04
  -2.7019e+04
  -2.7022e+04
  -2.7022e+04
  -2.7022e+04
  -2.7027e+04
  -2.7054e+04
  -2.7038e+04
  -2.7027e+04
  -2.7031e+04
  -2.7033e+04
  -2.7032e+04
  -2.7030e+04
  -2.7024e+04
  -2.7008e+04
  -2.6965e+04
  -2.7295e+04
  -2.7281e+04
  -2.8461e+04
  -2.2298e+04
  -2.2374e+04
  -2.2302e+04
  -2.2561e+04
  -2.2324e+04
  -2.2324e+04
  -2.2323e+04
  -2.2359e+04
  -2.2398e+04
  -2.2346e+04
  -2.2362e+04
  -2.2370e+04
  -2.2359e+04
  -2.2358e+04
  -2.2357e+04
  -2.2343e+04
  -2.2393e+04
  -2.2485e+04
  -2.2399e+04
  -2.2408e+04
  -2.2414e+04
  -2.2415e+04
  -2.2421e+04
  -2.2462e+04
  -2.2666e+04
  -2.2491e+04
  -2.2413e+04
  -2.2397e+04
  -2.2388e+04
  -2.2374e+04
  -2.2327e+04
  -2.2481e+04
  -1.9540e+04
  -1.9709e+04
  -1.9859e+04
  -1.9744e+04
  -1.9707e+04
  -1.9707e+04
  -1.9711e+04
  -1.9737e+04
  -1.9791e+04
  -1.9768e+04
  -1.9803e+04
  -1.9815e+04
  -1.9816e+04
  -1.9758e+04
  -1.9733e+04
  -1.9724e+04
  -1.9725e+04
  -1.9733e+04
  -1.9774e+04
  -1.9994e+04
  -1.9786e+04
  -1.9715e+04
  -1.9705e+04
  -1.9702e+04
  -1.9701e+04
  -1.9700e+04
  -1.9699e+04
  -1.9701e+04
  -1.9707e+04
  -1.9716e+04
  -1.9712e+04
  -1.9704e+04
  -1.9712e+04
  -1.9727e+04
  -1.9710e+04
  -1.9713e+04
  -1.9729e+04
  -1.9733e+04
  -1.9722e+04
  -1.9718e+04
  -1.9722e+04
  -1.9732e+04
  -1.9749e+04
  -1.9761e+04
  -1.9722e+04
  -1.9766e+04
  -1.9205e+04
  -1.9307e+04
  -1.9555e+04
  -1.9326e+04
  -1.9285e+04
  -1.9268e+04
  -1.9253e+04
  -1.9254e+04
  -1.9254e+04
  -1.9244e+04
  -1.9243e+04
  -1.9311e+04
  -1.9311e+04
  -1.9243e+04
  -1.9241e+04
  -1.9245e+04
  -1.9246e+04
  -1.9244e+04
  -1.9241e+04
  -1.9241e+04
  -1.9204e+04
  -1.9876e+04
  -1.9587e+04
  -1.9605e+04
  -1.9604e+04
  -1.9595e+04
  -1.9865e+04
  -1.9599e+04
  -1.9617e+04
  -1.9634e+04
  -1.9675e+04
  -1.9733e+04
  -1.9928e+04
  -1.9690e+04
  -1.9601e+04
  -1.9589e+04
  -1.9586e+04
  -1.9585e+04
  -1.9585e+04
  -1.9585e+04
  -1.9586e+04
  -1.9590e+04
  -1.9620e+04
  -1.9952e+04
  -1.9661e+04
  -1.9555e+04
  -1.9565e+04
  -1.9610e+04
  -1.9601e+04
  -1.9558e+04
  -1.9547e+04
  -1.9544e+04
  -1.9543e+04
  -1.9542e+04
  -1.9543e+04
  -1.9543e+04
  -1.9543e+04
  -1.9543e+04
  -1.9544e+04
  -1.9545e+04
  -1.9546e+04
  -1.9550e+04
  -1.9555e+04
  -1.9559e+04
  -1.9560e+04
  -1.9577e+04
  -1.9727e+04
  -1.9697e+04
  -1.9560e+04
  -1.9543e+04
  -1.9539e+04
  -1.9538e+04
  -1.9537e+04
  -1.9538e+04
  -1.9540e+04
  -1.9553e+04
  -1.9583e+04
  -1.9568e+04
  -1.9544e+04
  -1.9539e+04
  -1.9539e+04
  -1.9540e+04
  -1.9539e+04
  -1.9537e+04
  -1.9534e+04
  -1.9528e+04
  -1.9516e+04
  -1.9636e+04
  -1.9445e+04
  -1.9419e+04
  -1.9430e+04
  -1.9434e+04
  -1.9434e+04
  -1.9423e+04
  -1.9423e+04
  -1.9579e+04
  -1.9539e+04
  -1.9616e+04
  -1.9589e+04
  -1.9553e+04
  -1.9579e+04
  -1.9679e+04
  -1.9782e+04
  -1.9596e+04
  -1.9574e+04
  -1.9581e+04
  -1.9609e+04
  -1.9586e+04
  -1.9563e+04
  -1.9559e+04
  -1.9559e+04
  -1.9562e+04
  -1.9565e+04
  -1.9569e+04
  -1.9580e+04
  -1.9595e+04
  -1.9552e+04
  -2.0503e+04
  -1.7445e+04
  -1.7565e+04
  -1.7579e+04
  -1.7583e+04
  -1.7584e+04
  -1.7585e+04
  -1.7586e+04
  -1.7587e+04
  -1.7587e+04
  -1.7587e+04
  -1.7587e+04
  -1.7588e+04
  -1.7589e+04
  -1.7595e+04
  -1.7623e+04
  -1.7829e+04
  -1.7644e+04
  -1.7523e+04
  -1.8237e+04
  -1.7063e+04
  -1.7111e+04
  -1.7112e+04
  -1.7252e+04
  -1.7021e+04
  -1.7008e+04
  -1.7017e+04
  -1.7020e+04
  -1.7021e+04
  -1.7021e+04
  -1.7021e+04
  -1.7022e+04
  -1.7025e+04
  -1.7035e+04
  -1.7091e+04
  -1.7224e+04
  -1.7097e+04
  -1.7037e+04
  -1.6985e+04
  -1.8760e+04
  -1.4434e+04
