  -7.0209e+05
  -7.0322e+05
  -7.1682e+05
  -7.0433e+05
  -7.0132e+05
  -7.0110e+05
  -7.0227e+05
  -7.0877e+05
  -7.4067e+05
  -7.0713e+05
  -7.0427e+05
  -7.0657e+05
  -7.6289e+05
  -7.1401e+05
  -7.0564e+05
  -7.0362e+05
  -7.0650e+05
  -7.3286e+05
  -7.0978e+05
  -7.0594e+05
  -7.1535e+05
  -7.2389e+05
  -7.2666e+05
  -7.3411e+05
  -7.0596e+05
  -7.0673e+05
  -7.2020e+05
  -7.1793e+05
  -7.0699e+05
  -7.0754e+05
  -7.1268e+05
  -7.3376e+05
  -7.2045e+05
  -7.1993e+05
  -7.4296e+05
  -7.5293e+05
  -7.2748e+05
  -7.3500e+05
  -7.1812e+05
  -7.1217e+05
  -7.2003e+05
  -7.1376e+05
  -7.2691e+05
  -7.2002e+05
  -7.1395e+05
  -7.2325e+05
  -7.1847e+05
  -7.1842e+05
  -7.3831e+05
  -7.1985e+05
  -7.1614e+05
  -7.1111e+05
  -7.1175e+05
  -7.1534e+05
  -7.2593e+05
  -7.2775e+05
  -7.2232e+05
  -7.2046e+05
  -7.3114e+05
  -7.3390e+05
  -7.3102e+05
  -7.3553e+05
  -7.3477e+05
  -7.2588e+05
  -7.2954e+05
  -7.3664e+05
  -7.3637e+05
  -7.2782e+05
  -7.2689e+05
  -7.2918e+05
  -7.3054e+05
  -7.2902e+05
  -7.3354e+05
  -7.4260e+05
  -7.2913e+05
  -7.2567e+05
  -7.2542e+05
  -7.2954e+05
  -7.2739e+05
  -7.2163e+05
  -7.2317e+05
  -7.2842e+05
  -7.3124e+05
  -7.3098e+05
  -7.4046e+05
  -7.3595e+05
  -7.3417e+05
  -7.4932e+05
  -7.4722e+05
  -7.4290e+05
  -7.4357e+05
  -7.4525e+05
  -7.4695e+05
  -7.5603e+05
  -7.5414e+05
  -7.5227e+05
  -7.6036e+05
  -7.7193e+05
  -7.6731e+05
  -7.7447e+05
  -7.7966e+05
  -7.9210e+05
  -7.9311e+05
  -7.7868e+05
  -7.8583e+05
  -7.8334e+05
  -7.9236e+05
  -7.8713e+05
  -7.6913e+05
  -7.7317e+05
  -7.6753e+05
  -7.6411e+05
  -7.7612e+05
  -7.6506e+05
  -7.5498e+05
  -7.6550e+05
  -7.5963e+05
  -7.6218e+05
  -7.7091e+05
  -7.6737e+05
  -7.6253e+05
  -7.7176e+05
  -7.7533e+05
  -7.7380e+05
  -7.7694e+05
  -7.8139e+05
  -7.7165e+05
  -7.7751e+05
  -7.7860e+05
  -7.7821e+05
  -7.8089e+05
  -7.7330e+05
  -7.5817e+05
  -7.4999e+05
  -7.6014e+05
  -7.6906e+05
  -7.6220e+05
  -7.5472e+05
  -7.4752e+05
  -7.4834e+05
  -7.4807e+05
  -7.4525e+05
  -7.4074e+05
  -7.4811e+05
  -7.4989e+05
  -7.4268e+05
  -7.3971e+05
  -7.3932e+05
  -7.4017e+05
  -7.3705e+05
  -7.3365e+05
  -7.3742e+05
  -7.3302e+05
  -7.3525e+05
  -7.3274e+05
  -7.3807e+05
  -7.3452e+05
  -7.3751e+05
  -7.4096e+05
  -7.3407e+05
  -7.3206e+05
  -7.3908e+05
  -7.2935e+05
  -7.2974e+05
  -7.3017e+05
  -7.2738e+05
  -7.2548e+05
  -7.2362e+05
  -7.2272e+05
  -7.2356e+05
  -7.1976e+05
  -7.2023e+05
  -7.2294e+05
  -7.3197e+05
  -7.2437e+05
  -7.2477e+05
  -7.2539e+05
  -7.2417e+05
  -7.2345e+05
  -7.2748e+05
  -7.2002e+05
  -7.2262e+05
  -7.2334e+05
  -7.2424e+05
  -7.4301e+05
  -7.3161e+05
  -7.2657e+05
  -7.2923e+05
  -7.2503e+05
  -7.3199e+05
  -7.2666e+05
  -7.2451e+05
  -7.2299e+05
  -7.2483e+05
  -7.2557e+05
  -7.2316e+05
  -7.2112e+05
  -7.2593e+05
  -7.2338e+05
  -7.1663e+05
  -7.1557e+05
  -7.1773e+05
  -7.1637e+05
  -7.1505e+05
  -7.1417e+05
  -7.1654e+05
  -7.1739e+05
  -7.1963e+05
  -7.1979e+05
  -7.2241e+05
  -7.2548e+05
  -7.2472e+05
  -7.1990e+05
  -7.1817e+05
  -7.1907e+05
  -7.2168e+05
  -7.2957e+05
  -7.2519e+05
  -7.3021e+05
  -7.2602e+05
  -7.2665e+05
  -7.2787e+05
  -7.2853e+05
  -7.3608e+05
  -7.3341e+05
  -7.2776e+05
  -7.2734e+05
  -7.2749e+05
  -7.2703e+05
  -7.2454e+05
  -7.2168e+05
  -7.2215e+05
  -7.2124e+05
  -7.1740e+05
  -7.1825e+05
  -7.2159e+05
  -7.3140e+05
  -7.2854e+05
  -7.2843e+05
  -7.2802e+05
  -7.2647e+05
  -7.2624e+05
  -7.3142e+05
  -7.2815e+05
  -7.2648e+05
  -7.2588e+05
  -7.2507e+05
  -7.2526e+05
  -7.2445e+05
  -7.2794e+05
  -7.3055e+05
  -7.4238e+05
  -7.4192e+05
  -7.3644e+05
  -7.3287e+05
  -7.2822e+05
  -7.2811e+05
  -7.2253e+05
  -7.2333e+05
  -7.2242e+05
  -7.2440e+05
  -7.2468e+05
  -7.2764e+05
  -7.2523e+05
  -7.2351e+05
  -7.2628e+05
  -7.2604e+05
  -7.3090e+05
  -7.2677e+05
  -7.2865e+05
  -7.2325e+05
  -7.3071e+05
  -7.2886e+05
  -7.3299e+05
  -7.2592e+05
  -7.3175e+05
  -7.2902e+05
  -7.3021e+05
  -7.2763e+05
  -7.3220e+05
  -7.2758e+05
  -7.2773e+05
  -7.2696e+05
  -7.2688e+05
  -7.2146e+05
  -7.2196e+05
  -7.2276e+05
  -7.1917e+05
  -7.2229e+05
  -7.3384e+05
  -7.2272e+05
  -7.2632e+05
  -7.2476e+05
  -7.2480e+05
  -7.2340e+05
  -7.2286e+05
  -7.1857e+05
  -7.2073e+05
  -7.2511e+05
  -7.2795e+05
  -7.3779e+05
  -7.2636e+05
  -7.2494e+05
  -7.2599e+05
  -7.2122e+05
