  -7.0209e+05
  -6.9879e+05
  -6.9885e+05
  -6.9874e+05
  -6.9929e+05
  -6.3227e+05
  -6.3763e+05
  -6.2939e+05
  -6.2890e+05
  -6.1369e+05
  -6.1401e+05
  -6.1342e+05
  -6.0838e+05
  -6.0851e+05
  -6.0830e+05
  -6.0913e+05
  -5.9252e+05
  -5.9100e+05
  -5.7945e+05
  -5.7523e+05
  -5.7562e+05
  -5.7554e+05
  -5.7518e+05
  -5.7827e+05
  -5.5358e+05
  -5.5204e+05
  -5.5275e+05
  -5.3727e+05
  -5.3565e+05
  -5.3585e+05
  -5.4829e+05
  -4.8947e+05
  -4.6956e+05
  -4.4508e+05
  -4.4178e+05
  -4.4711e+05
  -4.3084e+05
  -4.2739e+05
  -4.1729e+05
  -4.1329e+05
  -4.1602e+05
  -3.9310e+05
  -3.7934e+05
  -3.8586e+05
  -3.7252e+05
  -3.6741e+05
  -3.6520e+05
  -3.5955e+05
  -3.6035e+05
  -3.5698e+05
  -3.5457e+05
  -3.5565e+05
  -3.5358e+05
  -3.5457e+05
  -3.5497e+05
  -3.3742e+05
  -3.3255e+05
  -3.3271e+05
  -3.4026e+05
  -3.2001e+05
  -3.1278e+05
  -2.9941e+05
  -2.9648e+05
  -2.8708e+05
  -2.8657e+05
  -2.8641e+05
  -2.9143e+05
  -2.8315e+05
  -2.8426e+05
  -2.8119e+05
  -2.8219e+05
  -2.8445e+05
  -2.7526e+05
  -2.7510e+05
  -2.7690e+05
  -2.7467e+05
  -2.7416e+05
  -2.8084e+05
  -2.6846e+05
  -2.4664e+05
  -2.4639e+05
  -2.4489e+05
  -2.4187e+05
  -2.4158e+05
  -2.3771e+05
  -2.3810e+05
  -2.3785e+05
  -2.3554e+05
  -2.4436e+05
  -2.2906e+05
  -2.2834e+05
  -2.2709e+05
  -2.1405e+05
  -2.1392e+05
  -2.0641e+05
  -2.0592e+05
  -2.0473e+05
  -2.0414e+05
  -2.0606e+05
  -2.0247e+05
  -2.0209e+05
  -2.0587e+05
  -2.0534e+05
  -2.0545e+05
  -2.0613e+05
  -2.0682e+05
  -2.0640e+05
  -2.0618e+05
  -2.0452e+05
  -1.9623e+05
  -2.0161e+05
  -2.0455e+05
  -1.9103e+05
  -1.8993e+05
  -1.9185e+05
  -1.9014e+05
  -1.8344e+05
  -1.8489e+05
  -1.7789e+05
  -1.7629e+05
  -1.7653e+05
  -1.7941e+05
  -1.8110e+05
  -1.7525e+05
  -1.7283e+05
  -1.6449e+05
  -1.5823e+05
  -1.5480e+05
  -1.5493e+05
  -1.5982e+05
  -1.5626e+05
  -1.5723e+05
  -1.5693e+05
  -1.5752e+05
  -1.5845e+05
  -1.5855e+05
  -1.6073e+05
  -1.5861e+05
  -1.5799e+05
  -1.5787e+05
  -1.5700e+05
  -1.5711e+05
  -1.5898e+05
  -1.6095e+05
  -1.5779e+05
  -1.5560e+05
  -1.5707e+05
  -1.5596e+05
  -1.5414e+05
  -1.5254e+05
  -1.4920e+05
  -1.4716e+05
  -1.4835e+05
  -1.4885e+05
  -1.4735e+05
  -1.4573e+05
  -1.4530e+05
  -1.4584e+05
  -1.4669e+05
  -1.4819e+05
  -1.4806e+05
  -1.4769e+05
  -1.4681e+05
  -1.4654e+05
  -1.4583e+05
  -1.4624e+05
  -1.4605e+05
  -1.4398e+05
  -1.4529e+05
  -1.4447e+05
  -1.4441e+05
  -1.4497e+05
  -1.4434e+05
  -1.4465e+05
  -1.4459e+05
  -1.4463e+05
  -1.4434e+05
  -1.4462e+05
  -1.4448e+05
  -1.4455e+05
  -1.4309e+05
  -1.4348e+05
  -1.4349e+05
  -1.4338e+05
  -1.4329e+05
  -1.4398e+05
  -1.4352e+05
  -1.4335e+05
  -1.4314e+05
  -1.4339e+05
  -1.4325e+05
  -1.4327e+05
  -1.4313e+05
  -1.4342e+05
  -1.4326e+05
  -1.4330e+05
  -1.4315e+05
  -1.4343e+05
  -1.4360e+05
  -1.4034e+05
  -1.4043e+05
  -1.4061e+05
  -1.4036e+05
  -1.4038e+05
  -1.4037e+05
  -1.4042e+05
  -1.4025e+05
  -1.4025e+05
  -1.4016e+05
  -1.4066e+05
  -1.4007e+05
  -1.4012e+05
  -1.4000e+05
  -1.4024e+05
  -1.4008e+05
  -1.4008e+05
  -1.3933e+05
  -1.3469e+05
  -1.3489e+05
  -1.3515e+05
  -1.3505e+05
  -1.3504e+05
  -1.3485e+05
  -1.3487e+05
  -1.3472e+05
  -1.3503e+05
  -1.3487e+05
  -1.3489e+05
  -1.3497e+05
  -1.3511e+05
  -1.3473e+05
  -1.3446e+05
  -1.3448e+05
  -1.3497e+05
  -1.3490e+05
  -1.3491e+05
  -1.3467e+05
  -1.3498e+05
  -1.3534e+05
  -1.3487e+05
  -1.3470e+05
  -1.3501e+05
  -1.3477e+05
  -1.3482e+05
  -1.3544e+05
  -1.3490e+05
  -1.3469e+05
  -1.3479e+05
  -1.3457e+05
  -1.3489e+05
  -1.3465e+05
  -1.3468e+05
  -1.3422e+05
  -1.3498e+05
  -1.3588e+05
  -1.3556e+05
  -1.3476e+05
  -1.3496e+05
  -1.3531e+05
  -1.3509e+05
  -1.3726e+05
  -1.3735e+05
  -1.3704e+05
  -1.3709e+05
  -1.3689e+05
  -1.3720e+05
  -1.3714e+05
  -1.3675e+05
  -1.3672e+05
  -1.3699e+05
  -1.3672e+05
  -1.3709e+05
  -1.3677e+05
  -1.3713e+05
  -1.3692e+05
  -1.3717e+05
  -1.3682e+05
  -1.3722e+05
  -1.3699e+05
  -1.3714e+05
  -1.3685e+05
  -1.3721e+05
  -1.3696e+05
  -1.3703e+05
  -1.3681e+05
  -1.3720e+05
  -1.3690e+05
  -1.3635e+05
  -1.3596e+05
  -1.3692e+05
  -1.3671e+05
  -1.3654e+05
  -1.3617e+05
  -1.3552e+05
  -1.3539e+05
  -1.3549e+05
  -1.3009e+05
  -1.3062e+05
  -1.3034e+05
  -1.3048e+05
  -1.3020e+05
  -1.3061e+05
  -1.3034e+05
  -1.3047e+05
  -1.3021e+05
  -1.3060e+05
  -1.3077e+05
  -1.2774e+05
  -1.2759e+05
  -1.2799e+05
  -1.2773e+05
  -1.2785e+05
  -1.2759e+05
  -1.2800e+05
  -1.2776e+05
  -1.2785e+05
  -1.2764e+05
  -1.2812e+05
  -1.2787e+05
  -1.2815e+05
  -1.2769e+05
  -1.2807e+05
  -1.2779e+05
  -1.2789e+05
  -1.2763e+05
  -1.2808e+05
  -1.2780e+05
  -1.2790e+05
  -1.2769e+05
  -1.2826e+05
  -1.2784e+05
  -1.2795e+05
  -1.2773e+05
  -1.2823e+05
  -1.2795e+05
  -1.2803e+05
  -1.2772e+05
  -1.2818e+05
  -1.2802e+05
  -1.2839e+05
  -1.2866e+05
  -1.2843e+05
  -1.2885e+05
  -1.2906e+05
  -1.2880e+05
  -1.2929e+05
  -1.2907e+05
  -1.2926e+05
  -1.2917e+05
  -1.2947e+05
  -1.2917e+05
  -1.2920e+05
  -1.2892e+05
  -1.2938e+05
  -1.2949e+05
  -1.2907e+05
  -1.2860e+05
  -1.2659e+05
  -1.2645e+05
  -1.2663e+05
  -1.2625e+05
  -1.2672e+05
  -1.2668e+05
  -1.2725e+05
  -1.2735e+05
  -1.2716e+05
  -1.2663e+05
  -1.2664e+05
  -1.2632e+05
  -1.2669e+05
  -1.2685e+05
  -1.2616e+05
  -1.2589e+05
  -1.2631e+05
  -1.2605e+05
  -1.2612e+05
  -1.2604e+05
  -1.2618e+05
  -1.2601e+05
  -1.2612e+05
  -1.2596e+05
  -1.2634e+05
  -1.2586e+05
  -1.2765e+05
  -1.2754e+05
  -1.2812e+05
  -1.2756e+05
  -1.2757e+05
  -1.2738e+05
  -1.2791e+05
  -1.2765e+05
  -1.2764e+05
  -1.2741e+05
  -1.2782e+05
  -1.2762e+05
  -1.2763e+05
  -1.2736e+05
  -1.2779e+05
  -1.2770e+05
  -1.2775e+05
  -1.2735e+05
  -1.2776e+05
  -1.2755e+05
  -1.2754e+05
  -1.2735e+05
  -1.2793e+05
  -1.2760e+05
  -1.2761e+05
  -1.2743e+05
  -1.2809e+05
  -1.2734e+05
  -1.2732e+05
  -1.2711e+05
  -1.2765e+05
  -1.2750e+05
  -1.2871e+05
  -1.2696e+05
  -1.2740e+05
  -1.2711e+05
  -1.2709e+05
  -1.2694e+05
  -1.2765e+05
  -1.2731e+05
  -1.2755e+05
  -1.2690e+05
  -1.2729e+05
  -1.2718e+05
  -1.2722e+05
  -1.2703e+05
  -1.2746e+05
  -1.2722e+05
  -1.2712e+05
  -1.2732e+05
  -1.1447e+05
  -1.1447e+05
  -1.1449e+05
  -1.1428e+05
  -1.1432e+05
  -1.0907e+05
  -1.0924e+05
  -1.0907e+05
  -1.0948e+05
  -1.0931e+05
  -1.0931e+05
  -1.0917e+05
  -1.0956e+05
  -1.0931e+05
  -1.0929e+05
  -1.0903e+05
  -1.0960e+05
  -1.0719e+05
  -1.0727e+05
  -1.0746e+05
  -1.0768e+05
  -1.0758e+05
  -1.0741e+05
  -1.0799e+05
  -1.0823e+05
  -1.0802e+05
  -1.0799e+05
  -1.0784e+05
  -1.0826e+05
  -1.0801e+05
  -1.0795e+05
  -1.0772e+05
  -1.0745e+05
  -1.0340e+05
  -1.0352e+05
  -1.0335e+05
