  -3.5105e+02
  -3.5128e+02
  -3.5364e+02
  -3.5335e+02
  -3.5118e+02
  -3.5096e+02
  -3.5113e+02
  -3.5269e+02
  -3.5637e+02
  -3.5231e+02
  -3.5233e+02
  -3.5665e+02
  -3.5251e+02
  -3.5103e+02
  -3.5086e+02
  -3.5101e+02
  -3.5221e+02
  -3.6068e+02
  -3.5349e+02
  -3.5441e+02
  -3.7774e+02
  -3.7393e+02
  -3.5565e+02
  -3.5562e+02
  -3.6483e+02
  -3.6845e+02
  -3.5519e+02
  -3.5422e+02
  -5.9900e+02
  -3.5006e+02
  -3.4942e+02
  -3.4929e+02
  -3.4925e+02
  -3.4926e+02
  -3.4933e+02
  -3.4955e+02
  -3.5108e+02
  -3.5301e+02
  -3.5133e+02
  -3.5380e+02
  -3.5079e+02
  -3.5064e+02
  -3.5142e+02
  -3.7868e+02
  -3.5356e+02
  -3.5397e+02
  -3.8652e+02
  -3.5853e+02
  -3.5935e+02
  -3.6695e+02
  -3.8497e+02
  -3.5862e+02
  -3.5929e+02
  -3.8090e+02
  -3.5878e+02
  -3.6055e+02
  -3.6893e+02
  -3.5488e+02
  -3.5283e+02
  -4.2185e+02
  -3.7599e+02
  -3.5764e+02
  -3.5777e+02
  -3.5318e+02
  -3.5169e+02
  -3.8318e+02
  -3.4789e+02
  -3.4767e+02
  -3.5219e+02
  -3.4895e+02
  -3.4710e+02
  -3.4731e+02
  -3.6383e+02
  -3.4532e+02
  -3.4503e+02
  -3.4521e+02
  -3.4691e+02
  -3.4793e+02
  -3.4645e+02
  -3.5216e+02
  -3.4803e+02
  -3.5258e+02
  -3.4763e+02
  -3.4992e+02
  -3.4931e+02
  -3.5648e+02
  -3.4603e+02
  -3.4559e+02
  -3.4583e+02
  -3.4812e+02
  -3.5031e+02
  -3.4679e+02
  -3.4817e+02
  -3.5726e+02
  -3.4751e+02
  -3.4711e+02
  -3.6523e+02
  -3.4570e+02
  -3.4746e+02
  -3.4751e+02
  -3.4565e+02
  -3.5061e+02
