  -7.0209e+05
  -6.9879e+05
  -6.9885e+05
  -6.9874e+05
  -6.9929e+05
  -6.3227e+05
  -6.3763e+05
  -6.2939e+05
  -6.2890e+05
  -6.1369e+05
  -6.1401e+05
  -6.1342e+05
  -6.0838e+05
  -6.0851e+05
  -6.0830e+05
  -6.0913e+05
  -5.9252e+05
  -5.9100e+05
  -5.7945e+05
  -5.7523e+05
  -5.7562e+05
  -5.7554e+05
  -5.7518e+05
  -5.7827e+05
  -5.5358e+05
  -5.5204e+05
  -5.5275e+05
  -5.3727e+05
  -5.3565e+05
  -5.3585e+05
  -5.4829e+05
  -4.8947e+05
  -4.6956e+05
  -4.4508e+05
  -4.4178e+05
  -4.4711e+05
  -4.3084e+05
  -4.2739e+05
  -4.1729e+05
  -4.1329e+05
  -4.1602e+05
  -3.9310e+05
  -3.7934e+05
  -3.8586e+05
  -3.7252e+05
  -3.6741e+05
  -3.6520e+05
  -3.5955e+05
  -3.6035e+05
  -3.5698e+05
  -3.5457e+05
  -3.5565e+05
  -3.5358e+05
  -3.5457e+05
  -3.5497e+05
  -3.3742e+05
  -3.3255e+05
  -3.3271e+05
  -3.4026e+05
  -3.2001e+05
  -3.1278e+05
  -2.9941e+05
  -2.9648e+05
  -2.8708e+05
  -2.8657e+05
  -2.8641e+05
  -2.9143e+05
  -2.8315e+05
  -2.8426e+05
  -2.8119e+05
  -2.8219e+05
  -2.8445e+05
  -2.7526e+05
  -2.7510e+05
  -2.7690e+05
  -2.7467e+05
  -2.7416e+05
  -2.8084e+05
  -2.6846e+05
  -2.4664e+05
  -2.4639e+05
  -2.4489e+05
  -2.4187e+05
  -2.4158e+05
  -2.3771e+05
  -2.3810e+05
  -2.3785e+05
  -2.3554e+05
  -2.4436e+05
  -2.2906e+05
  -2.2834e+05
  -2.2710e+05
  -2.1405e+05
  -2.1393e+05
  -2.0642e+05
  -2.0593e+05
  -2.0474e+05
  -2.0415e+05
  -2.0607e+05
  -2.0247e+05
  -2.0207e+05
  -2.0586e+05
  -2.0534e+05
  -2.0545e+05
  -2.0636e+05
  -2.0703e+05
  -2.0662e+05
  -2.0639e+05
  -2.0466e+05
  -1.9604e+05
  -1.9650e+05
  -2.0029e+05
  -1.9434e+05
  -1.9322e+05
  -1.9514e+05
  -1.9383e+05
  -1.8221e+05
  -1.8442e+05
  -1.6692e+05
  -1.6509e+05
  -1.6567e+05
  -1.6788e+05
  -1.6913e+05
  -1.6333e+05
  -1.6069e+05
  -1.5255e+05
  -1.4667e+05
  -1.4349e+05
  -1.4362e+05
  -1.4723e+05
  -1.4789e+05
  -1.5045e+05
  -1.5055e+05
  -1.4748e+05
  -1.4849e+05
  -1.4888e+05
  -1.5160e+05
  -1.4966e+05
  -1.4837e+05
  -1.4086e+05
  -1.3852e+05
  -1.3904e+05
  -1.3745e+05
  -1.3777e+05
  -1.3765e+05
  -1.3728e+05
  -1.3747e+05
  -1.3821e+05
  -1.3810e+05
  -1.3829e+05
  -1.3784e+05
  -1.3560e+05
  -1.3604e+05
  -1.3687e+05
  -1.3680e+05
  -1.3674e+05
  -1.3560e+05
  -1.3572e+05
  -1.3549e+05
  -1.3540e+05
  -1.3538e+05
  -1.3530e+05
  -1.3413e+05
  -1.3433e+05
  -1.3475e+05
  -1.3235e+05
  -1.3365e+05
  -1.3207e+05
  -1.3178e+05
  -1.3221e+05
  -1.3233e+05
  -1.3277e+05
  -1.3251e+05
  -1.3326e+05
  -1.3272e+05
  -1.3285e+05
  -1.3270e+05
  -1.3295e+05
  -1.3217e+05
  -1.3207e+05
  -1.3184e+05
  -1.3225e+05
  -1.3225e+05
  -1.3235e+05
  -1.3226e+05
  -1.3265e+05
  -1.3280e+05
  -1.3195e+05
  -1.2990e+05
  -1.3045e+05
  -1.3021e+05
  -1.3022e+05
  -1.3030e+05
  -1.3035e+05
  -1.3024e+05
  -1.2988e+05
  -1.2977e+05
  -1.3049e+05
  -1.3065e+05
  -1.3012e+05
  -1.2984e+05
  -1.2987e+05
  -1.3024e+05
  -1.3119e+05
  -1.3095e+05
  -1.3109e+05
  -1.3177e+05
  -1.3068e+05
  -1.3068e+05
  -1.3084e+05
  -1.3062e+05
  -1.3064e+05
  -1.3046e+05
  -1.3068e+05
  -1.3028e+05
  -1.3044e+05
  -1.3009e+05
  -1.3042e+05
  -1.3011e+05
  -1.3019e+05
  -1.3002e+05
  -1.3033e+05
  -1.2999e+05
  -1.2966e+05
  -1.2920e+05
  -1.2940e+05
  -1.2921e+05
  -1.2952e+05
  -1.2974e+05
  -1.3007e+05
  -1.2989e+05
  -1.3057e+05
  -1.2991e+05
  -1.3076e+05
  -1.3073e+05
  -1.3083e+05
  -1.3023e+05
  -1.3056e+05
  -1.3035e+05
  -1.3043e+05
  -1.3023e+05
  -1.3063e+05
  -1.3040e+05
  -1.3050e+05
  -1.3023e+05
  -1.3048e+05
  -1.3217e+05
  -1.3220e+05
  -1.3034e+05
  -1.3059e+05
  -1.2701e+05
  -1.2731e+05
  -1.2709e+05
  -1.2745e+05
  -1.2704e+05
  -1.2683e+05
  -1.2670e+05
  -1.2710e+05
  -1.2687e+05
  -1.2704e+05
  -1.2673e+05
  -1.2714e+05
  -1.2690e+05
  -1.2702e+05
  -1.2684e+05
  -1.2725e+05
  -1.2689e+05
  -1.2673e+05
  -1.2308e+05
  -1.2355e+05
  -1.2324e+05
  -1.2336e+05
  -1.2308e+05
  -1.2351e+05
  -1.2322e+05
  -1.2331e+05
  -1.2339e+05
  -1.2345e+05
  -1.2348e+05
  -1.2083e+05
  -1.2059e+05
  -1.2101e+05
  -1.2074e+05
  -1.2083e+05
  -1.2058e+05
  -1.2102e+05
  -1.2082e+05
  -1.2104e+05
  -1.2078e+05
  -1.2321e+05
  -1.1475e+05
  -1.1492e+05
  -1.1471e+05
  -1.1519e+05
  -1.1504e+05
  -1.1471e+05
  -1.1443e+05
  -1.1490e+05
  -1.1464e+05
  -1.1475e+05
  -1.1451e+05
  -1.1502e+05
  -1.1478e+05
  -1.1522e+05
  -1.1464e+05
  -1.1510e+05
  -1.1458e+05
  -1.1485e+05
  -1.1499e+05
  -1.1541e+05
  -1.1469e+05
  -1.1456e+05
  -1.1487e+05
  -1.0668e+05
  -1.0664e+05
  -1.0679e+05
  -1.0657e+05
  -1.0705e+05
  -1.0702e+05
  -1.0700e+05
  -1.0668e+05
  -1.0716e+05
  -1.0700e+05
  -1.0703e+05
  -1.0682e+05
  -1.0730e+05
  -1.0702e+05
  -1.0717e+05
  -1.0678e+05
  -1.0727e+05
  -1.0697e+05
  -1.0704e+05
  -1.0677e+05
  -1.0727e+05
  -1.0695e+05
  -1.0704e+05
  -1.0678e+05
  -1.0727e+05
  -1.0701e+05
  -1.0709e+05
  -1.0679e+05
  -1.0723e+05
  -1.0699e+05
  -1.0694e+05
  -1.0654e+05
  -1.1058e+05
  -1.0716e+05
  -1.0733e+05
  -1.0706e+05
  -1.0747e+05
  -1.0799e+05
  -9.7489e+04
  -9.7290e+04
  -9.7734e+04
  -9.8196e+04
  -9.7034e+04
  -9.6853e+04
  -9.7310e+04
  -9.7218e+04
  -9.6757e+04
  -9.6540e+04
  -9.6962e+04
  -9.7517e+04
  -9.7118e+04
  -9.6860e+04
  -9.7319e+04
  -9.7062e+04
  -9.7118e+04
  -9.6879e+04
  -9.7345e+04
  -9.7083e+04
  -9.7179e+04
  -9.7136e+04
  -9.7377e+04
  -9.7115e+04
  -9.7208e+04
  -9.6912e+04
  -9.7386e+04
  -9.7211e+04
  -9.7276e+04
  -9.7080e+04
  -9.7524e+04
  -9.7124e+04
  -9.7168e+04
  -9.6901e+04
  -9.7342e+04
  -9.7117e+04
  -9.7157e+04
  -9.7052e+04
  -9.7438e+04
  -9.7158e+04
  -9.7143e+04
  -9.6871e+04
  -9.7295e+04
  -9.7033e+04
  -9.7094e+04
  -9.6809e+04
  -9.7265e+04
  -9.7021e+04
  -9.7018e+04
  -9.6778e+04
  -9.7271e+04
  -9.7250e+04
  -9.8370e+04
  -9.7708e+04
  -9.7693e+04
  -9.7243e+04
  -9.7030e+04
  -9.6677e+04
  -9.6407e+04
  -8.7142e+04
  -8.7337e+04
  -8.7098e+04
  -8.7605e+04
  -8.7383e+04
  -8.7500e+04
  -8.7123e+04
  -8.7605e+04
  -8.7320e+04
  -8.7382e+04
  -8.7120e+04
  -8.7640e+04
  -8.7369e+04
  -8.7374e+04
  -8.7093e+04
  -8.7571e+04
  -8.7313e+04
  -8.7301e+04
  -8.7062e+04
  -8.7561e+04
  -8.7380e+04
  -8.7484e+04
  -8.7249e+04
  -8.7395e+04
  -8.7733e+04
  -8.8336e+04
  -8.7749e+04
  -8.8358e+04
  -8.7823e+04
  -8.6653e+04
  -8.4898e+04
  -8.5654e+04
  -8.5475e+04
  -8.5463e+04
  -8.5235e+04
  -8.5693e+04
  -8.5577e+04
  -8.5648e+04
  -8.5298e+04
  -8.5696e+04
  -8.5475e+04
  -8.5425e+04
  -8.5208e+04
  -8.5621e+04
  -8.5428e+04
  -8.5577e+04
  -8.5306e+04
  -8.5690e+04
  -8.5465e+04
  -8.5459e+04
  -8.5257e+04
  -8.5671e+04
  -8.5456e+04
  -8.5421e+04
  -8.5220e+04
  -8.5636e+04
  -8.5502e+04
  -8.5413e+04
  -8.5204e+04
  -8.5440e+04
  -8.4811e+04
  -8.4939e+04
  -8.4767e+04
  -8.5150e+04
  -8.5027e+04
  -8.3750e+04
  -8.3716e+04
  -8.4146e+04
  -8.3987e+04
  -8.3958e+04
  -8.3803e+04
  -8.4223e+04
  -8.4015e+04
  -8.3953e+04
  -8.3723e+04
  -8.4118e+04
  -8.3951e+04
  -8.3887e+04
  -8.3728e+04
  -8.4152e+04
  -8.3997e+04
  -8.3921e+04
  -8.3825e+04
  -8.4259e+04
  -8.3998e+04
  -8.3877e+04
  -8.3852e+04
  -8.4108e+04
  -8.3946e+04
  -8.4401e+04
  -8.3437e+04
  -8.3836e+04
  -8.3691e+04
  -8.3603e+04
  -8.3455e+04
  -8.3844e+04
  -8.3676e+04
  -8.3592e+04
  -8.3450e+04
  -8.3933e+04
  -8.3700e+04
  -8.3612e+04
  -8.3460e+04
  -8.3851e+04
  -8.3682e+04
  -8.3599e+04
  -8.3440e+04
  -8.3830e+04
  -8.3678e+04
  -8.3600e+04
  -8.3445e+04
  -8.3828e+04
  -8.3691e+04
  -8.3744e+04
  -8.3446e+04
  -8.3846e+04
  -8.3725e+04
  -8.3581e+04
  -8.3422e+04
  -8.3756e+04
  -8.3540e+04
  -8.2624e+04
  -8.2616e+04
  -8.2977e+04
  -8.2842e+04
  -8.2770e+04
  -8.2645e+04
  -8.2983e+04
  -8.2882e+04
  -8.2794e+04
  -8.2675e+04
  -8.2992e+04
  -8.2878e+04
  -8.2781e+04
  -8.2675e+04
  -8.3039e+04
  -8.2928e+04
  -8.2849e+04
  -8.2739e+04
  -8.3250e+04
  -8.3003e+04
  -8.2944e+04
  -8.2774e+04
  -8.3017e+04
  -8.2859e+04
  -8.2829e+04
  -8.2707e+04
  -8.2980e+04
  -8.2867e+04
  -8.2791e+04
  -8.2634e+04
