  -7.0209e+05
  -7.0322e+05
  -7.1682e+05
  -7.0433e+05
  -7.0132e+05
  -7.0110e+05
  -7.0227e+05
  -7.0877e+05
  -7.4067e+05
  -7.0713e+05
  -7.0427e+05
  -7.0657e+05
  -7.6289e+05
  -7.1401e+05
  -7.0564e+05
  -7.0362e+05
  -7.0650e+05
  -7.3286e+05
  -7.0978e+05
  -7.0594e+05
  -7.1535e+05
  -7.2389e+05
  -7.2666e+05
  -7.3411e+05
  -7.0596e+05
  -7.0673e+05
  -7.2020e+05
  -7.1793e+05
  -7.0699e+05
  -7.0754e+05
  -7.1268e+05
  -7.3376e+05
  -7.2045e+05
  -7.1993e+05
  -7.4296e+05
  -7.5293e+05
  -7.2748e+05
  -7.3500e+05
  -7.1812e+05
  -7.1217e+05
  -7.2003e+05
  -7.1376e+05
  -7.2691e+05
  -7.2002e+05
  -7.1395e+05
  -7.2325e+05
  -7.1847e+05
  -7.1842e+05
  -7.3831e+05
  -7.1985e+05
  -7.1614e+05
  -7.1111e+05
  -7.1175e+05
  -7.1534e+05
  -7.2593e+05
  -7.2775e+05
  -7.2232e+05
  -7.2046e+05
  -7.3114e+05
  -7.3390e+05
  -7.3102e+05
  -7.3553e+05
  -7.3477e+05
  -7.2588e+05
  -7.2954e+05
  -7.3664e+05
  -7.3637e+05
  -7.2782e+05
  -7.2689e+05
  -7.2918e+05
  -7.3054e+05
  -7.2902e+05
  -7.3354e+05
  -7.4260e+05
  -7.2913e+05
  -7.2567e+05
  -7.2542e+05
  -7.2954e+05
  -7.2739e+05
  -7.2163e+05
  -7.2317e+05
  -7.2842e+05
  -7.3124e+05
  -7.3098e+05
  -7.4046e+05
  -7.3595e+05
  -7.3417e+05
  -7.4932e+05
  -7.4722e+05
  -7.4290e+05
  -7.4357e+05
  -7.4525e+05
  -7.4695e+05
  -7.5603e+05
  -7.5414e+05
  -7.5227e+05
  -7.6036e+05
  -7.7193e+05
  -7.6731e+05
  -7.7447e+05
  -7.7966e+05
