  -3.5105e+02
  -3.4521e+02
  -3.4431e+02
  -3.4027e+02
  -3.4036e+02
  -3.5348e+02
  -2.9829e+02
  -2.9871e+02
  -2.7464e+02
  -2.2744e+02
  -2.2167e+02
  -2.1876e+02
  -1.8840e+02
  -1.6743e+02
  -1.5278e+02
  -1.2502e+02
  -9.5909e+01
  -6.9772e+01
  -2.8001e+01
  -6.1627e+00
  -2.4908e+00
   1.1123e+01
   2.6230e+01
   3.3162e+01
   5.9094e+01
   8.6578e+01
   9.5104e+01
   9.8440e+01
   1.0506e+02
   1.2840e+02
   1.3116e+02
   1.4877e+02
   1.5256e+02
   1.6331e+02
   1.6676e+02
   1.6747e+02
   1.6716e+02
   1.7852e+02
   1.8043e+02
   1.7936e+02
   1.8040e+02
   1.8157e+02
   1.8132e+02
   1.8006e+02
   1.8324e+02
   1.8213e+02
   1.8487e+02
   2.0054e+02
   2.0738e+02
   2.0912e+02
   2.1241e+02
   2.2690e+02
   2.3267e+02
   2.5366e+02
   2.6805e+02
   2.6608e+02
   2.7037e+02
   2.7204e+02
   2.7122e+02
   2.7610e+02
   2.7667e+02
   2.7599e+02
   2.7682e+02
   2.7771e+02
   2.8015e+02
   2.8108e+02
   2.7904e+02
   2.7823e+02
   2.8400e+02
   2.8416e+02
   2.8474e+02
   2.8915e+02
   2.9186e+02
   2.9148e+02
   2.9200e+02
   2.9160e+02
   2.9231e+02
   2.9783e+02
   2.9769e+02
   2.9802e+02
   2.9693e+02
   2.9679e+02
   2.9675e+02
   2.9684e+02
   2.9736e+02
   2.9891e+02
   2.9925e+02
   3.0233e+02
   3.0230e+02
   3.0234e+02
   3.0224e+02
   3.0352e+02
   3.0275e+02
   3.0282e+02
   3.0285e+02
   3.0272e+02
   3.0283e+02
   3.0289e+02
   3.0282e+02
   3.0287e+02
   3.0287e+02
   3.0282e+02
