  -2.8084e+03
  -2.7922e+03
  -2.7935e+03
  -2.7865e+03
  -2.7805e+03
  -2.7156e+03
  -2.7474e+03
  -2.7162e+03
  -2.7396e+03
  -2.7555e+03
  -2.7466e+03
  -2.7267e+03
  -2.6863e+03
  -2.6802e+03
  -2.6649e+03
  -2.6370e+03
  -2.6511e+03
  -2.6072e+03
  -2.5849e+03
  -2.5517e+03
  -2.5487e+03
  -2.5327e+03
  -2.5137e+03
  -2.4779e+03
  -2.4614e+03
  -2.4377e+03
  -2.4058e+03
  -2.3993e+03
  -2.3511e+03
  -2.2814e+03
  -2.2981e+03
  -2.2819e+03
  -2.1989e+03
  -2.1491e+03
  -2.1010e+03
  -2.0590e+03
  -1.9779e+03
  -1.9903e+03
  -1.9550e+03
  -1.9371e+03
  -1.9106e+03
  -1.8640e+03
  -1.8391e+03
  -1.7877e+03
  -1.7412e+03
  -1.7121e+03
  -1.6611e+03
  -1.6101e+03
  -1.5893e+03
  -1.4997e+03
  -1.4927e+03
  -1.4625e+03
  -1.4181e+03
  -1.3582e+03
  -1.2662e+03
  -1.2256e+03
  -1.1820e+03
  -1.1582e+03
  -1.1393e+03
  -1.0890e+03
  -9.4096e+02
  -9.0573e+02
  -8.8738e+02
  -8.1956e+02
  -7.8555e+02
  -7.5612e+02
  -7.7250e+02
  -7.2875e+02
  -6.5920e+02
  -6.4816e+02
  -5.9419e+02
  -5.4060e+02
  -4.5028e+02
  -3.8487e+02
  -2.9811e+02
  -2.3922e+02
  -2.1016e+02
  -2.6215e+02
  -2.0821e+02
  -9.0880e+01
   7.8002e+01
   1.5370e+02
   1.4339e+02
   9.6196e+01
   1.4047e+02
   2.3158e+02
   2.4196e+02
   2.5982e+02
   7.2149e+01
   2.6513e+02
   3.2479e+02
   3.9362e+02
   3.6733e+02
   3.8665e+02
   4.5581e+02
   5.0203e+02
   5.7616e+02
   7.1174e+02
   7.1773e+02
   8.2542e+02
   9.1652e+02
   1.0407e+03
   1.0022e+03
   1.2199e+03
   1.2508e+03
   1.3257e+03
   1.3152e+03
   1.3227e+03
   1.2530e+03
   1.2781e+03
   1.2939e+03
   1.2231e+03
   1.1724e+03
   1.1958e+03
   1.1656e+03
   1.2338e+03
   1.1348e+03
   1.1622e+03
   1.3101e+03
   1.4216e+03
   1.3896e+03
   1.2741e+03
   1.2700e+03
   1.3261e+03
   1.2561e+03
   1.1815e+03
   1.0729e+03
   9.3238e+02
   9.0947e+02
   8.7842e+02
   7.8347e+02
   7.7271e+02
   7.6031e+02
   6.6370e+02
   6.2609e+02
   6.0854e+02
   5.5516e+02
   4.7922e+02
   4.6991e+02
   5.0756e+02
   5.1669e+02
   3.9724e+02
   3.8481e+02
   3.0746e+02
   3.1458e+02
   2.1426e+02
   1.9140e+02
   1.2285e+02
   1.2625e+02
   1.3131e+02
   1.0059e+02
  -2.3842e+01
  -7.0955e+00
  -5.9160e+01
  -1.0177e+02
  -6.3190e+01
  -8.4641e+01
  -1.3681e+02
  -1.6256e+02
  -1.2169e+02
  -1.3907e+02
  -1.4358e+02
  -1.5088e+02
  -7.7466e+01
  -8.0627e+01
  -1.0891e+02
  -8.2990e+01
  -8.2910e+01
  -9.8335e+01
  -1.1303e+02
  -1.6760e+02
  -1.4030e+02
  -1.7996e+02
  -2.0285e+02
  -1.8920e+02
  -1.2065e+02
  -1.6994e+02
  -1.4306e+02
  -1.6105e+02
  -1.5404e+02
  -1.7946e+02
  -1.9563e+02
  -2.0581e+02
  -2.1406e+02
  -2.1144e+02
  -2.5162e+02
  -2.6599e+02
  -2.8070e+02
  -2.6241e+02
  -2.6182e+02
  -2.4860e+02
  -2.7390e+02
  -2.8456e+02
  -2.9465e+02
  -3.0637e+02
  -3.1419e+02
  -2.9702e+02
  -3.0309e+02
  -3.1857e+02
  -3.2284e+02
  -3.3364e+02
  -3.4501e+02
  -3.5464e+02
  -3.8496e+02
  -4.1807e+02
  -4.2273e+02
  -4.2728e+02
  -4.3690e+02
  -4.4118e+02
  -4.1554e+02
  -3.9892e+02
  -4.0830e+02
  -4.1374e+02
  -3.9022e+02
  -4.0030e+02
  -4.1734e+02
  -4.3443e+02
  -4.2250e+02
  -4.1939e+02
  -4.2325e+02
  -4.2803e+02
  -4.3227e+02
  -4.3049e+02
  -4.5793e+02
  -4.4912e+02
  -4.5592e+02
  -4.6103e+02
  -4.6424e+02
  -4.6386e+02
  -4.6404e+02
  -4.6774e+02
  -4.9626e+02
  -5.0656e+02
  -5.1664e+02
  -5.2515e+02
  -5.3140e+02
  -5.3569e+02
  -5.3870e+02
  -5.4563e+02
  -5.4860e+02
  -5.5495e+02
  -5.6044e+02
  -5.6411e+02
  -5.6558e+02
  -5.5809e+02
  -5.5824e+02
  -5.6484e+02
  -5.5627e+02
  -5.5952e+02
  -5.6255e+02
  -5.5270e+02
  -5.5412e+02
  -5.5209e+02
  -5.5579e+02
  -5.6375e+02
  -5.6258e+02
  -5.7632e+02
  -5.5183e+02
  -5.8259e+02
  -5.8692e+02
  -5.6971e+02
  -5.8055e+02
  -5.8804e+02
  -5.9268e+02
  -5.9501e+02
  -5.9544e+02
  -5.8083e+02
  -5.9061e+02
  -5.9275e+02
  -5.9336e+02
  -5.9249e+02
  -5.9789e+02
  -5.8599e+02
  -5.8998e+02
  -6.0869e+02
  -6.1165e+02
  -6.1532e+02
  -6.2172e+02
  -6.2436e+02
  -6.2678e+02
  -6.2852e+02
  -6.5449e+02
  -6.5713e+02
  -6.5992e+02
  -6.4827e+02
  -6.4951e+02
  -6.4793e+02
  -6.5810e+02
  -6.5715e+02
  -6.1612e+02
  -6.1599e+02
  -6.1342e+02
  -5.9386e+02
  -5.9213e+02
  -6.0331e+02
  -5.9084e+02
  -5.9118e+02
  -5.9419e+02
  -5.9503e+02
  -5.9682e+02
  -5.9703e+02
  -5.9828e+02
  -5.9777e+02
  -5.9796e+02
  -5.9587e+02
  -5.9312e+02
  -6.1173e+02
  -6.0684e+02
  -5.9195e+02
  -5.8981e+02
  -5.8668e+02
  -5.8535e+02
  -5.8290e+02
  -5.8150e+02
  -5.7883e+02
  -5.7687e+02
  -5.3125e+02
  -5.1868e+02
  -4.9491e+02
  -4.9818e+02
  -5.2307e+02
  -5.2988e+02
  -5.3320e+02
  -5.3536e+02
  -5.3486e+02
  -5.3451e+02
  -5.3186e+02
  -5.1840e+02
  -5.1396e+02
  -5.1274e+02
  -5.1065e+02
  -5.1095e+02
  -5.0943e+02
  -5.1023e+02
  -4.9206e+02
  -4.7680e+02
  -4.7805e+02
  -4.8051e+02
  -4.8129e+02
  -4.8322e+02
  -4.8400e+02
  -4.7540e+02
  -4.8043e+02
  -4.7409e+02
  -4.9171e+02
  -4.9208e+02
  -4.9024e+02
  -4.8802e+02
  -4.8781e+02
  -4.9038e+02
  -4.9035e+02
  -4.9093e+02
  -4.8947e+02
  -4.8799e+02
  -4.8630e+02
  -4.8275e+02
  -4.7384e+02
  -4.9770e+02
  -4.9451e+02
  -5.0312e+02
  -4.8058e+02
  -4.7618e+02
  -4.8307e+02
  -4.8399e+02
  -4.7954e+02
  -4.6881e+02
  -4.5080e+02
  -4.5139e+02
  -4.5632e+02
  -4.4839e+02
  -4.5692e+02
  -4.5274e+02
  -4.5463e+02
  -4.5603e+02
  -4.7936e+02
  -4.7801e+02
  -4.7271e+02
  -4.7937e+02
  -4.7818e+02
  -4.6311e+02
  -4.5919e+02
  -4.4843e+02
  -4.2863e+02
  -4.4949e+02
  -4.5167e+02
  -4.5465e+02
  -4.7327e+02
  -4.7900e+02
  -4.8031e+02
  -4.7436e+02
  -4.8199e+02
  -4.8359e+02
  -4.8298e+02
  -4.7507e+02
  -4.7242e+02
  -4.7852e+02
  -4.5675e+02
  -4.4727e+02
  -4.4260e+02
  -4.4185e+02
  -4.4991e+02
  -4.4493e+02
  -4.4356e+02
  -4.4176e+02
  -4.3723e+02
  -4.3496e+02
  -4.3078e+02
  -4.2847e+02
  -4.2419e+02
  -3.9165e+02
  -3.8845e+02
  -3.9106e+02
  -3.8969e+02
  -4.0984e+02
  -4.0881e+02
  -4.1871e+02
  -4.1276e+02
  -4.0522e+02
  -4.0960e+02
  -3.9502e+02
  -3.8010e+02
  -3.7598e+02
  -3.7123e+02
  -3.6844e+02
  -3.6749e+02
  -3.7814e+02
  -3.9681e+02
  -3.9154e+02
  -3.9249e+02
  -3.9533e+02
  -3.9541e+02
  -3.9342e+02
  -3.7231e+02
  -3.9124e+02
  -3.9503e+02
  -3.9639e+02
  -3.9363e+02
  -4.1729e+02
  -4.0471e+02
  -4.0505e+02
  -3.9227e+02
  -3.9194e+02
  -3.8960e+02
  -4.0706e+02
  -4.0656e+02
  -4.0657e+02
  -3.8620e+02
  -3.7797e+02
  -3.6322e+02
  -3.7002e+02
  -3.5024e+02
  -3.6213e+02
  -3.4201e+02
  -3.4071e+02
  -3.4182e+02
  -3.4169e+02
  -3.4809e+02
  -3.5410e+02
  -3.7460e+02
  -3.7927e+02
  -3.9991e+02
  -3.8361e+02
  -3.9252e+02
  -3.8832e+02
  -3.8717e+02
  -3.7371e+02
  -4.0143e+02
  -3.9832e+02
  -3.9884e+02
