   2.5000e+02
   2.5000e+02
   2.5000e+02
   2.5000e+02
   2.5000e+02
   2.5000e+02
   2.5000e+02
   2.5000e+02
   2.5000e+02
   2.5000e+02
   2.5000e+02
   2.5000e+02
   2.5000e+02
   2.5000e+02
   2.5000e+02
   2.5000e+02
   2.5000e+02
   2.5000e+02
   2.5000e+02
   2.5000e+02
   2.5000e+02
   2.5000e+02
   2.5000e+02
   2.5000e+02
   2.5000e+02
   2.5000e+02
   2.5000e+02
   2.5000e+02
   2.5000e+02
   2.5000e+02
   2.5000e+02
   2.5000e+02
   2.5000e+02
   2.5000e+02
   2.5000e+02
   2.5000e+02
   2.5000e+02
   2.5000e+02
   2.5000e+02
   2.5000e+02
   2.5000e+02
   2.5000e+02
   2.5000e+02
   2.5000e+02
   2.5000e+02
   2.5000e+02
   2.5000e+02
   2.5000e+02
   2.5000e+02
   2.5000e+02
   2.5000e+02
   2.5000e+02
   2.5000e+02
   2.5000e+02
   2.5000e+02
   2.5000e+02
   2.5000e+02
   2.5000e+02
   2.5000e+02
   2.5000e+02
   2.5000e+02
   2.5000e+02
   2.5000e+02
   2.5000e+02
   2.5000e+02
   2.5000e+02
   2.5000e+02
   2.5000e+02
   2.5000e+02
   2.5000e+02
   2.5000e+02
   2.5000e+02
   2.5000e+02
   2.5000e+02
   2.5000e+02
   2.5000e+02
   2.5000e+02
   2.5000e+02
   2.5000e+02
   2.5000e+02
   2.5000e+02
   2.5000e+02
   2.5000e+02
   2.5000e+02
   2.5000e+02
   2.5000e+02
   2.5000e+02
   2.5000e+02
   2.5000e+02
   2.5000e+02
   2.5000e+02
   2.5000e+02
   2.5000e+02
   2.5000e+02
   2.5000e+02
   2.5000e+02
   2.5000e+02
   2.5000e+02
   2.5000e+02
   2.5000e+02
   2.5000e+02
   2.5000e+02
   2.5000e+02
   2.5000e+02
   2.5000e+02
   2.5000e+02
   2.5000e+02
   2.5000e+02
   2.5000e+02
   2.5000e+02
   2.5000e+02
   2.5000e+02
   2.5000e+02
   2.5000e+02
   2.5000e+02
   2.5000e+02
   2.5000e+02
   2.5000e+02
   2.5000e+02
   2.5000e+02
   2.5000e+02
   2.5000e+02
   2.5000e+02
   2.5000e+02
   2.5000e+02
   2.5000e+02
   2.5000e+02
   2.5000e+02
   2.5000e+02
   2.5000e+02
   2.5000e+02
   2.5000e+02
   2.5000e+02
   2.5000e+02
   2.5000e+02
   2.5000e+02
   2.5000e+02
   2.5000e+02
   2.5000e+02
   2.5000e+02
   2.5000e+02
   2.5000e+02
   2.5000e+02
   2.5000e+02
   2.5000e+02
   2.5000e+02
   2.5000e+02
   2.5000e+02
   2.5000e+02
   2.5000e+02
   2.5000e+02
   2.5000e+02
   2.5000e+02
   2.4900e+02
   2.4900e+02
   2.4900e+02
   2.4900e+02
   2.4900e+02
   2.4900e+02
   2.4900e+02
   2.4900e+02
   2.4900e+02
   2.4900e+02
   2.4900e+02
   2.4900e+02
   2.4900e+02
   2.4900e+02
   2.4900e+02
   2.4900e+02
   2.4900e+02
   2.4900e+02
   2.4900e+02
   2.4900e+02
   2.4900e+02
   2.4900e+02
   2.4900e+02
   2.4900e+02
   2.4900e+02
   2.4900e+02
   2.4900e+02
   2.4900e+02
   2.4900e+02
   2.4900e+02
   2.4900e+02
   2.4900e+02
   2.4900e+02
   2.4900e+02
   2.4900e+02
   2.4900e+02
   2.4900e+02
   2.4900e+02
   2.4900e+02
   2.4900e+02
   2.4900e+02
   2.4900e+02
   2.4900e+02
   2.4900e+02
   2.4900e+02
   2.4900e+02
   2.4900e+02
   2.4800e+02
   2.4900e+02
   2.4900e+02
   2.4900e+02
   2.4900e+02
   2.4900e+02
   2.4900e+02
   2.4900e+02
   2.4900e+02
   2.4900e+02
   2.4900e+02
   2.4900e+02
   2.4900e+02
   2.4900e+02
   2.4900e+02
   2.4900e+02
   2.4900e+02
   2.4900e+02
   2.4800e+02
   2.4800e+02
   2.4800e+02
   2.4800e+02
   2.4800e+02
   2.4700e+02
   2.4700e+02
   2.4700e+02
   2.4700e+02
   2.4700e+02
   2.4700e+02
   2.4700e+02
   2.4700e+02
   2.4600e+02
   2.4500e+02
   2.4500e+02
   2.4500e+02
   2.4500e+02
   2.4500e+02
   2.4500e+02
   2.4600e+02
   2.4600e+02
   2.4500e+02
   2.4400e+02
   2.4500e+02
   2.4500e+02
   2.4500e+02
   2.4500e+02
   2.4500e+02
   2.4500e+02
   2.4500e+02
   2.4500e+02
   2.4500e+02
   2.4500e+02
   2.4500e+02
   2.4500e+02
   2.4500e+02
   2.4600e+02
   2.4500e+02
   2.4500e+02
   2.4500e+02
   2.4400e+02
   2.4400e+02
   2.4400e+02
   2.4400e+02
   2.4400e+02
   2.4400e+02
   2.4300e+02
   2.4300e+02
   2.4300e+02
   2.4300e+02
   2.4300e+02
   2.4300e+02
   2.4300e+02
   2.4400e+02
   2.4400e+02
   2.4400e+02
   2.4500e+02
   2.4500e+02
   2.4500e+02
   2.4500e+02
   2.4500e+02
   2.4300e+02
   2.4400e+02
   2.4100e+02
   2.4000e+02
   2.4000e+02
   2.4000e+02
   2.4000e+02
   2.4000e+02
   2.4000e+02
   2.3900e+02
   2.4000e+02
   2.4000e+02
   2.4000e+02
   2.4000e+02
   2.3900e+02
   2.3900e+02
   2.3900e+02
   2.3800e+02
   2.3800e+02
   2.3800e+02
   2.3800e+02
   2.3800e+02
   2.3800e+02
   2.3800e+02
   2.3800e+02
   2.3800e+02
   2.3900e+02
   2.4000e+02
   2.4000e+02
   2.4000e+02
   2.4000e+02
   2.4000e+02
   2.4100e+02
   2.4100e+02
   2.4200e+02
   2.4200e+02
   2.4200e+02
   2.4000e+02
   2.4000e+02
   2.4100e+02
   2.4100e+02
   2.4000e+02
   2.4000e+02
   2.3900e+02
   2.3800e+02
   2.3800e+02
   2.3700e+02
   2.3600e+02
   2.3600e+02
   2.3600e+02
   2.3700e+02
   2.3500e+02
   2.3500e+02
   2.3500e+02
   2.3400e+02
   2.3300e+02
   2.3200e+02
   2.3300e+02
   2.3400e+02
   2.3300e+02
   2.3400e+02
   2.3500e+02
   2.3500e+02
   2.3500e+02
   2.3500e+02
   2.3500e+02
   2.3400e+02
   2.3500e+02
   2.3400e+02
   2.3300e+02
   2.3200e+02
   2.3300e+02
   2.3200e+02
   2.3200e+02
   2.3200e+02
   2.2900e+02
   2.3000e+02
   2.3000e+02
   2.2800e+02
   2.2700e+02
   2.2700e+02
   2.2600e+02
   2.2400e+02
   2.2400e+02
   2.2400e+02
   2.2600e+02
   2.2800e+02
   2.2700e+02
   2.2700e+02
   2.2600e+02
   2.2600e+02
   2.2500e+02
   2.2300e+02
   2.2300e+02
   2.2400e+02
   2.2200e+02
   2.2000e+02
   2.1900e+02
   2.1700e+02
   2.1700e+02
   2.1700e+02
   2.1800e+02
   2.1800e+02
   2.1900e+02
   2.2000e+02
   2.2000e+02
   2.1800e+02
   2.1600e+02
   2.1200e+02
   2.1300e+02
   2.1200e+02
   2.0800e+02
   2.0600e+02
   2.0600e+02
   2.0600e+02
   2.0700e+02
   2.0600e+02
   2.0700e+02
   2.0800e+02
   2.0700e+02
   2.0700e+02
   2.0800e+02
   2.0800e+02
   2.0800e+02
   2.0700e+02
   2.0500e+02
   2.0400e+02
   2.0700e+02
   2.0700e+02
   2.0700e+02
   2.0900e+02
   2.0700e+02
   2.0500e+02
   2.0500e+02
   2.0500e+02
   2.0500e+02
   2.0300e+02
   2.0300e+02
   2.0400e+02
   2.0400e+02
   2.0400e+02
   2.0200e+02
   2.0100e+02
   2.0000e+02
   1.9900e+02
   1.9800e+02
   1.9400e+02
   1.9200e+02
   1.9200e+02
   1.9300e+02
   1.9300e+02
   1.9200e+02
   1.9200e+02
   1.9300e+02
   1.9100e+02
   1.8700e+02
   1.8500e+02
   1.8600e+02
   1.8700e+02
   1.8800e+02
   1.8500e+02
   1.8400e+02
   1.8600e+02
   1.8500e+02
   1.8300e+02
   1.8500e+02
   1.8600e+02
   1.8500e+02
   1.8600e+02
   1.8800e+02
   1.8900e+02
   1.8800e+02
   1.8800e+02
   1.8800e+02
   1.8700e+02
   1.8700e+02
   1.8700e+02
   1.8300e+02
   1.8300e+02
   1.8400e+02
   1.8500e+02
   1.8700e+02
   1.8600e+02
   1.8100e+02
   1.7900e+02
   1.7800e+02
   1.8000e+02
   1.7800e+02
   1.7900e+02
   1.7800e+02
   1.7700e+02
   1.7700e+02
   1.7900e+02
   1.8000e+02
   1.8200e+02
   1.8200e+02
   1.8300e+02
   1.8500e+02
   1.8400e+02
   1.8500e+02
   1.8500e+02
   1.8500e+02
   1.8500e+02
   1.8500e+02
   1.8800e+02
   1.8900e+02
   1.8800e+02
   1.8900e+02
   1.8700e+02
   1.8600e+02
   1.8600e+02
   1.8500e+02
   1.8700e+02
   1.8600e+02
   1.8700e+02
   1.8500e+02
   1.8400e+02
   1.8300e+02
   1.8300e+02
   1.8500e+02
   1.8500e+02
   1.8500e+02
   1.8400e+02
   1.8300e+02
   1.8400e+02
   1.8600e+02
   1.8700e+02
   1.8800e+02
   1.8900e+02
   1.9000e+02
   1.8800e+02
   1.8800e+02
   1.8700e+02
   1.8700e+02
   1.8700e+02
   1.8700e+02
   1.8800e+02
   1.8800e+02
   1.8600e+02
   1.8600e+02
   1.8500e+02
   1.8600e+02
   1.8800e+02
   1.8700e+02
   1.8800e+02
   1.8900e+02
   1.9000e+02
   1.9100e+02
   1.9300e+02
   1.9000e+02
   1.8900e+02
   1.8700e+02
   1.8600e+02
   1.8600e+02
   1.8500e+02
   1.8700e+02
   1.8600e+02
   1.8600e+02
   1.8600e+02
   1.8800e+02
   1.8800e+02
   1.8600e+02
   1.8700e+02
   1.8700e+02
   1.8700e+02
   1.8700e+02
   1.8600e+02
   1.8500e+02
   1.8600e+02
   1.8600e+02
   1.8600e+02
   1.8500e+02
   1.8400e+02
   1.8400e+02
   1.8300e+02
   1.8400e+02
   1.8400e+02
   1.8400e+02
   1.8600e+02
   1.8500e+02
   1.8600e+02
   1.8600e+02
   1.8600e+02
   1.8600e+02
   1.8600e+02
   1.8600e+02
   1.8700e+02
   1.8700e+02
   1.8800e+02
   1.8900e+02
   1.8800e+02
   1.8900e+02
   1.9000e+02
   1.8900e+02
   1.8900e+02
   1.8900e+02
   1.8900e+02
   1.8900e+02
   1.9000e+02
   1.9000e+02
   1.9000e+02
   1.8900e+02
   1.8900e+02
   1.8900e+02
   1.8800e+02
   1.8800e+02
   1.8900e+02
   1.8900e+02
   1.9000e+02
   1.9000e+02
   1.9000e+02
   1.8900e+02
   1.8800e+02
   1.8800e+02
   1.8800e+02
   1.8800e+02
   1.8800e+02
   1.8800e+02
   1.8700e+02
   1.8800e+02
   1.8800e+02
   1.8900e+02
   1.8800e+02
   1.8800e+02
   1.8900e+02
   1.9100e+02
   1.9000e+02
   1.9100e+02
   1.9100e+02
   1.9000e+02
   1.9000e+02
   1.9200e+02
   1.9200e+02
   1.9100e+02
   1.9100e+02
   1.9100e+02
   1.9200e+02
   1.9500e+02
   1.9600e+02
   1.9600e+02
   1.9800e+02
   1.9900e+02
   1.9900e+02
   1.9900e+02
   1.9900e+02
   2.0000e+02
   2.0000e+02
   2.0100e+02
   2.0000e+02
   2.0000e+02
   2.0000e+02
   1.9900e+02
   1.9900e+02
   1.9900e+02
   2.0100e+02
   2.0000e+02
   2.0000e+02
   1.9900e+02
   1.9900e+02
   1.9900e+02
   1.9900e+02
   1.9900e+02
   1.9800e+02
   1.9700e+02
   1.9600e+02
   1.9500e+02
   1.9500e+02
   1.9500e+02
   1.9400e+02
   1.9500e+02
   1.9500e+02
   1.9500e+02
   1.9500e+02
   1.9600e+02
   1.9600e+02
   1.9600e+02
   1.9600e+02
   1.9600e+02
   1.9500e+02
   1.9500e+02
   1.9600e+02
   1.9700e+02
   1.9800e+02
   1.9800e+02
   1.9800e+02
   1.9700e+02
   1.9700e+02
   1.9800e+02
   1.9800e+02
   1.9800e+02
   1.9800e+02
   1.9800e+02
   1.9700e+02
   1.9800e+02
   1.9800e+02
   1.9900e+02
   1.9800e+02
   2.0000e+02
   2.0200e+02
   2.0300e+02
   2.0400e+02
   2.0500e+02
   2.0700e+02
   2.0700e+02
   2.0700e+02
   2.0800e+02
   2.0800e+02
   2.0600e+02
   2.0300e+02
   2.0300e+02
   2.0200e+02
   2.0300e+02
   2.0300e+02
   2.0300e+02
   2.0300e+02
   2.0300e+02
   2.0300e+02
   2.0400e+02
   2.0500e+02
   2.0500e+02
   2.0500e+02
   2.0600e+02
   2.0600e+02
   2.0500e+02
   2.0400e+02
   2.0600e+02
   2.0600e+02
   2.0700e+02
   2.0700e+02
   2.0800e+02
   2.0900e+02
   2.0900e+02
   2.0900e+02
   2.0900e+02
   2.0900e+02
   2.0900e+02
   2.1000e+02
   2.1000e+02
   2.1000e+02
   2.0900e+02
   2.0900e+02
   2.0900e+02
   2.0700e+02
   2.0700e+02
   2.0800e+02
   2.0800e+02
   2.0900e+02
   2.0900e+02
   2.0900e+02
   2.1000e+02
   2.1000e+02
   2.1000e+02
   2.1000e+02
   2.1000e+02
   2.1000e+02
   2.1000e+02
   2.1000e+02
   2.1100e+02
   2.1100e+02
   2.1200e+02
   2.1400e+02
   2.1500e+02
   2.1500e+02
   2.1500e+02
   2.1500e+02
   2.1600e+02
   2.1600e+02
   2.1700e+02
   2.1600e+02
   2.1700e+02
   2.1700e+02
   2.1700e+02
   2.1600e+02
   2.1600e+02
   2.1600e+02
   2.1500e+02
   2.1500e+02
   2.1700e+02
   2.1900e+02
   2.1900e+02
   2.2000e+02
   2.1900e+02
   2.2000e+02
   2.2000e+02
   2.2000e+02
   2.2000e+02
   2.2000e+02
   2.2000e+02
   2.2000e+02
   2.2000e+02
   2.2100e+02
   2.2100e+02
   2.2100e+02
   2.2100e+02
   2.2100e+02
   2.2100e+02
   2.2100e+02
   2.2100e+02
   2.2100e+02
   2.2100e+02
   2.2000e+02
   2.2100e+02
   2.2200e+02
   2.2300e+02
   2.2300e+02
   2.2300e+02
   2.2300e+02
   2.2300e+02
   2.2400e+02
   2.2400e+02
   2.2400e+02
   2.2300e+02
   2.2300e+02
   2.2300e+02
   2.2300e+02
   2.2300e+02
   2.2300e+02
   2.2300e+02
   2.2300e+02
   2.2300e+02
   2.2400e+02
   2.2500e+02
   2.2600e+02
   2.2600e+02
   2.2600e+02
   2.2600e+02
   2.2600e+02
   2.2600e+02
   2.2600e+02
   2.2500e+02
   2.2400e+02
   2.2400e+02
   2.2400e+02
   2.2400e+02
   2.2400e+02
   2.2400e+02
   2.2300e+02
   2.2300e+02
   2.2300e+02
   2.2200e+02
   2.2200e+02
   2.2200e+02
   2.2200e+02
   2.2200e+02
   2.2200e+02
   2.2200e+02
   2.2200e+02
   2.2200e+02
   2.2200e+02
   2.2200e+02
   2.2200e+02
   2.2300e+02
   2.2300e+02
   2.2300e+02
   2.2300e+02
   2.2300e+02
   2.2300e+02
   2.2200e+02
   2.2200e+02
   2.2200e+02
   2.2200e+02
   2.2200e+02
   2.2300e+02
   2.2300e+02
   2.2400e+02
   2.2400e+02
   2.2400e+02
   2.2400e+02
   2.2300e+02
   2.2300e+02
   2.2300e+02
   2.2400e+02
   2.2400e+02
   2.2400e+02
   2.2400e+02
   2.2400e+02
   2.2400e+02
   2.2400e+02
   2.2400e+02
   2.2400e+02
   2.2400e+02
   2.2400e+02
   2.2400e+02
   2.2300e+02
   2.2300e+02
   2.2300e+02
   2.2200e+02
   2.2200e+02
   2.2300e+02
   2.2300e+02
   2.2300e+02
   2.2300e+02
   2.2300e+02
   2.2300e+02
   2.2300e+02
   2.2300e+02
   2.2300e+02
   2.2300e+02
   2.2300e+02
   2.2300e+02
   2.2300e+02
   2.2300e+02
   2.2300e+02
   2.2300e+02
   2.2300e+02
   2.2300e+02
   2.2300e+02
   2.2300e+02
   2.2300e+02
   2.2300e+02
   2.2300e+02
   2.2300e+02
   2.2300e+02
   2.2400e+02
   2.2400e+02
   2.2400e+02
   2.2400e+02
   2.2400e+02
   2.2400e+02
   2.2300e+02
   2.2300e+02
   2.2300e+02
   2.2400e+02
   2.2400e+02
   2.2500e+02
   2.2500e+02
   2.2500e+02
   2.2500e+02
   2.2500e+02
   2.2500e+02
   2.2500e+02
   2.2500e+02
   2.2600e+02
   2.2600e+02
   2.2600e+02
   2.2600e+02
   2.2600e+02
   2.2500e+02
   2.2500e+02
   2.2500e+02
   2.2500e+02
   2.2500e+02
   2.2600e+02
   2.2600e+02
   2.2600e+02
   2.2600e+02
   2.2600e+02
   2.2600e+02
   2.2800e+02
   2.2800e+02
   2.2800e+02
   2.2800e+02
   2.2800e+02
   2.2800e+02
   2.2800e+02
   2.2800e+02
   2.2800e+02
   2.2800e+02
   2.2800e+02
   2.2800e+02
   2.2800e+02
   2.2800e+02
   2.2800e+02
   2.2800e+02
   2.2800e+02
   2.2800e+02
   2.2800e+02
   2.2900e+02
   2.2800e+02
   2.2800e+02
   2.2800e+02
   2.2800e+02
   2.2900e+02
   2.3000e+02
   2.3000e+02
   2.3000e+02
   2.3000e+02
   2.3000e+02
   2.3000e+02
   2.3000e+02
   2.3000e+02
   2.3000e+02
   2.3000e+02
   2.3000e+02
   2.3000e+02
   2.3000e+02
   2.3000e+02
   2.3000e+02
   2.3000e+02
   2.3000e+02
   2.3000e+02
   2.3000e+02
   2.3000e+02
   2.3000e+02
   2.3000e+02
   2.3000e+02
   2.3000e+02
   2.3000e+02
   2.3000e+02
   2.2900e+02
   2.3000e+02
   2.2900e+02
   2.3100e+02
   2.3100e+02
   2.3000e+02
   2.3000e+02
   2.3100e+02
   2.3200e+02
   2.3100e+02
   2.3100e+02
   2.3100e+02
   2.3100e+02
   2.3100e+02
   2.3100e+02
   2.3100e+02
   2.3100e+02
   2.3100e+02
   2.3200e+02
   2.3200e+02
   2.3200e+02
   2.3300e+02
   2.3300e+02
   2.3300e+02
   2.3300e+02
   2.3300e+02
   2.3200e+02
   2.3300e+02
   2.3300e+02
   2.3300e+02
   2.3300e+02
   2.3300e+02
   2.3300e+02
   2.3300e+02
   2.3300e+02
   2.3300e+02
   2.3300e+02
   2.3300e+02
   2.3300e+02
   2.3400e+02
   2.3300e+02
   2.3400e+02
   2.3400e+02
   2.3400e+02
   2.3400e+02
   2.3400e+02
   2.3400e+02
   2.3400e+02
   2.3400e+02
   2.3400e+02
   2.3400e+02
   2.3400e+02
   2.3400e+02
   2.3400e+02
   2.3400e+02
   2.3500e+02
   2.3600e+02
   2.3600e+02
   2.3600e+02
   2.3600e+02
   2.3600e+02
   2.3600e+02
   2.3600e+02
   2.3600e+02
   2.3600e+02
   2.3600e+02
   2.3600e+02
   2.3600e+02
   2.3500e+02
   2.3500e+02
   2.3500e+02
   2.3500e+02
   2.3500e+02
   2.3500e+02
   2.3500e+02
   2.3500e+02
   2.3500e+02
   2.3500e+02
   2.3500e+02
   2.3500e+02
   2.3500e+02
   2.3500e+02
   2.3500e+02
   2.3500e+02
   2.3500e+02
   2.3500e+02
   2.3500e+02
   2.3500e+02
   2.3500e+02
   2.3500e+02
   2.3500e+02
   2.3500e+02
   2.3500e+02
   2.3600e+02
   2.3600e+02
   2.3600e+02
   2.3600e+02
   2.3600e+02
   2.3600e+02
   2.3600e+02
   2.3600e+02
   2.3600e+02
   2.3500e+02
   2.3500e+02
   2.3500e+02
   2.3500e+02
   2.3500e+02
   2.3500e+02
   2.3500e+02
   2.3500e+02
   2.3500e+02
   2.3500e+02
   2.3600e+02
   2.3600e+02
   2.3600e+02
   2.3600e+02
   2.3600e+02
   2.3600e+02
   2.3600e+02
   2.3600e+02
   2.3600e+02
   2.3600e+02
   2.3600e+02
   2.3500e+02
   2.3400e+02
   2.3500e+02
   2.3500e+02
   2.3500e+02
   2.3500e+02
   2.3500e+02
   2.3500e+02
   2.3500e+02
   2.3500e+02
   2.3400e+02
   2.3400e+02
   2.3400e+02
   2.3200e+02
   2.3200e+02
   2.3100e+02
   2.3000e+02
   2.2900e+02
   2.2900e+02
   2.2900e+02
   2.2900e+02
   2.2900e+02
   2.2900e+02
   2.2900e+02
   2.3000e+02
   2.3000e+02
   2.3000e+02
   2.3000e+02
   2.3000e+02
   2.3000e+02
   2.3000e+02
   2.3000e+02
   2.3000e+02
   2.2900e+02
   2.2800e+02
   2.2800e+02
   2.2900e+02
   2.2800e+02
   2.2900e+02
   2.2900e+02
   2.2900e+02
   2.2800e+02
   2.2800e+02
   2.2800e+02
   2.2900e+02
   2.2900e+02
   2.2900e+02
   2.2900e+02
   2.2900e+02
   2.2800e+02
   2.2800e+02
   2.2800e+02
   2.2800e+02
   2.2900e+02
   2.3000e+02
   2.3000e+02
   2.3000e+02
   2.3000e+02
   2.2900e+02
   2.3000e+02
   2.2900e+02
   2.2900e+02
   2.2900e+02
   2.2900e+02
   2.2900e+02
   2.3000e+02
   2.2900e+02
   2.2800e+02
   2.2800e+02
   2.2800e+02
   2.2800e+02
   2.2800e+02
   2.2800e+02
   2.2800e+02
   2.2800e+02
   2.2800e+02
   2.2800e+02
   2.3000e+02
   2.3000e+02
   2.3000e+02
   2.2900e+02
   2.2800e+02
   2.2700e+02
   2.2700e+02
   2.2700e+02
   2.2700e+02
   2.2700e+02
   2.2700e+02
   2.2900e+02
   2.2900e+02
   2.2900e+02
   2.3000e+02
   2.2900e+02
   2.2900e+02
   2.2900e+02
   2.2900e+02
   2.2800e+02
   2.2800e+02
   2.2800e+02
   2.2800e+02
   2.2800e+02
   2.2800e+02
   2.2800e+02
   2.2800e+02
   2.2700e+02
   2.2600e+02
   2.2600e+02
   2.2700e+02
   2.2700e+02
   2.2700e+02
   2.2700e+02
   2.2800e+02
   2.2800e+02
   2.2800e+02
   2.2800e+02
   2.2800e+02
   2.2900e+02
   2.2800e+02
   2.2900e+02
   2.2900e+02
   2.2900e+02
   2.2900e+02
   2.2900e+02
   2.2900e+02
   2.2900e+02
   2.2900e+02
   2.2900e+02
   2.3000e+02
   2.3000e+02
   2.3000e+02
   2.2900e+02
   2.2800e+02
   2.2800e+02
   2.2800e+02
   2.2800e+02
   2.2700e+02
   2.2700e+02
   2.2700e+02
   2.2800e+02
   2.2800e+02
   2.2800e+02
   2.2800e+02
   2.2800e+02
   2.2800e+02
   2.2800e+02
   2.2800e+02
   2.2800e+02
   2.2900e+02
   2.2900e+02
   2.3000e+02
   2.3000e+02
   2.3000e+02
   2.3000e+02
   2.3000e+02
   2.3000e+02
   2.3000e+02
   2.3000e+02
   2.3000e+02
   2.3000e+02
   2.2800e+02
   2.2900e+02
   2.2800e+02
   2.2800e+02
   2.2800e+02
   2.2700e+02
   2.2700e+02
   2.2700e+02
   2.2800e+02
   2.2800e+02
   2.2900e+02
   2.2900e+02
   2.2800e+02
   2.2900e+02
   2.2800e+02
   2.2800e+02
   2.2800e+02
   2.2800e+02
   2.2800e+02
   2.2800e+02
   2.2800e+02
   2.2900e+02
   2.2900e+02
   2.2900e+02
   2.2900e+02
   2.2800e+02
   2.2800e+02
   2.2800e+02
   2.2800e+02
   2.2700e+02
   2.2800e+02
   2.2900e+02
   2.2900e+02
   2.2800e+02
   2.2800e+02
   2.2800e+02
   2.2800e+02
   2.2700e+02
   2.2800e+02
   2.2800e+02
   2.2800e+02
   2.2800e+02
   2.2800e+02
   2.2700e+02
   2.2800e+02
   2.2800e+02
   2.2800e+02
   2.2800e+02
   2.2800e+02
   2.2900e+02
   2.2900e+02
   2.3000e+02
   2.3000e+02
   2.2900e+02
   2.2800e+02
   2.2800e+02
   2.2900e+02
   2.2900e+02
   2.2900e+02
   2.2800e+02
   2.2800e+02
   2.2800e+02
   2.2800e+02
   2.2800e+02
   2.2800e+02
   2.2800e+02
   2.2800e+02
   2.2800e+02
   2.2800e+02
   2.2800e+02
   2.2800e+02
   2.2800e+02
   2.2800e+02
   2.2800e+02
   2.2800e+02
   2.2600e+02
   2.2500e+02
   2.2400e+02
   2.2400e+02
   2.2500e+02
   2.2500e+02
   2.2500e+02
   2.2600e+02
   2.2600e+02
   2.2500e+02
   2.2500e+02
   2.2700e+02
   2.2800e+02
   2.2800e+02
   2.2900e+02
   2.2900e+02
   2.2800e+02
   2.2800e+02
   2.2800e+02
   2.2800e+02
   2.2900e+02
   2.2900e+02
   2.2900e+02
   2.3000e+02
   2.2900e+02
   2.2900e+02
   2.2900e+02
   2.2900e+02
   2.3000e+02
   2.3000e+02
   2.3000e+02
   2.3100e+02
   2.3100e+02
   2.3200e+02
   2.3200e+02
   2.3200e+02
   2.3200e+02
   2.3200e+02
   2.3200e+02
   2.3200e+02
   2.3100e+02
   2.3100e+02
   2.3100e+02
   2.3100e+02
   2.3100e+02
   2.3100e+02
   2.3100e+02
   2.3200e+02
   2.3200e+02
   2.3200e+02
   2.3200e+02
   2.3300e+02
   2.3300e+02
   2.3300e+02
   2.3300e+02
   2.3300e+02
   2.3300e+02
   2.3300e+02
   2.3300e+02
   2.3300e+02
   2.3300e+02
   2.3300e+02
   2.3300e+02
   2.3200e+02
   2.3200e+02
   2.3200e+02
   2.3200e+02
   2.3200e+02
   2.3100e+02
   2.3100e+02
   2.3000e+02
   2.3000e+02
   2.3100e+02
   2.3200e+02
   2.3200e+02
   2.3300e+02
   2.3300e+02
   2.3300e+02
   2.3300e+02
   2.3300e+02
   2.3200e+02
   2.3300e+02
   2.3300e+02
   2.3300e+02
   2.3300e+02
   2.3300e+02
   2.3300e+02
   2.3400e+02
   2.3400e+02
   2.3400e+02
   2.3400e+02
   2.3400e+02
   2.3400e+02
   2.3400e+02
   2.3400e+02
   2.3400e+02
   2.3400e+02
   2.3400e+02
   2.3300e+02
   2.3200e+02
   2.3200e+02
   2.3200e+02
   2.3300e+02
   2.3400e+02
   2.3400e+02
   2.3400e+02
   2.3400e+02
   2.3400e+02
   2.3400e+02
   2.3400e+02
   2.3400e+02
   2.3400e+02
   2.3300e+02
   2.3300e+02
   2.3300e+02
   2.3300e+02
   2.3300e+02
   2.3300e+02
   2.3300e+02
   2.3300e+02
   2.3300e+02
   2.3300e+02
   2.3300e+02
   2.3200e+02
   2.3200e+02
   2.3200e+02
   2.3200e+02
   2.3200e+02
   2.3200e+02
   2.3200e+02
   2.3200e+02
   2.3200e+02
   2.3100e+02
   2.3100e+02
   2.3100e+02
   2.3100e+02
   2.3100e+02
   2.3100e+02
   2.3100e+02
   2.3100e+02
   2.3000e+02
   2.3000e+02
   2.3100e+02
   2.3100e+02
   2.3100e+02
   2.3100e+02
   2.3100e+02
   2.3100e+02
   2.3100e+02
   2.3100e+02
   2.3000e+02
   2.3000e+02
   2.3000e+02
   2.3000e+02
   2.3000e+02
   2.3000e+02
   2.3000e+02
   2.3000e+02
   2.3000e+02
   2.3000e+02
   2.3000e+02
   2.3000e+02
   2.3000e+02
   2.3000e+02
   2.3000e+02
   2.3000e+02
   2.3000e+02
   2.2900e+02
   2.2900e+02
   2.2800e+02
   2.2800e+02
   2.2800e+02
   2.2700e+02
   2.2600e+02
   2.2700e+02
   2.2700e+02
   2.2700e+02
   2.2700e+02
   2.2600e+02
   2.2700e+02
   2.2700e+02
   2.2700e+02
   2.2800e+02
   2.2800e+02
   2.2800e+02
   2.2800e+02
   2.2800e+02
   2.2800e+02
   2.2800e+02
   2.2800e+02
   2.2800e+02
   2.2800e+02
   2.2800e+02
   2.2800e+02
   2.2900e+02
   2.2900e+02
   2.2900e+02
   2.3000e+02
   2.3100e+02
   2.3100e+02
   2.3100e+02
   2.3100e+02
   2.3000e+02
   2.3000e+02
   2.3000e+02
   2.3100e+02
   2.3100e+02
   2.3100e+02
   2.3100e+02
   2.3100e+02
   2.3100e+02
   2.3100e+02
   2.3100e+02
   2.3100e+02
   2.3100e+02
   2.3100e+02
   2.3100e+02
   2.3100e+02
   2.3100e+02
   2.3100e+02
   2.3100e+02
   2.3100e+02
   2.3100e+02
   2.3100e+02
   2.3000e+02
   2.3000e+02
   2.3000e+02
   2.3000e+02
   2.3100e+02
   2.3200e+02
   2.3200e+02
   2.3200e+02
   2.3200e+02
   2.3200e+02
   2.3200e+02
   2.3200e+02
   2.3200e+02
   2.3200e+02
   2.3300e+02
   2.3300e+02
   2.3400e+02
   2.3400e+02
   2.3400e+02
   2.3400e+02
   2.3300e+02
   2.3300e+02
   2.3400e+02
   2.3300e+02
   2.3300e+02
   2.3400e+02
   2.3400e+02
   2.3400e+02
   2.3400e+02
   2.3400e+02
   2.3400e+02
   2.3400e+02
   2.3400e+02
   2.3300e+02
   2.3300e+02
   2.3300e+02
   2.3200e+02
   2.3100e+02
   2.3100e+02
   2.3100e+02
   2.3000e+02
   2.2900e+02
   2.2900e+02
   2.2900e+02
   2.3000e+02
   2.3000e+02
   2.3000e+02
   2.3000e+02
   2.2900e+02
   2.2900e+02
   2.2900e+02
   2.2900e+02
   2.2800e+02
   2.2900e+02
   2.2900e+02
   2.2900e+02
   2.2900e+02
   2.2900e+02
   2.2900e+02
   2.2900e+02
   2.2900e+02
   2.2900e+02
   2.2900e+02
   2.2700e+02
   2.2700e+02
   2.2800e+02
   2.2800e+02
   2.2800e+02
   2.2900e+02
   2.3000e+02
   2.2900e+02
   2.2900e+02
   2.2900e+02
   2.2900e+02
   2.3000e+02
   2.3100e+02
   2.3100e+02
   2.3100e+02
   2.3100e+02
   2.3100e+02
   2.3000e+02
   2.3000e+02
   2.3000e+02
   2.3000e+02
   2.3000e+02
   2.3000e+02
   2.3000e+02
   2.3100e+02
   2.3100e+02
   2.3000e+02
   2.3000e+02
   2.3000e+02
   2.3000e+02
   2.2900e+02
   2.2900e+02
   2.2800e+02
   2.2800e+02
   2.2800e+02
   2.2800e+02
   2.2800e+02
   2.2800e+02
   2.2700e+02
   2.2700e+02
   2.2800e+02
   2.2800e+02
   2.2900e+02
   2.3000e+02
   2.3000e+02
   2.3000e+02
   2.3000e+02
   2.3100e+02
   2.3100e+02
   2.3100e+02
   2.3100e+02
   2.3100e+02
   2.3100e+02
   2.3100e+02
   2.3100e+02
   2.3100e+02
   2.3200e+02
   2.3200e+02
   2.3100e+02
   2.3100e+02
   2.3100e+02
   2.3100e+02
   2.3100e+02
   2.3200e+02
   2.3200e+02
   2.3200e+02
   2.3300e+02
   2.3300e+02
   2.3300e+02
   2.3300e+02
   2.3300e+02
   2.3300e+02
   2.3300e+02
   2.3300e+02
   2.3300e+02
   2.3300e+02
   2.3300e+02
   2.3300e+02
   2.3300e+02
   2.3400e+02
   2.3500e+02
   2.3500e+02
   2.3600e+02
   2.3500e+02
   2.3500e+02
   2.3500e+02
   2.3500e+02
   2.3500e+02
   2.3500e+02
   2.3500e+02
   2.3500e+02
   2.3500e+02
   2.3500e+02
   2.3500e+02
   2.3500e+02
   2.3500e+02
   2.3500e+02
   2.3500e+02
   2.3500e+02
   2.3500e+02
   2.3500e+02
   2.3500e+02
   2.3500e+02
   2.3500e+02
   2.3500e+02
   2.3500e+02
   2.3600e+02
   2.3600e+02
   2.3600e+02
   2.3700e+02
   2.3600e+02
   2.3600e+02
   2.3600e+02
   2.3600e+02
   2.3600e+02
   2.3600e+02
   2.3600e+02
   2.3600e+02
   2.3600e+02
   2.3600e+02
   2.3600e+02
   2.3500e+02
   2.3400e+02
   2.3400e+02
   2.3400e+02
   2.3500e+02
   2.3500e+02
   2.3500e+02
   2.3500e+02
   2.3500e+02
   2.3400e+02
   2.3500e+02
   2.3400e+02
   2.3400e+02
   2.3400e+02
   2.3200e+02
   2.3200e+02
   2.3200e+02
   2.3200e+02
   2.3200e+02
   2.3200e+02
   2.3200e+02
   2.3200e+02
   2.3200e+02
   2.3100e+02
   2.3100e+02
   2.3000e+02
   2.3000e+02
   2.3000e+02
   2.3000e+02
   2.3000e+02
   2.3000e+02
   2.3000e+02
   2.3000e+02
   2.3100e+02
   2.3100e+02
   2.3000e+02
   2.3000e+02
   2.2900e+02
   2.2900e+02
   2.2800e+02
   2.2800e+02
   2.2800e+02
   2.2900e+02
   2.2900e+02
   2.2900e+02
   2.2900e+02
   2.2800e+02
   2.2800e+02
   2.2900e+02
   2.2900e+02
   2.2900e+02
   2.2900e+02
   2.2900e+02
   2.2700e+02
   2.2700e+02
   2.2600e+02
   2.2600e+02
   2.2600e+02
   2.2500e+02
   2.2600e+02
   2.2600e+02
   2.2600e+02
   2.2600e+02
   2.2700e+02
   2.2900e+02
   2.2900e+02
   2.2900e+02
   2.2800e+02
   2.2800e+02
   2.2800e+02
   2.2800e+02
   2.2800e+02
   2.2800e+02
   2.2800e+02
   2.2700e+02
   2.2700e+02
   2.2700e+02
   2.2700e+02
   2.2700e+02
   2.2600e+02
   2.2800e+02
   2.2800e+02
   2.2500e+02
   2.2400e+02
   2.2400e+02
   2.2400e+02
   2.2400e+02
   2.2400e+02
   2.2400e+02
   2.2400e+02
   2.2400e+02
   2.2400e+02
   2.2400e+02
   2.2500e+02
   2.2500e+02
   2.2600e+02
   2.2600e+02
   2.2500e+02
   2.2500e+02
   2.2500e+02
   2.2500e+02
   2.2500e+02
   2.2500e+02
   2.2500e+02
   2.2500e+02
   2.2500e+02
   2.2600e+02
   2.2500e+02
   2.2500e+02
   2.2400e+02
   2.2300e+02
   2.2400e+02
   2.2400e+02
   2.2300e+02
   2.2200e+02
   2.2200e+02
   2.2300e+02
   2.2200e+02
   2.2200e+02
   2.2200e+02
   2.2200e+02
   2.2300e+02
   2.2300e+02
   2.2300e+02
   2.2400e+02
   2.2400e+02
   2.2400e+02
   2.2500e+02
   2.2500e+02
   2.2400e+02
   2.2400e+02
   2.2400e+02
   2.2400e+02
   2.2400e+02
   2.2400e+02
   2.2400e+02
   2.2400e+02
   2.2500e+02
   2.2400e+02
   2.2400e+02
   2.2400e+02
   2.2400e+02
   2.2400e+02
   2.2300e+02
   2.2300e+02
   2.2300e+02
   2.2200e+02
   2.2200e+02
   2.2300e+02
   2.2300e+02
   2.2200e+02
   2.2100e+02
   2.2100e+02
   2.2000e+02
   2.2000e+02
   2.2100e+02
   2.2200e+02
   2.2100e+02
   2.2200e+02
   2.2200e+02
   2.2300e+02
   2.2300e+02
   2.2200e+02
   2.2300e+02
   2.2300e+02
   2.2200e+02
   2.2200e+02
   2.2200e+02
   2.2200e+02
   2.2200e+02
   2.2100e+02
   2.2000e+02
   2.2000e+02
   2.2000e+02
   2.2000e+02
   2.2000e+02
   2.1900e+02
   2.1800e+02
   2.1800e+02
   2.1800e+02
   2.1700e+02
   2.1700e+02
   2.1800e+02
   2.1800e+02
   2.1800e+02
   2.1800e+02
   2.1900e+02
   2.1900e+02
   2.1800e+02
   2.1900e+02
   2.1900e+02
   2.1900e+02
   2.1900e+02
   2.1900e+02
   2.1900e+02
   2.1700e+02
   2.1700e+02
   2.1700e+02
   2.1600e+02
   2.1600e+02
   2.1700e+02
   2.1700e+02
   2.1700e+02
   2.1700e+02
   2.1700e+02
   2.1700e+02
   2.1700e+02
   2.1700e+02
   2.1700e+02
   2.1600e+02
   2.1700e+02
   2.1700e+02
   2.1700e+02
   2.1700e+02
   2.1700e+02
   2.1700e+02
   2.1600e+02
   2.1600e+02
   2.1600e+02
   2.1600e+02
   2.1500e+02
   2.1500e+02
   2.1700e+02
   2.1700e+02
   2.1700e+02
   2.1500e+02
   2.1500e+02
   2.1500e+02
   2.1500e+02
   2.1500e+02
   2.1400e+02
   2.1400e+02
   2.1500e+02
   2.1300e+02
   2.1100e+02
   2.1200e+02
   2.1200e+02
   2.1200e+02
   2.1200e+02
   2.1200e+02
   2.1200e+02
   2.1200e+02
   2.1100e+02
   2.1100e+02
   2.1000e+02
   2.1000e+02
   2.1300e+02
   2.1300e+02
   2.1200e+02
   2.1100e+02
   2.1100e+02
   2.0900e+02
   2.0900e+02
   2.0800e+02
   2.0700e+02
   2.0800e+02
   2.0800e+02
   2.0800e+02
   2.0700e+02
   2.0700e+02
   2.0500e+02
