  -3.5105e+02
  -3.6374e+02
  -3.4508e+02
  -3.4513e+02
  -3.4514e+02
  -3.4514e+02
  -3.4515e+02
  -3.4516e+02
  -3.4527e+02
  -3.4503e+02
  -3.5934e+02
  -3.4832e+02
  -3.4674e+02
  -3.4694e+02
  -3.4583e+02
  -3.4569e+02
  -3.4569e+02
  -3.4589e+02
  -3.4585e+02
  -3.4590e+02
  -3.4355e+02
  -3.4372e+02
  -3.4896e+02
  -3.4693e+02
  -3.4452e+02
  -3.4456e+02
  -3.4756e+02
  -4.1544e+02
  -3.3509e+02
  -3.3516e+02
  -3.3518e+02
  -3.3527e+02
  -3.4045e+02
  -3.3646e+02
  -3.5018e+02
  -3.3280e+02
  -3.2896e+02
  -3.2896e+02
  -3.2897e+02
  -3.2900e+02
  -3.2962e+02
  -3.2643e+02
  -3.2651e+02
  -3.3205e+02
  -3.2852e+02
  -3.2406e+02
  -3.2398e+02
  -3.2373e+02
  -3.2371e+02
  -3.2542e+02
  -3.2149e+02
  -3.2191e+02
  -3.2127e+02
  -3.2127e+02
  -3.2112e+02
  -3.2130e+02
  -3.2250e+02
  -3.1632e+02
  -3.1279e+02
  -3.0756e+02
  -3.0730e+02
  -3.0648e+02
  -3.0125e+02
  -2.9882e+02
  -3.0023e+02
  -2.9746e+02
  -2.9785e+02
  -2.9702e+02
  -3.1115e+02
  -2.9371e+02
  -2.8986e+02
  -2.9215e+02
  -2.9211e+02
  -2.8984e+02
  -2.9071e+02
  -2.8725e+02
  -2.8769e+02
  -2.9091e+02
  -2.8946e+02
  -2.8387e+02
  -2.8380e+02
  -2.8435e+02
  -2.8913e+02
  -2.8450e+02
  -2.8621e+02
  -2.8318e+02
  -2.8316e+02
  -2.8339e+02
  -2.8344e+02
  -2.8352e+02
  -2.8386e+02
  -2.7971e+02
  -2.8074e+02
  -2.7891e+02
  -2.7873e+02
  -2.8053e+02
  -2.7801e+02
  -2.7475e+02
  -2.7482e+02
  -2.7477e+02
  -2.7505e+02
  -2.7579e+02
  -2.7584e+02
  -2.7698e+02
  -2.7497e+02
  -2.7646e+02
  -2.7541e+02
  -2.7556e+02
  -2.7753e+02
  -2.7368e+02
  -2.7349e+02
  -2.7825e+02
  -2.7312e+02
  -2.7403e+02
  -2.7170e+02
  -2.6900e+02
  -2.6889e+02
  -2.6906e+02
  -2.6921e+02
  -2.6966e+02
  -2.7218e+02
  -2.6915e+02
  -2.6952e+02
  -2.6932e+02
  -2.6974e+02
  -2.6913e+02
  -2.6909e+02
  -2.6757e+02
  -2.6811e+02
  -2.6835e+02
  -2.6691e+02
  -2.6672e+02
  -2.6655e+02
  -2.6652e+02
  -2.6660e+02
  -2.6675e+02
  -2.6671e+02
  -2.6672e+02
  -2.6686e+02
  -2.6667e+02
  -2.6679e+02
  -2.6662e+02
  -2.6654e+02
  -2.6657e+02
  -2.6677e+02
  -2.6744e+02
  -2.6824e+02
  -2.6716e+02
  -2.6691e+02
  -2.6635e+02
  -2.6752e+02
  -2.6735e+02
  -2.6747e+02
  -2.6757e+02
  -2.6783e+02
  -2.6804e+02
  -2.6715e+02
  -2.6880e+02
  -2.6702e+02
  -2.6708e+02
  -2.6689e+02
  -2.6710e+02
  -2.6706e+02
  -2.6681e+02
  -2.6785e+02
  -2.6697e+02
  -2.6756e+02
  -2.6618e+02
  -2.6576e+02
  -2.6053e+02
  -2.6080e+02
  -2.6079e+02
  -2.6174e+02
  -2.6129e+02
  -2.6268e+02
  -2.6168e+02
  -2.6343e+02
  -2.6052e+02
  -2.6297e+02
  -2.6256e+02
  -2.5974e+02
  -2.6000e+02
  -2.5838e+02
  -2.6142e+02
  -2.5819e+02
  -2.5921e+02
  -2.6254e+02
  -2.5844e+02
  -2.5646e+02
  -2.5676e+02
  -2.5675e+02
  -2.5749e+02
  -2.5461e+02
  -2.5631e+02
  -2.4832e+02
  -2.4945e+02
  -2.4922e+02
  -2.4828e+02
  -2.4919e+02
  -2.4957e+02
  -2.4844e+02
  -2.4517e+02
  -2.4303e+02
  -2.4433e+02
  -2.4378e+02
  -2.4324e+02
  -2.4241e+02
  -2.4284e+02
  -2.4309e+02
  -2.4284e+02
  -2.4201e+02
  -2.4215e+02
  -2.4283e+02
  -2.4236e+02
  -2.4320e+02
  -2.4287e+02
  -2.4362e+02
  -2.4167e+02
  -2.4267e+02
  -2.4150e+02
  -2.4119e+02
  -2.4513e+02
  -2.4232e+02
  -2.4221e+02
  -2.4195e+02
  -2.4082e+02
  -2.4180e+02
  -2.3983e+02
  -2.3990e+02
  -2.4088e+02
  -2.4116e+02
  -2.4145e+02
  -2.4147e+02
  -2.4852e+02
  -2.3664e+02
  -2.3036e+02
  -2.3015e+02
  -2.3039e+02
  -2.2889e+02
  -2.2660e+02
  -2.2600e+02
  -2.2615e+02
  -2.2757e+02
  -2.2724e+02
  -2.2662e+02
  -2.2653e+02
  -2.2664e+02
  -2.2638e+02
  -2.2644e+02
  -2.2526e+02
  -2.3079e+02
  -2.2781e+02
  -2.2288e+02
  -2.2366e+02
  -2.2332e+02
  -2.2274e+02
  -2.2240e+02
  -2.2147e+02
  -2.2174e+02
  -2.2247e+02
  -2.2298e+02
  -2.2012e+02
  -2.1965e+02
  -2.1974e+02
  -2.2045e+02
  -2.2015e+02
  -2.2140e+02
  -2.2131e+02
  -2.2122e+02
  -2.2112e+02
  -2.2152e+02
  -2.2170e+02
  -2.2295e+02
  -2.2193e+02
  -2.2201e+02
  -2.1946e+02
  -2.1967e+02
  -2.2014e+02
  -2.2044e+02
  -2.2001e+02
  -2.2068e+02
  -2.2050e+02
  -2.1991e+02
  -2.1961e+02
  -2.2152e+02
  -2.2199e+02
  -2.1913e+02
  -2.1881e+02
  -2.1904e+02
  -2.1956e+02
  -2.1960e+02
  -2.1916e+02
  -2.1948e+02
  -2.1908e+02
  -2.1867e+02
  -2.1820e+02
  -2.1712e+02
  -2.1726e+02
  -2.1737e+02
  -2.1833e+02
  -2.1661e+02
  -2.1796e+02
  -2.1808e+02
  -2.1739e+02
  -2.1741e+02
  -2.1795e+02
  -2.1668e+02
  -2.1662e+02
  -2.1663e+02
  -2.1667e+02
  -2.1678e+02
  -2.1705e+02
  -2.1669e+02
  -2.1668e+02
  -2.1673e+02
  -2.1682e+02
  -2.1707e+02
  -2.1673e+02
  -2.1670e+02
  -2.1672e+02
  -2.1992e+02
  -2.1916e+02
  -2.1915e+02
  -2.1916e+02
  -2.1938e+02
  -2.1994e+02
  -2.1957e+02
  -2.1958e+02
  -2.1976e+02
  -2.2007e+02
  -2.1979e+02
  -2.1986e+02
  -2.2068e+02
  -2.1821e+02
  -2.1749e+02
  -2.1819e+02
  -2.1733e+02
  -2.1734e+02
  -2.1712e+02
  -2.1707e+02
  -2.1700e+02
  -2.1706e+02
  -2.1731e+02
  -2.1707e+02
  -2.1703e+02
  -2.1710e+02
  -2.1723e+02
  -2.1786e+02
  -2.1898e+02
  -2.1334e+02
  -2.1484e+02
  -2.1421e+02
  -2.1424e+02
  -2.1432e+02
  -2.1418e+02
  -2.1459e+02
  -2.1379e+02
  -2.1373e+02
  -2.1370e+02
  -2.1370e+02
  -2.1368e+02
  -2.1365e+02
  -2.1361e+02
  -2.1361e+02
  -2.1363e+02
  -2.1460e+02
  -2.1213e+02
  -2.1210e+02
  -2.1215e+02
  -2.1413e+02
  -2.1095e+02
  -2.1088e+02
  -2.1097e+02
  -2.1093e+02
  -2.1121e+02
  -2.1053e+02
  -2.1048e+02
  -2.1049e+02
  -2.1049e+02
  -2.1051e+02
  -2.1050e+02
  -2.1052e+02
  -2.1052e+02
  -2.1056e+02
  -2.1060e+02
  -2.1074e+02
  -2.1045e+02
  -2.1040e+02
  -2.1035e+02
  -2.1035e+02
  -2.1033e+02
  -2.1032e+02
  -2.1072e+02
  -2.0885e+02
  -2.0891e+02
  -2.1172e+02
  -2.0871e+02
  -2.0879e+02
  -2.0886e+02
  -2.0880e+02
  -2.0874e+02
