  -7.0209e+06
  -5.9856e+06
  -4.7818e+06
  -2.0944e+06
  -1.0569e+06
   4.6315e+06
   1.5037e+07
   1.9975e+07
   2.1103e+07
   2.2559e+07
   2.5448e+07
   2.5629e+07
   2.5982e+07
   2.7923e+07
   3.3341e+07
   3.3708e+07
   3.4012e+07
   3.4528e+07
   3.4771e+07
   3.4845e+07
   3.4876e+07
   3.5077e+07
   3.5409e+07
   3.5448e+07
   3.5487e+07
   3.5531e+07
   3.5533e+07
   3.5534e+07
   3.5545e+07
   3.5546e+07
   3.5544e+07
   3.5549e+07
   3.5545e+07
   3.5539e+07
   3.5555e+07
   3.5552e+07
   3.5553e+07
   3.5562e+07
   3.5564e+07
   3.5598e+07
   3.5598e+07
   3.5598e+07
   3.5602e+07
   3.5602e+07
   3.5604e+07
   3.5620e+07
   3.5618e+07
   3.5620e+07
   3.5622e+07
   3.5623e+07
   3.5661e+07
   3.5661e+07
   3.5661e+07
   3.5661e+07
   3.5662e+07
   3.5662e+07
   3.5668e+07
   3.5708e+07
   3.5707e+07
   3.5707e+07
   3.5707e+07
   3.5707e+07
   3.5707e+07
   3.5706e+07
   3.5707e+07
   3.5705e+07
   3.5711e+07
   3.5707e+07
   3.5706e+07
   3.5705e+07
   3.5710e+07
   3.5710e+07
   3.5709e+07
   3.5709e+07
   3.5709e+07
   3.5709e+07
   3.5709e+07
   3.5709e+07
   3.5709e+07
   3.5709e+07
   3.5738e+07
   3.5737e+07
   3.5737e+07
   3.5737e+07
   3.5738e+07
   3.5736e+07
   3.5737e+07
   3.5779e+07
   3.5926e+07
   3.5927e+07
   3.5927e+07
   3.5926e+07
   3.5927e+07
   3.5926e+07
   3.5936e+07
   3.5936e+07
   3.5936e+07
   3.5979e+07
   3.5979e+07
   3.5979e+07
   3.5980e+07
   3.5975e+07
   3.5977e+07
   3.5977e+07
   3.5977e+07
   3.5994e+07
   3.6050e+07
   3.6050e+07
   3.6050e+07
   3.6050e+07
   3.6049e+07
   3.6049e+07
   3.6050e+07
   3.6050e+07
   3.6050e+07
   3.6050e+07
   3.6050e+07
   3.6050e+07
   3.6049e+07
   3.6050e+07
   3.6051e+07
   3.6054e+07
   3.6053e+07
   3.6053e+07
   3.6053e+07
   3.6053e+07
   3.6053e+07
   3.6054e+07
   3.6044e+07
   3.6055e+07
   3.6054e+07
   3.6054e+07
   3.6054e+07
   3.6055e+07
   3.6049e+07
   3.6050e+07
   3.6050e+07
   3.6049e+07
   3.6050e+07
   3.6059e+07
   3.6061e+07
   3.6060e+07
   3.6060e+07
   3.6060e+07
   3.6060e+07
   3.6060e+07
   3.6060e+07
   3.6060e+07
   3.6061e+07
   3.6049e+07
   3.6047e+07
   3.6120e+07
   3.6416e+07
   3.6414e+07
   3.6414e+07
   3.6414e+07
   3.6414e+07
   3.6414e+07
   3.6414e+07
   3.6413e+07
   3.6415e+07
   3.6414e+07
   3.6414e+07
   3.6415e+07
   3.6415e+07
   3.6415e+07
   3.6414e+07
   3.6410e+07
   3.6411e+07
   3.6410e+07
   3.6410e+07
   3.6410e+07
   3.6410e+07
   3.6410e+07
   3.6410e+07
   3.6410e+07
   3.6410e+07
   3.6410e+07
   3.6410e+07
   3.6410e+07
   3.6410e+07
   3.6410e+07
   3.6410e+07
   3.6410e+07
   3.6410e+07
   3.6410e+07
   3.6410e+07
   3.6410e+07
   3.6410e+07
   3.6410e+07
   3.6410e+07
   3.6410e+07
   3.6410e+07
   3.6410e+07
   3.6410e+07
   3.6410e+07
   3.6410e+07
   3.6410e+07
   3.6410e+07
   3.6411e+07
   3.6406e+07
   3.6406e+07
   3.6403e+07
   3.6414e+07
   3.6414e+07
   3.6418e+07
   3.6417e+07
   3.6417e+07
   3.6417e+07
   3.6417e+07
   3.6417e+07
   3.6416e+07
   3.6417e+07
   3.6417e+07
   3.6410e+07
   3.6419e+07
   3.6418e+07
   3.6418e+07
   3.6418e+07
   3.6418e+07
   3.6418e+07
   3.6418e+07
   3.6418e+07
   3.6426e+07
   3.6426e+07
   3.6425e+07
   3.6425e+07
   3.6923e+07
   3.8400e+07
   3.8401e+07
   3.8401e+07
   3.8401e+07
   3.8401e+07
   3.8401e+07
   3.8401e+07
   3.8400e+07
   3.8401e+07
   3.8401e+07
   3.8401e+07
   3.8401e+07
   3.8401e+07
   3.8401e+07
   3.8400e+07
   3.8400e+07
   3.8401e+07
   3.8401e+07
   3.8401e+07
   3.8404e+07
   3.8495e+07
   3.8496e+07
   3.8496e+07
   3.8496e+07
   3.8496e+07
   3.8496e+07
   3.8496e+07
   3.8496e+07
   3.8496e+07
   3.8496e+07
   3.8495e+07
   3.8495e+07
   3.8496e+07
   3.8496e+07
   3.8496e+07
   3.8496e+07
   3.8495e+07
   3.8496e+07
   3.8496e+07
   3.8497e+07
   3.8500e+07
   3.8499e+07
   3.8499e+07
   3.8499e+07
   3.8499e+07
   3.8499e+07
   3.8499e+07
   3.8499e+07
   3.8499e+07
   3.8499e+07
   3.8499e+07
   3.8499e+07
   3.8499e+07
   3.8499e+07
   3.8501e+07
   3.8522e+07
   3.8563e+07
   3.8563e+07
   3.8563e+07
   3.8563e+07
   3.8563e+07
   3.8562e+07
   3.8562e+07
   3.8563e+07
   3.8563e+07
   3.8563e+07
   3.8563e+07
   3.8563e+07
   3.8563e+07
   3.8563e+07
   3.8563e+07
   3.8563e+07
   3.8563e+07
   3.8563e+07
   3.8562e+07
   3.8563e+07
   3.8562e+07
   3.8563e+07
   3.8566e+07
   3.8595e+07
   3.8595e+07
   3.8595e+07
   3.8595e+07
   3.8595e+07
   3.8597e+07
   3.8601e+07
   3.8600e+07
   3.8599e+07
   3.8600e+07
   3.8600e+07
   3.8600e+07
   3.8600e+07
   3.8600e+07
   3.8600e+07
   3.8600e+07
   3.8600e+07
   3.8600e+07
   3.8604e+07
   3.8629e+07
   3.8629e+07
   3.8633e+07
   3.8651e+07
   3.8651e+07
   3.8651e+07
   3.8651e+07
   3.8651e+07
   3.8651e+07
   3.8651e+07
   3.8651e+07
   3.8651e+07
   3.8651e+07
   3.8651e+07
   3.8651e+07
   3.8651e+07
   3.8651e+07
   3.8650e+07
   3.8653e+07
   3.8652e+07
   3.8652e+07
   3.8652e+07
   3.8652e+07
   3.8652e+07
   3.8652e+07
   3.8653e+07
   3.8638e+07
   3.8640e+07
   3.8641e+07
   3.8641e+07
   3.8641e+07
   3.8640e+07
   3.8640e+07
   3.8640e+07
   3.8641e+07
   3.8640e+07
   3.8640e+07
   3.8640e+07
   3.8641e+07
   3.8640e+07
   3.8641e+07
   3.8640e+07
   3.8640e+07
   3.8640e+07
   3.8640e+07
   3.8640e+07
   3.8641e+07
   3.8641e+07
   3.8640e+07
   3.8640e+07
   3.8640e+07
   3.8641e+07
   3.8641e+07
   3.8641e+07
   3.8641e+07
   3.8641e+07
   3.8641e+07
   3.8641e+07
   3.8641e+07
   3.8640e+07
   3.8641e+07
   3.8641e+07
   3.8641e+07
   3.8641e+07
   3.8641e+07
   3.8641e+07
   3.8641e+07
   3.8640e+07
   3.8640e+07
   3.8641e+07
   3.8641e+07
   3.8640e+07
   3.8640e+07
   3.8640e+07
   3.8640e+07
