  -7.0209e+05
  -7.0235e+05
  -7.0332e+05
  -7.0598e+05
  -7.1887e+05
  -7.2211e+05
  -7.0685e+05
  -7.0424e+05
  -7.0360e+05
  -7.0389e+05
  -7.0509e+05
  -7.0810e+05
  -7.2022e+05
  -7.4365e+05
  -7.2621e+05
  -7.1161e+05
  -7.1061e+05
  -7.2164e+05
  -7.1432e+05
  -7.1832e+05
  -7.1388e+05
  -7.3255e+05
  -7.2631e+05
  -7.2080e+05
  -7.1371e+05
  -7.1653e+05
  -7.4136e+05
  -7.3206e+05
  -7.1607e+05
  -7.1546e+05
  -7.2250e+05
  -7.5363e+05
  -7.2580e+05
  -7.2173e+05
  -7.2028e+05
  -7.2285e+05
  -7.2663e+05
  -7.3489e+05
  -7.7112e+05
  -7.7584e+05
  -8.0808e+05
  -7.5857e+05
  -7.4474e+05
  -7.3776e+05
  -7.3987e+05
  -7.5298e+05
  -7.4218e+05
  -7.4788e+05
  -7.7840e+05
  -7.4648e+05
  -7.4039e+05
  -7.3873e+05
  -7.3869e+05
  -7.4327e+05
  -7.4732e+05
  -7.4877e+05
  -7.6914e+05
  -7.5122e+05
  -7.4575e+05
  -7.4319e+05
  -7.5127e+05
  -7.8506e+05
  -7.6333e+05
  -7.7002e+05
  -7.7365e+05
  -7.6918e+05
  -7.6179e+05
  -7.6431e+05
  -7.6544e+05
  -7.6393e+05
  -7.7123e+05
  -7.9122e+05
  -7.7621e+05
  -7.8188e+05
  -7.7750e+05
  -7.7752e+05
  -7.7474e+05
  -7.8367e+05
  -7.8472e+05
  -7.7809e+05
  -7.8504e+05
  -7.7876e+05
  -7.8310e+05
  -7.8298e+05
  -7.8359e+05
  -7.8309e+05
  -7.8605e+05
  -7.8659e+05
  -7.8788e+05
  -7.9925e+05
  -8.2383e+05
  -8.3018e+05
  -8.2706e+05
  -8.1910e+05
  -8.2790e+05
  -8.3447e+05
  -8.4389e+05
  -8.5713e+05
  -8.7687e+05
  -8.8305e+05
  -9.1041e+05
  -9.0084e+05
  -8.9715e+05
  -8.8657e+05
  -8.8831e+05
  -8.8502e+05
  -9.1340e+05
  -9.1652e+05
  -9.3310e+05
  -9.3962e+05
  -8.9902e+05
  -8.9120e+05
  -8.8128e+05
  -8.6499e+05
  -8.5741e+05
  -8.7083e+05
  -8.5673e+05
  -8.5846e+05
  -8.5093e+05
  -8.7951e+05
  -8.6682e+05
  -8.7880e+05
  -8.6378e+05
  -8.6428e+05
  -8.5689e+05
  -9.0955e+05
  -8.6465e+05
  -8.7405e+05
  -8.9170e+05
  -9.0408e+05
  -8.9525e+05
  -8.8062e+05
  -8.7607e+05
  -8.5628e+05
  -8.5051e+05
  -8.4283e+05
  -8.3520e+05
  -8.3299e+05
  -8.4235e+05
  -8.3738e+05
  -8.1878e+05
  -8.0709e+05
  -8.0098e+05
  -7.9731e+05
  -7.9865e+05
  -7.9451e+05
  -7.9641e+05
  -7.8784e+05
  -7.9267e+05
  -8.0268e+05
  -7.8421e+05
  -7.7647e+05
  -7.7267e+05
  -7.6414e+05
  -7.6377e+05
  -7.6025e+05
  -7.6423e+05
  -7.7144e+05
  -7.7252e+05
  -7.9227e+05
  -7.7466e+05
  -7.7340e+05
  -7.7613e+05
  -7.7378e+05
  -7.8024e+05
  -7.6671e+05
  -7.6073e+05
  -7.5968e+05
  -7.6465e+05
  -7.9534e+05
  -7.7037e+05
  -7.6605e+05
  -7.7571e+05
  -7.6228e+05
  -7.6451e+05
  -7.6836e+05
  -7.6804e+05
  -7.6735e+05
  -7.6246e+05
  -7.7137e+05
  -7.8051e+05
  -7.6953e+05
  -7.6635e+05
  -7.9578e+05
  -7.5765e+05
  -7.5288e+05
  -7.5207e+05
  -7.5467e+05
  -7.5414e+05
  -7.6709e+05
  -7.7478e+05
  -7.6866e+05
  -7.6524e+05
  -7.5626e+05
  -7.5721e+05
  -7.6056e+05
  -7.6150e+05
  -7.5816e+05
  -7.6286e+05
  -7.7960e+05
  -7.6756e+05
  -7.5961e+05
  -7.5963e+05
  -7.5840e+05
  -7.6234e+05
  -7.6152e+05
  -7.6096e+05
  -7.5711e+05
  -7.6008e+05
  -7.8932e+05
  -7.5824e+05
  -7.5466e+05
  -7.5260e+05
  -7.5224e+05
  -7.4893e+05
  -7.4858e+05
  -7.5216e+05
  -7.6488e+05
  -7.7681e+05
  -7.7160e+05
  -7.5792e+05
  -7.5681e+05
  -7.5720e+05
  -7.5374e+05
  -7.5127e+05
  -7.5336e+05
  -7.5493e+05
  -7.5614e+05
  -7.7050e+05
  -7.6971e+05
  -7.8099e+05
  -7.5749e+05
  -7.5096e+05
  -7.4773e+05
  -7.4849e+05
  -7.4966e+05
  -7.4971e+05
  -7.5065e+05
  -7.6157e+05
  -7.7095e+05
  -7.5435e+05
  -7.4654e+05
  -7.4249e+05
  -7.4208e+05
  -7.4773e+05
  -7.4780e+05
  -7.4898e+05
  -7.5329e+05
  -7.7368e+05
  -7.6179e+05
  -7.5613e+05
  -7.5444e+05
  -7.5319e+05
  -7.5221e+05
  -7.6338e+05
  -7.5531e+05
  -7.5832e+05
  -7.6916e+05
  -7.8616e+05
  -7.7051e+05
  -7.7046e+05
  -7.8303e+05
  -7.7593e+05
  -7.7070e+05
  -7.7028e+05
  -7.7379e+05
  -7.7987e+05
  -7.9335e+05
  -7.7186e+05
  -7.6905e+05
  -7.6163e+05
  -7.6075e+05
  -7.6006e+05
  -7.6285e+05
  -7.6235e+05
  -7.7268e+05
  -7.8523e+05
  -7.6506e+05
  -7.6024e+05
  -7.5635e+05
  -7.5749e+05
  -7.5640e+05
  -7.5788e+05
  -7.6211e+05
  -8.1148e+05
  -7.5776e+05
  -7.5005e+05
  -7.4834e+05
  -7.4832e+05
  -7.5028e+05
  -7.4881e+05
  -7.4949e+05
  -7.5476e+05
  -7.5971e+05
  -8.1446e+05
  -7.6091e+05
  -7.5358e+05
  -7.5189e+05
  -7.4859e+05
  -7.4717e+05
  -7.4780e+05
  -7.5321e+05
  -7.6262e+05
  -7.9913e+05
  -7.5790e+05
  -7.5042e+05
  -7.4701e+05
  -7.4817e+05
  -7.4985e+05
  -7.5282e+05
  -7.5583e+05
  -7.9052e+05
  -7.6120e+05
  -7.5083e+05
  -7.5224e+05
  -7.4513e+05
  -7.4384e+05
  -7.4663e+05
  -7.5184e+05
  -7.5893e+05
  -8.0839e+05
  -7.5700e+05
  -7.5257e+05
  -7.5693e+05
  -7.5673e+05
  -7.5669e+05
  -7.5670e+05
  -7.7014e+05
  -7.8055e+05
  -7.6947e+05
  -7.7647e+05
  -7.7111e+05
  -7.7396e+05
  -7.7545e+05
  -7.7643e+05
  -7.9904e+05
  -7.8786e+05
  -7.7780e+05
  -7.7431e+05
  -7.7286e+05
  -7.7122e+05
  -7.7465e+05
  -7.7666e+05
  -7.9336e+05
  -7.9053e+05
  -7.7662e+05
  -7.7627e+05
  -7.6822e+05
  -7.7261e+05
  -7.6331e+05
  -7.6782e+05
  -7.7385e+05
  -8.3684e+05
  -7.7835e+05
  -7.6737e+05
  -7.6080e+05
  -7.5523e+05
  -7.5448e+05
  -7.5813e+05
  -7.6916e+05
  -7.8164e+05
  -7.6001e+05
  -7.5908e+05
  -7.5588e+05
  -7.5118e+05
  -7.5066e+05
  -7.5589e+05
  -7.9919e+05
  -7.5380e+05
  -7.4727e+05
  -7.4718e+05
  -7.4696e+05
  -7.4913e+05
  -7.5883e+05
  -7.7553e+05
  -7.7251e+05
  -7.5421e+05
  -7.4917e+05
  -7.4758e+05
  -7.4957e+05
  -7.5260e+05
  -7.5911e+05
  -8.1530e+05
  -7.6319e+05
  -7.5747e+05
  -7.5720e+05
  -7.5943e+05
  -7.6118e+05
  -7.5911e+05
  -7.6980e+05
  -7.7122e+05
  -7.5942e+05
  -7.5465e+05
  -7.5285e+05
  -7.5206e+05
  -7.5373e+05
  -7.5998e+05
  -7.8849e+05
  -7.6898e+05
  -7.6278e+05
  -7.6207e+05
  -7.6227e+05
  -7.6414e+05
  -7.6624e+05
  -7.6856e+05
  -7.9033e+05
  -7.7699e+05
  -7.6709e+05
  -7.6100e+05
  -7.5848e+05
  -7.6026e+05
  -7.6066e+05
  -7.6470e+05
  -7.7628e+05
  -7.9038e+05
  -7.6742e+05
  -7.6360e+05
  -7.5957e+05
  -7.6092e+05
  -7.6545e+05
  -7.7055e+05
  -7.7591e+05
  -8.1699e+05
  -7.6788e+05
  -7.6521e+05
  -7.5731e+05
  -7.5392e+05
  -7.5388e+05
  -7.5950e+05
  -7.7840e+05
  -7.6699e+05
  -7.5633e+05
  -7.5488e+05
  -7.5333e+05
  -7.5395e+05
  -7.5619e+05
  -7.6081e+05
  -8.1340e+05
  -7.6330e+05
  -7.5705e+05
  -7.5728e+05
  -7.5496e+05
  -7.5301e+05
  -7.5548e+05
  -7.5389e+05
  -7.6249e+05
  -7.9293e+05
  -7.6296e+05
  -7.6024e+05
  -7.5838e+05
  -7.5834e+05
  -7.5847e+05
  -7.5838e+05
  -7.6530e+05
  -7.8276e+05
  -7.6362e+05
  -7.6026e+05
  -7.5803e+05
  -7.6355e+05
  -7.6501e+05
  -7.6670e+05
  -7.7065e+05
  -7.7407e+05
  -7.7135e+05
  -7.6027e+05
  -7.5836e+05
  -7.6221e+05
  -7.6043e+05
  -7.5884e+05
  -7.6109e+05
  -7.6653e+05
  -7.7380e+05
  -7.6281e+05
  -7.5967e+05
  -7.5822e+05
  -7.6069e+05
  -7.6151e+05
  -7.5955e+05
  -7.6383e+05
  -7.7708e+05
  -7.8198e+05
  -7.7012e+05
  -7.6985e+05
  -7.7039e+05
  -7.7108e+05
  -7.7486e+05
  -7.7418e+05
  -7.9477e+05
  -7.7290e+05
  -7.5884e+05
  -7.6053e+05
  -7.5887e+05
  -7.5704e+05
  -7.5724e+05
  -7.6371e+05
  -7.7967e+05
  -7.7886e+05
  -7.6800e+05
  -7.6407e+05
  -7.6669e+05
  -7.5779e+05
  -7.5537e+05
  -7.5497e+05
  -7.6286e+05
  -8.1360e+05
  -7.6734e+05
  -7.5671e+05
  -7.5576e+05
  -7.5320e+05
  -7.5053e+05
  -7.4821e+05
  -7.5679e+05
  -7.8898e+05
  -7.5177e+05
  -7.5003e+05
  -7.5535e+05
  -7.4755e+05
  -7.5147e+05
  -7.6275e+05
  -7.8518e+05
  -7.5818e+05
  -7.5316e+05
  -7.5018e+05
  -7.5195e+05
  -7.5370e+05
  -7.6892e+05
  -7.6976e+05
  -7.5871e+05
  -7.5793e+05
  -7.5704e+05
  -7.6317e+05
  -7.7349e+05
  -8.0078e+05
  -7.6919e+05
  -7.5995e+05
  -7.5813e+05
  -7.6241e+05
  -7.6730e+05
  -7.6996e+05
  -7.9436e+05
  -7.7529e+05
  -7.6578e+05
  -7.6834e+05
  -7.7203e+05
  -7.6392e+05
  -7.6393e+05
  -7.8096e+05
  -7.7469e+05
  -7.6059e+05
  -7.5551e+05
  -7.5205e+05
  -7.5192e+05
  -7.5527e+05
  -7.6086e+05
  -7.8499e+05
  -7.6516e+05
  -7.6020e+05
  -7.5420e+05
  -7.5132e+05
  -7.5531e+05
  -7.5879e+05
  -7.6085e+05
  -7.7503e+05
  -7.7264e+05
  -7.6548e+05
  -7.5545e+05
  -7.5660e+05
  -7.5884e+05
  -7.5736e+05
  -7.5474e+05
  -7.6185e+05
  -7.7352e+05
  -7.5829e+05
  -7.5545e+05
  -7.5242e+05
  -7.4873e+05
  -7.4717e+05
  -7.5070e+05
  -7.5758e+05
  -7.6358e+05
  -7.5295e+05
  -7.5022e+05
  -7.4804e+05
  -7.5175e+05
  -7.5414e+05
  -7.5566e+05
  -7.6161e+05
  -7.7339e+05
  -7.7294e+05
  -7.6085e+05
  -7.5803e+05
  -7.5970e+05
  -7.5707e+05
  -7.5982e+05
  -7.5941e+05
  -7.6901e+05
  -7.9219e+05
  -7.7319e+05
  -7.6544e+05
  -7.6601e+05
  -7.7489e+05
  -7.6857e+05
  -7.6506e+05
  -7.6670e+05
  -7.7803e+05
  -8.0715e+05
  -7.8162e+05
  -7.6873e+05
  -7.6724e+05
  -7.6385e+05
  -7.6508e+05
  -7.6823e+05
  -8.0356e+05
  -7.6918e+05
  -7.6162e+05
  -7.5810e+05
  -7.5698e+05
  -7.6052e+05
  -7.5891e+05
  -7.6200e+05
  -7.8472e+05
  -7.5445e+05
  -7.4892e+05
  -7.4407e+05
  -7.4152e+05
  -7.4082e+05
  -7.4242e+05
  -7.4718e+05
  -7.6712e+05
  -7.6730e+05
  -7.5427e+05
  -7.5585e+05
  -7.5348e+05
  -7.5451e+05
  -7.5809e+05
  -7.6731e+05
  -7.7772e+05
  -7.8977e+05
  -7.6801e+05
  -7.6766e+05
  -7.6582e+05
  -7.6842e+05
  -7.6779e+05
  -7.7042e+05
  -7.7746e+05
  -7.9186e+05
  -7.8000e+05
  -7.7809e+05
  -7.7381e+05
  -7.6512e+05
  -7.6699e+05
  -7.6780e+05
  -7.6822e+05
  -7.8149e+05
  -7.6708e+05
  -7.5998e+05
  -7.5957e+05
  -7.5828e+05
  -7.6194e+05
  -7.5744e+05
  -7.5779e+05
  -7.7160e+05
  -7.5593e+05
  -7.5102e+05
  -7.5099e+05
  -7.5202e+05
  -7.5620e+05
  -7.5774e+05
  -7.5976e+05
  -7.8280e+05
  -7.6497e+05
  -7.5777e+05
  -7.6255e+05
  -7.6001e+05
  -7.6258e+05
  -7.6851e+05
  -7.7140e+05
  -7.8560e+05
  -7.8818e+05
  -7.7030e+05
  -7.6326e+05
  -7.6053e+05
  -7.5993e+05
  -7.5988e+05
  -7.6506e+05
  -7.7891e+05
  -7.8600e+05
  -7.6584e+05
  -7.6118e+05
  -7.5668e+05
  -7.5572e+05
  -7.6145e+05
  -7.6451e+05
  -7.8396e+05
  -7.7510e+05
  -7.6940e+05
  -7.7084e+05
  -7.7700e+05
  -7.7210e+05
  -7.7057e+05
  -7.7084e+05
  -7.9396e+05
  -7.7693e+05
  -7.6807e+05
  -7.6157e+05
  -7.6393e+05
  -7.6532e+05
  -7.6690e+05
  -7.6460e+05
  -7.9276e+05
  -7.6373e+05
  -7.6243e+05
  -7.5850e+05
  -7.6593e+05
  -7.6447e+05
  -7.6173e+05
  -7.6007e+05
  -7.6828e+05
  -7.5723e+05
  -7.5300e+05
  -7.5193e+05
  -7.5097e+05
  -7.4841e+05
  -7.4556e+05
  -7.4729e+05
  -7.5690e+05
  -7.6649e+05
  -7.5316e+05
  -7.4867e+05
  -7.4867e+05
  -7.5177e+05
  -7.5077e+05
  -7.5099e+05
  -7.5391e+05
  -7.6342e+05
  -7.6377e+05
  -7.5963e+05
  -7.6100e+05
  -7.6773e+05
  -7.7039e+05
  -7.6771e+05
  -7.7107e+05
  -7.7195e+05
  -7.7809e+05
  -7.7794e+05
  -7.6738e+05
  -7.7071e+05
  -7.6782e+05
  -7.6882e+05
  -7.7059e+05
  -7.7543e+05
  -7.8861e+05
  -7.7879e+05
  -7.6993e+05
  -7.6964e+05
  -7.6998e+05
  -7.6612e+05
  -7.6255e+05
  -7.6317e+05
  -7.7269e+05
  -7.8591e+05
  -7.7975e+05
  -7.6659e+05
  -7.6729e+05
  -7.6923e+05
  -7.5842e+05
  -7.5675e+05
  -7.7404e+05
  -7.8601e+05
  -7.5698e+05
  -7.5423e+05
  -7.5465e+05
  -7.5246e+05
  -7.5435e+05
  -7.5403e+05
  -7.7308e+05
  -7.6506e+05
  -7.5640e+05
  -7.5634e+05
  -7.5767e+05
  -7.5835e+05
  -7.5983e+05
  -7.6456e+05
  -8.0181e+05
  -7.7476e+05
  -7.7255e+05
  -7.7262e+05
  -7.6742e+05
  -7.6494e+05
  -7.5994e+05
  -7.5565e+05
  -7.6224e+05
  -7.6872e+05
  -7.5277e+05
  -7.4856e+05
  -7.4802e+05
  -7.4872e+05
  -7.5051e+05
  -7.5311e+05
  -7.6004e+05
  -7.8392e+05
  -7.5981e+05
  -7.5863e+05
  -7.5731e+05
  -7.5873e+05
  -7.6193e+05
  -7.6165e+05
  -7.6843e+05
  -7.8910e+05
  -7.7262e+05
  -7.7080e+05
  -7.6010e+05
  -7.6106e+05
  -7.5998e+05
  -7.6088e+05
  -7.6690e+05
  -7.7441e+05
  -7.9029e+05
  -7.7466e+05
  -7.7075e+05
  -7.6184e+05
  -7.6581e+05
  -7.6978e+05
  -7.7439e+05
  -7.7822e+05
  -7.8672e+05
  -7.9586e+05
  -7.8601e+05
  -7.7991e+05
  -7.7786e+05
  -7.8165e+05
  -7.7971e+05
  -7.8986e+05
  -7.9509e+05
  -8.2679e+05
  -8.2111e+05
  -8.2003e+05
  -8.3594e+05
  -8.4363e+05
  -8.5181e+05
  -8.4870e+05
  -8.5530e+05
  -8.6387e+05
  -8.6862e+05
  -8.5192e+05
  -8.4903e+05
  -8.5487e+05
  -8.3212e+05
  -8.2765e+05
  -8.4158e+05
  -8.3155e+05
  -8.3438e+05
  -8.2229e+05
  -8.1769e+05
  -8.1743e+05
  -8.2433e+05
  -8.1007e+05
  -8.1327e+05
  -8.1241e+05
  -8.2155e+05
  -8.1639e+05
  -7.9886e+05
  -7.9342e+05
  -7.8989e+05
  -7.8989e+05
  -7.8851e+05
  -7.8345e+05
  -7.8237e+05
  -7.8356e+05
  -7.7843e+05
  -7.7296e+05
  -7.6807e+05
  -7.5801e+05
  -7.5612e+05
  -7.5693e+05
  -7.5621e+05
  -7.5827e+05
  -7.6827e+05
  -7.6316e+05
  -7.5065e+05
  -7.4576e+05
  -7.4543e+05
  -7.4301e+05
  -7.4038e+05
  -7.4205e+05
  -7.4798e+05
  -7.5198e+05
  -7.4627e+05
  -7.3991e+05
  -7.3806e+05
  -7.3722e+05
  -7.3719e+05
  -7.3725e+05
  -7.4281e+05
  -7.5670e+05
  -7.5170e+05
  -7.4721e+05
  -7.4961e+05
  -7.4479e+05
  -7.4587e+05
  -7.4566e+05
  -7.5448e+05
  -7.6272e+05
  -7.6295e+05
  -7.5217e+05
  -7.4812e+05
  -7.4469e+05
  -7.4321e+05
  -7.4655e+05
  -7.5305e+05
  -7.5116e+05
  -7.6064e+05
  -7.4599e+05
  -7.4221e+05
  -7.4817e+05
  -7.4142e+05
  -7.4548e+05
  -7.4726e+05
  -7.4613e+05
  -7.5797e+05
  -7.4726e+05
  -7.3886e+05
  -7.3660e+05
  -7.3848e+05
  -7.4332e+05
  -7.5069e+05
  -7.4608e+05
  -7.5522e+05
  -7.5432e+05
  -7.4832e+05
  -7.4871e+05
  -7.4958e+05
  -7.5012e+05
  -7.5454e+05
  -7.5454e+05
  -7.6392e+05
  -7.8151e+05
  -7.6923e+05
  -7.6419e+05
  -7.6814e+05
  -7.6881e+05
  -7.7126e+05
  -7.6994e+05
  -7.7432e+05
  -7.8140e+05
  -7.9248e+05
  -7.7937e+05
  -7.7523e+05
  -7.7905e+05
  -7.6961e+05
  -7.7085e+05
  -7.6845e+05
  -7.7364e+05
  -7.8826e+05
  -7.8650e+05
  -7.7889e+05
  -7.7980e+05
  -7.7787e+05
  -7.7618e+05
  -7.7219e+05
  -7.7238e+05
  -7.6892e+05
  -7.8041e+05
  -7.7180e+05
  -7.6964e+05
  -7.6523e+05
  -7.6315e+05
  -7.5839e+05
  -7.5451e+05
  -7.5458e+05
  -7.5789e+05
  -7.6841e+05
  -7.5644e+05
  -7.4895e+05
  -7.4625e+05
  -7.4642e+05
  -7.4324e+05
  -7.4141e+05
  -7.4350e+05
  -7.4838e+05
  -7.6453e+05
  -7.5483e+05
  -7.5239e+05
  -7.4987e+05
  -7.4519e+05
  -7.4377e+05
  -7.3931e+05
  -7.4000e+05
  -7.4205e+05
  -7.4913e+05
  -7.5192e+05
  -7.4298e+05
  -7.3918e+05
  -7.5245e+05
  -7.4389e+05
  -7.4543e+05
  -7.4636e+05
  -7.4804e+05
  -7.6079e+05
  -7.5776e+05
  -7.5068e+05
  -7.4980e+05
  -7.4772e+05
  -7.4653e+05
  -7.4925e+05
  -7.5593e+05
  -7.6083e+05
  -7.7382e+05
  -7.7723e+05
  -7.6610e+05
  -7.6625e+05
  -7.6097e+05
  -7.5811e+05
  -7.6108e+05
  -7.6286e+05
  -7.6245e+05
  -7.7289e+05
  -7.8526e+05
  -7.7159e+05
  -7.7105e+05
  -7.7589e+05
  -7.7332e+05
  -7.7810e+05
  -7.7091e+05
  -7.7522e+05
  -7.7805e+05
  -7.8739e+05
  -7.6934e+05
  -7.6804e+05
  -7.6328e+05
  -7.6016e+05
  -7.5863e+05
  -7.6067e+05
  -7.5402e+05
  -7.5868e+05
  -7.6548e+05
  -7.5674e+05
  -7.5278e+05
  -7.5183e+05
  -7.4882e+05
  -7.4731e+05
  -7.4983e+05
  -7.5254e+05
  -7.5696e+05
  -7.6106e+05
  -7.5509e+05
  -7.4746e+05
  -7.4795e+05
  -7.5061e+05
  -7.4887e+05
  -7.4588e+05
  -7.4314e+05
  -7.4533e+05
  -7.5945e+05
  -7.5769e+05
  -7.4963e+05
  -7.4636e+05
  -7.4743e+05
  -7.5088e+05
  -7.5098e+05
  -7.5539e+05
  -7.6578e+05
  -7.7472e+05
  -7.7384e+05
  -7.6543e+05
  -7.6452e+05
  -7.6705e+05
  -7.6536e+05
  -7.6058e+05
  -7.5988e+05
  -7.6371e+05
  -7.8934e+05
  -7.5652e+05
  -7.4968e+05
  -7.4391e+05
  -7.4023e+05
  -7.4071e+05
  -7.4014e+05
  -7.4200e+05
  -7.4671e+05
  -7.4671e+05
  -8.3992e+05
  -7.4934e+05
  -7.4541e+05
  -7.4308e+05
  -7.4292e+05
  -7.8955e+05
  -7.4460e+05
  -7.4430e+05
  -7.4783e+05
  -7.5031e+05
  -8.1283e+05
  -7.5065e+05
  -7.4491e+05
  -7.4510e+05
  -7.4939e+05
  -7.5149e+05
  -7.4855e+05
  -7.5258e+05
  -7.5669e+05
  -7.6089e+05
  -7.8685e+05
  -7.6988e+05
  -7.6237e+05
  -7.6080e+05
  -7.7015e+05
  -7.6316e+05
  -7.6494e+05
  -7.7408e+05
  -7.7443e+05
  -7.7795e+05
  -7.8726e+05
  -7.8054e+05
  -7.6904e+05
  -7.7181e+05
  -7.7012e+05
  -7.6543e+05
  -7.6432e+05
  -7.6859e+05
  -7.6790e+05
  -7.7131e+05
  -7.6992e+05
  -7.7720e+05
  -7.7087e+05
  -7.6852e+05
  -7.6088e+05
  -7.5959e+05
  -7.5984e+05
  -7.5881e+05
  -7.5957e+05
  -7.6283e+05
  -7.6435e+05
  -7.6417e+05
  -7.6678e+05
  -7.8460e+05
  -7.7505e+05
  -7.6968e+05
  -7.6405e+05
  -7.6352e+05
  -7.6304e+05
  -7.6472e+05
  -7.6783e+05
  -7.7032e+05
  -7.7152e+05
  -7.7735e+05
  -7.6672e+05
  -7.6422e+05
  -7.6045e+05
  -7.6058e+05
  -7.7072e+05
  -7.6084e+05
  -7.5791e+05
  -7.5912e+05
  -7.5439e+05
  -7.5616e+05
  -7.7206e+05
  -7.5309e+05
  -7.4994e+05
  -7.4445e+05
  -7.4518e+05
  -7.5044e+05
  -7.5085e+05
  -7.4754e+05
  -7.4954e+05
  -7.4780e+05
  -8.2142e+05
  -7.4894e+05
  -7.4895e+05
  -7.4861e+05
  -7.4807e+05
  -7.4716e+05
  -7.4665e+05
  -7.5320e+05
  -7.5055e+05
  -7.5238e+05
  -7.5765e+05
  -7.6633e+05
  -7.7414e+05
  -7.5910e+05
  -7.5309e+05
  -7.5438e+05
  -7.5705e+05
  -7.5413e+05
  -7.5371e+05
  -7.5639e+05
  -7.5673e+05
  -7.5204e+05
  -7.5260e+05
  -7.5811e+05
  -7.6432e+05
  -7.6266e+05
  -7.5300e+05
  -7.5964e+05
  -7.4831e+05
  -7.5369e+05
  -7.4759e+05
  -7.4906e+05
  -7.5336e+05
  -7.4849e+05
  -7.5183e+05
  -7.5109e+05
  -7.5204e+05
  -7.5177e+05
  -7.5891e+05
  -7.5301e+05
  -7.5513e+05
  -7.6019e+05
  -7.5950e+05
  -7.6102e+05
  -7.6939e+05
  -7.7089e+05
  -7.7895e+05
  -7.8007e+05
  -7.7389e+05
  -7.8004e+05
  -7.7869e+05
  -7.6894e+05
  -7.6045e+05
  -7.6171e+05
  -7.6021e+05
  -7.5734e+05
  -7.5791e+05
  -7.5214e+05
  -7.5264e+05
  -7.5599e+05
  -7.5192e+05
  -7.5589e+05
  -7.4663e+05
  -7.4696e+05
  -7.4559e+05
  -7.4369e+05
  -7.4341e+05
  -7.4262e+05
  -7.4110e+05
  -7.4068e+05
  -7.4186e+05
  -7.4446e+05
  -7.4720e+05
  -7.4634e+05
  -7.4635e+05
  -7.5014e+05
  -7.5028e+05
  -7.5092e+05
  -7.5132e+05
  -7.5600e+05
  -7.6099e+05
  -7.6300e+05
  -7.7393e+05
  -7.7860e+05
  -7.9505e+05
  -7.8283e+05
  -7.8236e+05
  -7.8169e+05
  -7.8197e+05
  -7.8137e+05
  -7.8660e+05
  -7.8190e+05
  -7.8227e+05
  -7.8406e+05
  -7.8462e+05
  -7.8128e+05
  -7.8112e+05
  -7.7959e+05
  -7.8334e+05
  -7.8078e+05
  -7.8222e+05
  -7.8341e+05
  -7.8318e+05
  -7.9556e+05
  -7.7947e+05
  -7.6850e+05
  -7.6107e+05
  -7.6667e+05
  -7.5994e+05
  -7.5504e+05
  -7.5230e+05
  -7.5397e+05
  -7.5979e+05
  -7.6533e+05
  -7.6588e+05
  -7.5881e+05
  -7.5794e+05
  -7.5904e+05
  -7.6476e+05
  -7.6195e+05
  -7.5823e+05
  -7.5994e+05
  -7.5692e+05
  -7.5829e+05
  -7.6469e+05
  -7.6606e+05
  -7.6683e+05
  -7.6381e+05
  -7.6003e+05
  -7.5688e+05
  -7.5216e+05
  -7.4942e+05
  -7.5351e+05
  -7.5115e+05
  -7.4997e+05
  -7.4906e+05
  -7.5400e+05
  -7.5196e+05
  -7.4473e+05
  -7.4483e+05
  -7.4429e+05
  -7.5123e+05
  -7.4611e+05
  -7.4106e+05
  -7.4230e+05
  -7.4720e+05
  -7.4478e+05
  -7.4821e+05
  -7.5237e+05
  -7.4390e+05
  -7.4262e+05
  -7.4167e+05
  -7.4147e+05
  -7.4252e+05
  -7.4953e+05
  -7.6139e+05
  -7.6011e+05
  -7.7260e+05
  -7.9830e+05
  -7.7735e+05
  -7.6880e+05
  -7.7495e+05
  -7.5276e+05
  -7.5226e+05
  -7.5472e+05
  -7.6036e+05
  -7.5687e+05
  -7.7278e+05
  -7.6333e+05
  -7.5599e+05
  -7.5545e+05
  -7.6075e+05
  -7.5537e+05
  -7.5441e+05
  -7.5595e+05
  -7.6343e+05
  -7.6345e+05
  -7.7033e+05
  -8.0213e+05
  -7.6882e+05
  -7.7527e+05
  -7.6479e+05
  -7.6284e+05
  -7.6488e+05
  -7.6348e+05
  -7.6854e+05
  -7.7158e+05
  -7.8481e+05
  -7.9325e+05
  -7.7869e+05
  -7.7678e+05
  -7.7930e+05
  -7.7065e+05
  -7.6416e+05
  -7.6174e+05
  -7.6090e+05
  -7.6325e+05
  -7.8554e+05
  -7.6232e+05
  -7.5838e+05
  -7.5461e+05
  -7.5413e+05
  -7.5022e+05
  -7.5071e+05
  -7.5046e+05
  -7.5767e+05
  -7.7098e+05
  -7.5930e+05
  -7.4947e+05
  -7.4923e+05
  -7.4747e+05
  -7.4556e+05
  -7.4561e+05
  -7.4612e+05
  -7.4993e+05
  -7.5038e+05
  -7.5869e+05
  -7.5794e+05
  -7.5240e+05
  -7.5581e+05
  -7.5444e+05
  -7.5962e+05
  -7.6062e+05
  -7.7826e+05
  -7.6619e+05
  -7.8009e+05
  -7.8944e+05
  -7.7400e+05
  -7.6425e+05
  -7.6181e+05
  -7.6097e+05
  -7.6035e+05
  -7.6184e+05
  -7.6400e+05
  -7.7039e+05
  -7.9251e+05
  -7.7914e+05
  -7.7518e+05
  -7.7724e+05
  -7.7456e+05
  -7.7820e+05
  -7.7725e+05
  -7.8400e+05
  -7.7644e+05
  -7.8047e+05
  -7.8477e+05
  -7.9237e+05
  -7.7822e+05
  -7.7072e+05
  -7.6681e+05
  -7.6430e+05
  -7.6461e+05
  -7.6006e+05
  -7.5772e+05
  -7.7018e+05
  -7.7901e+05
  -7.5974e+05
  -7.6171e+05
  -7.5867e+05
  -7.6132e+05
  -7.6050e+05
  -7.6061e+05
  -7.6148e+05
  -7.6828e+05
  -8.0537e+05
  -7.6776e+05
  -7.5705e+05
  -7.5263e+05
  -7.5817e+05
  -7.6031e+05
  -7.5737e+05
  -7.5454e+05
  -7.5599e+05
  -7.6193e+05
  -7.7351e+05
  -7.7539e+05
  -7.7190e+05
  -7.6445e+05
  -7.6785e+05
  -7.5595e+05
  -7.5338e+05
  -7.5476e+05
  -7.5680e+05
  -7.5886e+05
  -7.6511e+05
  -7.7549e+05
  -7.9118e+05
  -7.7422e+05
  -7.7489e+05
  -7.8038e+05
  -7.7141e+05
  -7.6906e+05
  -7.6052e+05
  -7.6110e+05
  -7.5635e+05
  -7.5822e+05
  -7.7963e+05
  -7.5732e+05
  -7.5010e+05
  -7.6038e+05
  -7.5116e+05
  -7.5079e+05
  -7.4993e+05
  -7.4789e+05
  -7.4755e+05
  -7.4770e+05
  -7.8020e+05
  -7.4796e+05
  -7.4351e+05
  -7.4433e+05
  -7.4490e+05
  -7.4734e+05
  -7.5390e+05
  -7.5006e+05
  -7.5036e+05
  -7.5412e+05
  -7.6554e+05
  -7.5948e+05
  -7.6277e+05
  -7.6622e+05
  -7.6858e+05
  -7.7693e+05
  -7.8512e+05
  -7.8771e+05
  -7.9203e+05
  -7.9573e+05
  -8.0632e+05
  -8.0142e+05
  -7.9076e+05
  -7.8808e+05
  -7.8058e+05
  -7.7852e+05
  -7.7809e+05
  -7.7307e+05
  -7.7046e+05
  -7.6721e+05
  -7.6747e+05
  -7.6424e+05
  -7.5778e+05
  -7.5671e+05
  -7.5777e+05
  -7.5639e+05
  -7.5737e+05
  -7.5624e+05
  -7.5669e+05
  -7.5515e+05
  -7.5972e+05
  -7.6392e+05
  -7.7194e+05
  -7.7060e+05
  -7.6929e+05
  -7.6346e+05
  -7.6094e+05
  -7.5771e+05
  -7.5997e+05
  -7.6362e+05
  -7.7629e+05
  -7.7367e+05
  -7.7342e+05
  -7.7634e+05
  -7.6973e+05
  -7.6797e+05
  -7.6711e+05
  -7.5845e+05
  -7.5832e+05
  -7.5997e+05
  -7.6038e+05
  -7.5993e+05
  -7.5706e+05
  -7.5473e+05
  -7.5436e+05
  -7.4993e+05
  -7.4545e+05
  -7.4655e+05
  -7.4943e+05
  -7.4970e+05
  -7.5904e+05
  -7.6136e+05
  -7.7094e+05
  -7.6830e+05
  -7.7910e+05
  -7.8739e+05
  -7.8165e+05
  -7.7448e+05
  -7.7442e+05
  -7.7697e+05
  -7.7766e+05
  -7.7273e+05
  -7.7216e+05
  -7.7235e+05
  -7.6993e+05
  -7.7027e+05
  -7.7389e+05
  -7.6610e+05
  -7.5946e+05
  -7.5187e+05
  -7.5337e+05
  -7.5531e+05
  -7.5752e+05
  -7.5900e+05
  -7.6207e+05
  -7.6396e+05
  -7.6284e+05
  -7.6430e+05
  -7.6270e+05
  -7.6145e+05
  -7.6067e+05
  -7.6342e+05
  -7.6338e+05
  -7.6536e+05
  -7.6876e+05
  -7.7640e+05
  -7.7544e+05
  -7.7501e+05
  -7.8319e+05
  -7.7017e+05
  -7.6529e+05
  -7.6701e+05
  -7.6757e+05
  -7.6332e+05
  -7.6348e+05
  -7.5735e+05
  -7.5146e+05
  -7.5046e+05
  -7.5512e+05
  -7.7045e+05
  -7.5883e+05
  -7.5184e+05
  -7.5373e+05
  -7.5373e+05
  -7.5555e+05
  -7.5750e+05
  -7.6041e+05
  -7.5895e+05
  -7.6581e+05
  -7.8093e+05
  -7.7322e+05
  -7.7230e+05
  -7.7578e+05
  -7.7353e+05
  -7.8210e+05
  -7.8619e+05
  -7.7880e+05
  -7.7790e+05
  -7.8466e+05
  -8.0080e+05
  -7.7933e+05
  -7.7781e+05
  -7.7235e+05
  -7.6668e+05
  -7.6108e+05
  -7.6011e+05
  -7.5868e+05
  -7.6184e+05
  -8.0388e+05
  -7.5471e+05
  -7.5001e+05
  -7.4720e+05
  -7.4517e+05
  -7.4622e+05
  -7.4877e+05
  -7.4945e+05
  -7.6068e+05
  -8.1094e+05
  -7.6728e+05
  -7.6434e+05
  -7.6514e+05
  -7.6310e+05
  -7.7204e+05
  -7.7862e+05
  -7.8519e+05
  -7.7511e+05
  -7.6608e+05
  -7.6132e+05
  -7.6903e+05
  -7.5625e+05
  -7.5706e+05
  -7.6198e+05
  -7.7029e+05
  -7.9330e+05
  -7.7427e+05
  -7.7313e+05
  -7.7278e+05
  -7.7036e+05
  -7.7094e+05
  -7.7497e+05
  -7.7502e+05
  -7.8595e+05
  -7.8175e+05
  -7.7814e+05
  -7.8002e+05
  -7.8157e+05
  -7.8566e+05
  -7.8435e+05
  -7.7936e+05
  -7.8033e+05
  -7.7831e+05
  -7.6866e+05
  -7.7353e+05
  -7.6385e+05
  -7.6496e+05
  -7.5905e+05
  -7.5997e+05
  -7.7167e+05
  -7.7147e+05
  -7.7862e+05
  -7.6234e+05
  -7.6216e+05
  -7.5883e+05
  -7.5952e+05
  -7.5709e+05
  -7.6129e+05
  -7.7425e+05
  -7.6940e+05
  -7.5936e+05
  -7.5725e+05
  -7.5580e+05
  -7.5458e+05
  -7.5247e+05
  -7.5380e+05
  -7.5964e+05
  -7.5961e+05
  -7.6302e+05
  -7.5314e+05
  -7.5202e+05
  -7.5548e+05
  -7.5601e+05
  -7.5469e+05
  -7.5175e+05
  -7.5390e+05
  -7.5629e+05
  -7.5665e+05
  -7.5358e+05
  -7.4997e+05
  -7.4598e+05
  -7.4732e+05
  -7.5104e+05
  -7.6009e+05
  -7.6349e+05
  -7.6094e+05
  -7.6387e+05
  -7.5844e+05
  -7.5976e+05
  -7.6222e+05
  -7.6515e+05
  -7.7077e+05
  -7.9046e+05
  -7.8988e+05
  -7.9076e+05
  -7.9551e+05
  -7.8764e+05
  -7.8146e+05
  -7.8489e+05
  -7.9223e+05
  -7.9568e+05
  -7.9039e+05
  -7.7612e+05
  -7.7515e+05
  -7.7177e+05
  -7.6183e+05
  -7.6030e+05
  -7.6110e+05
  -7.6334e+05
  -7.6537e+05
  -7.5476e+05
  -7.5261e+05
  -7.5042e+05
  -7.4708e+05
  -7.4716e+05
  -7.5226e+05
  -7.5198e+05
  -7.5486e+05
  -7.5871e+05
  -7.5500e+05
  -7.4959e+05
  -7.5285e+05
  -7.5434e+05
  -7.6117e+05
  -7.6278e+05
  -7.6469e+05
  -7.7165e+05
  -7.7029e+05
  -7.6939e+05
  -7.7606e+05
  -7.8156e+05
  -7.6671e+05
  -7.7247e+05
  -7.7505e+05
  -7.8078e+05
  -7.8623e+05
  -7.7880e+05
  -7.7239e+05
  -7.7186e+05
  -7.7560e+05
  -7.8048e+05
  -7.8216e+05
  -7.8876e+05
  -7.8848e+05
  -7.7372e+05
  -7.7115e+05
  -7.6889e+05
  -7.6927e+05
  -7.6121e+05
  -7.5755e+05
  -7.5996e+05
  -7.7143e+05
  -7.6196e+05
  -7.5874e+05
  -7.5934e+05
  -7.6021e+05
  -7.6275e+05
  -7.6175e+05
  -7.6642e+05
  -7.7979e+05
  -7.6928e+05
  -7.6104e+05
  -7.6024e+05
  -7.5936e+05
  -7.6026e+05
  -7.5834e+05
  -7.6419e+05
  -7.7546e+05
  -7.8433e+05
  -7.7590e+05
  -7.7378e+05
  -7.6270e+05
  -7.5692e+05
  -7.5814e+05
  -7.6392e+05
  -7.6831e+05
  -7.8725e+05
  -7.7144e+05
  -7.6735e+05
  -7.7128e+05
  -7.6638e+05
  -7.6599e+05
  -7.6530e+05
  -7.6573e+05
  -7.8975e+05
  -7.6960e+05
  -7.6360e+05
  -7.6400e+05
  -7.6141e+05
  -7.5899e+05
  -7.5977e+05
  -7.6420e+05
  -7.6575e+05
  -7.8022e+05
  -7.6979e+05
  -7.6154e+05
  -7.6008e+05
  -7.5881e+05
  -7.6298e+05
  -7.6469e+05
  -7.6630e+05
  -7.7054e+05
  -7.8207e+05
  -7.8015e+05
  -7.7667e+05
  -7.7319e+05
  -7.7078e+05
  -7.7142e+05
  -7.6628e+05
  -7.6455e+05
  -7.7563e+05
  -7.7551e+05
  -7.8024e+05
  -7.7147e+05
  -7.6404e+05
  -7.6243e+05
  -7.6541e+05
  -7.6231e+05
  -7.6231e+05
  -7.6269e+05
  -7.7345e+05
  -7.7064e+05
  -7.6372e+05
  -7.6219e+05
  -7.6439e+05
  -7.6390e+05
  -7.7279e+05
  -7.7218e+05
  -7.6555e+05
  -7.6180e+05
  -7.6985e+05
  -7.6317e+05
  -7.6567e+05
  -7.6680e+05
  -7.6908e+05
  -7.6762e+05
  -7.7481e+05
  -7.7289e+05
  -7.7521e+05
  -7.8189e+05
  -7.7532e+05
  -7.6684e+05
  -7.6536e+05
  -7.6844e+05
  -7.8147e+05
  -7.7792e+05
  -7.7176e+05
  -7.6584e+05
  -7.6538e+05
  -7.6231e+05
  -7.5905e+05
  -7.5670e+05
  -7.5775e+05
  -7.6636e+05
  -7.5899e+05
  -7.6377e+05
  -7.6263e+05
  -7.7245e+05
  -7.7654e+05
  -7.6960e+05
  -7.6855e+05
  -7.6497e+05
  -7.6265e+05
  -7.6193e+05
  -7.5711e+05
  -7.5646e+05
  -7.5591e+05
  -7.5583e+05
  -7.5735e+05
  -7.5795e+05
  -7.5884e+05
  -7.5425e+05
  -7.4975e+05
  -7.5116e+05
  -7.5291e+05
  -7.4927e+05
  -7.4808e+05
  -7.4811e+05
  -7.5233e+05
  -7.6198e+05
  -7.6461e+05
  -7.6147e+05
  -7.5533e+05
  -7.5243e+05
  -7.5123e+05
  -7.5470e+05
  -7.5555e+05
  -7.5729e+05
  -7.6306e+05
  -7.6952e+05
  -7.7300e+05
  -7.7232e+05
  -7.7365e+05
  -7.6163e+05
  -7.6535e+05
  -7.6149e+05
  -7.6767e+05
  -7.6763e+05
  -7.7743e+05
  -7.8575e+05
  -7.9120e+05
  -7.8590e+05
  -7.8208e+05
  -7.8126e+05
  -7.7609e+05
  -7.7706e+05
  -7.7226e+05
  -7.6507e+05
  -7.6541e+05
  -7.6652e+05
  -7.7086e+05
  -7.6421e+05
  -7.6182e+05
  -7.6275e+05
  -7.6734e+05
  -7.6371e+05
  -7.6879e+05
  -7.8115e+05
  -7.9227e+05
  -8.0628e+05
  -7.9779e+05
  -7.8987e+05
  -7.8745e+05
  -7.8592e+05
  -7.8226e+05
  -7.7502e+05
  -7.7189e+05
  -7.8108e+05
  -7.7213e+05
  -7.7907e+05
  -7.6708e+05
  -7.6110e+05
  -7.6151e+05
  -7.6576e+05
  -7.6547e+05
  -7.7326e+05
  -7.7619e+05
  -7.7548e+05
  -7.8633e+05
  -7.7881e+05
  -7.6676e+05
  -7.7158e+05
  -7.6794e+05
  -7.7105e+05
  -7.6204e+05
  -7.6594e+05
  -7.7311e+05
  -7.8630e+05
  -7.7528e+05
  -7.6121e+05
  -7.5624e+05
  -7.5245e+05
  -7.5083e+05
  -7.5413e+05
  -7.6612e+05
  -7.6884e+05
  -7.7854e+05
  -7.7772e+05
  -7.7435e+05
  -7.7518e+05
  -7.7421e+05
  -7.7293e+05
  -7.7179e+05
  -7.7475e+05
  -7.7347e+05
  -7.8652e+05
  -7.9105e+05
  -7.7685e+05
  -7.6923e+05
  -7.6379e+05
  -7.6528e+05
  -7.7161e+05
  -7.6402e+05
  -7.6886e+05
  -7.6844e+05
  -7.6203e+05
  -7.6202e+05
  -7.5817e+05
  -7.5813e+05
  -7.5795e+05
  -7.5206e+05
  -7.5157e+05
