  -7.0209e+05
  -6.9969e+05
  -6.9965e+05
  -6.9779e+05
  -6.9786e+05
  -6.9976e+05
  -6.8457e+05
  -6.8533e+05
  -6.8097e+05
  -6.7643e+05
  -6.7644e+05
  -6.7618e+05
  -6.8414e+05
  -6.3178e+05
  -6.3206e+05
  -6.3187e+05
  -6.3242e+05
  -6.1717e+05
  -6.1665e+05
  -6.2289e+05
  -6.2140e+05
  -6.1761e+05
  -6.1000e+05
  -6.1005e+05
  -6.1050e+05
  -6.1176e+05
  -6.0368e+05
  -5.9307e+05
  -5.9235e+05
  -5.7733e+05
  -5.7618e+05
  -5.7796e+05
  -5.6718e+05
  -5.1041e+05
  -4.6675e+05
  -4.6710e+05
  -4.5966e+05
  -4.4152e+05
  -4.3444e+05
  -4.3260e+05
  -4.2339e+05
  -4.1176e+05
  -4.1223e+05
  -4.1228e+05
  -4.1324e+05
  -4.0513e+05
  -4.0529e+05
  -3.8936e+05
  -3.8948e+05
  -3.9022e+05
  -3.9109e+05
  -3.8924e+05
  -3.8917e+05
  -3.9086e+05
  -3.7813e+05
  -3.7880e+05
  -3.7853e+05
  -3.8076e+05
  -3.7805e+05
  -3.7764e+05
  -3.7653e+05
  -3.7732e+05
  -3.7340e+05
  -3.6117e+05
  -3.5847e+05
  -3.5700e+05
  -3.5932e+05
  -3.5451e+05
  -3.4221e+05
  -3.4204e+05
  -3.3607e+05
  -3.3539e+05
  -3.2378e+05
  -3.2211e+05
  -3.2226e+05
  -3.2221e+05
  -3.1219e+05
  -3.0931e+05
  -3.0699e+05
  -3.0565e+05
  -3.0682e+05
  -3.0651e+05
  -3.0616e+05
  -3.0710e+05
  -3.0724e+05
  -3.0608e+05
  -3.1865e+05
  -3.0242e+05
  -2.9845e+05
  -2.9941e+05
  -2.9969e+05
  -2.9147e+05
  -2.8940e+05
  -2.8886e+05
  -2.8703e+05
  -2.8739e+05
  -2.8725e+05
  -2.8718e+05
  -2.8738e+05
  -2.8318e+05
  -2.8774e+05
  -2.8366e+05
  -2.8384e+05
  -2.8240e+05
  -2.8413e+05
  -2.8139e+05
  -2.8591e+05
  -2.6596e+05
  -2.6703e+05
  -2.6889e+05
  -2.6283e+05
  -2.5266e+05
  -2.3592e+05
  -2.3726e+05
  -2.3646e+05
  -2.3976e+05
  -2.3469e+05
  -2.3212e+05
  -2.3585e+05
  -2.3419e+05
  -2.3633e+05
  -2.3637e+05
  -2.3530e+05
  -2.3759e+05
  -2.4050e+05
  -2.4204e+05
  -2.4161e+05
  -2.4144e+05
  -2.4254e+05
  -2.4559e+05
  -2.4461e+05
  -2.4623e+05
  -2.4673e+05
  -2.4797e+05
  -2.4853e+05
  -2.4864e+05
  -2.4691e+05
  -2.4961e+05
  -2.4867e+05
  -2.4224e+05
  -2.4044e+05
  -2.3695e+05
  -2.3415e+05
  -2.2356e+05
  -2.2453e+05
  -2.2284e+05
  -2.2414e+05
  -2.2481e+05
  -2.2344e+05
  -2.1956e+05
  -2.1901e+05
  -2.1529e+05
  -2.1153e+05
  -2.1103e+05
  -2.1051e+05
  -2.1058e+05
  -2.1053e+05
  -2.1056e+05
  -2.1050e+05
  -2.1233e+05
  -2.0952e+05
  -2.0958e+05
  -2.1052e+05
  -2.1112e+05
  -2.1211e+05
  -2.1137e+05
  -2.1584e+05
  -2.1046e+05
  -2.0494e+05
  -2.0606e+05
  -2.0373e+05
  -2.0323e+05
  -2.0364e+05
  -2.0372e+05
  -2.0348e+05
  -2.0479e+05
  -2.0516e+05
  -2.0505e+05
  -2.0486e+05
  -2.0493e+05
  -2.0498e+05
  -2.0498e+05
  -2.0471e+05
  -2.0470e+05
  -2.0471e+05
  -2.0453e+05
  -2.0606e+05
  -2.0604e+05
  -2.0687e+05
  -2.0924e+05
  -2.0307e+05
  -2.0318e+05
  -2.0322e+05
  -2.0323e+05
  -2.0311e+05
  -2.0574e+05
  -2.0288e+05
  -2.0347e+05
  -2.0359e+05
  -2.0360e+05
  -2.0384e+05
  -2.0400e+05
  -2.0358e+05
  -2.0387e+05
  -2.0192e+05
  -2.0215e+05
  -2.0215e+05
  -2.0208e+05
  -2.0204e+05
  -2.0204e+05
  -2.0206e+05
  -2.0207e+05
  -2.0207e+05
  -2.0207e+05
  -2.0208e+05
  -2.0205e+05
  -2.0203e+05
  -2.0203e+05
  -2.0206e+05
  -2.0221e+05
  -2.0189e+05
  -2.0239e+05
  -1.9972e+05
  -2.0163e+05
  -2.0000e+05
  -2.0002e+05
  -2.0001e+05
  -2.0002e+05
  -2.0002e+05
  -2.0002e+05
  -1.9954e+05
  -1.9720e+05
  -1.9737e+05
  -1.9741e+05
  -1.9741e+05
  -1.9805e+05
  -1.9581e+05
  -1.9696e+05
  -1.9621e+05
  -1.9624e+05
  -1.9640e+05
  -1.9637e+05
  -1.9704e+05
  -1.9692e+05
  -1.9686e+05
  -1.9720e+05
  -1.9689e+05
  -1.9783e+05
  -1.9527e+05
  -1.9528e+05
  -1.9603e+05
  -1.9489e+05
  -1.9490e+05
  -1.9484e+05
  -1.9485e+05
  -1.9496e+05
  -1.9491e+05
  -1.9486e+05
  -1.9486e+05
  -1.9490e+05
  -1.9509e+05
  -1.9490e+05
  -1.9510e+05
  -1.9473e+05
  -1.9488e+05
  -1.9481e+05
  -1.9494e+05
  -1.9481e+05
  -1.9475e+05
  -1.9477e+05
  -1.9482e+05
  -1.9498e+05
  -1.9476e+05
  -1.9480e+05
  -1.9480e+05
  -1.9477e+05
  -1.9491e+05
  -1.9472e+05
  -1.9468e+05
  -1.9465e+05
  -1.9468e+05
  -1.9466e+05
  -1.9467e+05
  -1.9604e+05
  -1.9605e+05
  -1.9602e+05
  -1.9602e+05
  -1.9540e+05
  -1.9255e+05
  -1.9286e+05
  -1.9281e+05
  -1.9280e+05
  -1.9278e+05
  -1.9283e+05
  -1.9271e+05
  -1.9271e+05
  -1.9273e+05
  -1.9275e+05
  -1.9310e+05
  -1.9288e+05
  -1.9370e+05
  -1.9129e+05
  -1.9437e+05
  -1.9040e+05
  -1.9064e+05
  -1.9048e+05
  -1.9042e+05
  -1.9042e+05
  -1.9043e+05
  -1.9043e+05
  -1.9041e+05
  -1.9040e+05
  -1.9041e+05
  -1.9043e+05
  -1.9048e+05
  -1.9054e+05
  -1.9048e+05
  -1.9049e+05
  -1.9057e+05
  -1.9052e+05
  -1.9046e+05
  -1.9041e+05
  -1.9038e+05
  -1.9020e+05
  -1.8997e+05
  -1.8727e+05
  -1.8785e+05
  -1.7987e+05
  -1.7990e+05
  -1.7989e+05
  -1.7991e+05
  -1.7995e+05
  -1.7988e+05
  -1.7986e+05
  -1.8006e+05
  -1.8030e+05
  -1.7114e+05
  -1.7129e+05
  -1.7084e+05
  -1.7084e+05
  -1.7079e+05
  -1.7078e+05
  -1.7083e+05
  -1.7081e+05
  -1.7082e+05
  -1.7076e+05
  -1.7068e+05
  -1.7012e+05
  -1.7027e+05
  -1.7060e+05
  -1.7026e+05
  -1.7023e+05
  -1.7023e+05
  -1.7061e+05
  -1.7001e+05
  -1.6999e+05
  -1.6988e+05
  -1.6986e+05
  -1.6987e+05
  -1.6988e+05
  -1.6989e+05
  -1.6989e+05
  -1.6989e+05
  -1.6988e+05
  -1.7053e+05
  -1.6836e+05
  -1.6846e+05
  -1.6844e+05
  -1.6848e+05
  -1.6889e+05
  -1.6901e+05
  -1.6903e+05
  -1.6899e+05
  -1.6978e+05
  -1.6932e+05
  -1.7149e+05
  -1.6104e+05
  -1.6112e+05
  -1.6113e+05
  -1.6113e+05
  -1.6113e+05
  -1.6116e+05
  -1.6125e+05
  -1.6119e+05
  -1.6110e+05
  -1.6132e+05
  -1.5853e+05
  -1.5864e+05
  -1.5864e+05
  -1.5877e+05
  -1.5868e+05
  -1.5862e+05
  -1.5863e+05
  -1.5864e+05
  -1.5869e+05
  -1.5870e+05
  -1.5878e+05
  -1.5868e+05
  -1.5870e+05
  -1.5867e+05
  -1.5864e+05
  -1.5864e+05
  -1.5867e+05
  -1.5869e+05
  -1.5866e+05
  -1.5864e+05
  -1.5864e+05
  -1.5864e+05
  -1.5864e+05
  -1.5866e+05
  -1.5867e+05
  -1.5865e+05
  -1.5954e+05
  -1.5831e+05
  -1.5835e+05
  -1.5836e+05
  -1.5838e+05
  -1.5839e+05
  -1.5841e+05
  -1.5844e+05
  -1.5846e+05
  -1.5855e+05
  -1.5834e+05
  -1.5830e+05
  -1.5833e+05
  -1.5834e+05
  -1.5834e+05
  -1.5870e+05
  -1.5833e+05
  -1.5842e+05
  -1.5839e+05
  -1.5831e+05
  -1.5831e+05
  -1.5837e+05
  -1.5833e+05
  -1.5835e+05
  -1.5834e+05
  -1.5845e+05
  -1.5845e+05
  -1.5834e+05
  -1.5835e+05
  -1.5832e+05
  -1.5830e+05
  -1.5829e+05
  -1.5831e+05
  -1.5846e+05
  -1.5838e+05
  -1.5835e+05
  -1.5834e+05
  -1.5853e+05
  -1.5830e+05
  -1.5826e+05
  -1.5829e+05
  -1.5848e+05
  -1.5846e+05
  -1.5796e+05
  -1.5804e+05
  -1.5815e+05
  -1.5798e+05
  -1.5798e+05
  -1.5800e+05
  -1.5799e+05
  -1.6087e+05
  -1.5962e+05
  -1.5960e+05
  -1.5961e+05
  -1.5959e+05
  -1.5960e+05
  -1.5985e+05
  -1.5961e+05
  -1.5955e+05
  -1.5947e+05
  -1.6517e+05
  -1.5331e+05
  -1.5329e+05
  -1.5327e+05
  -1.5329e+05
  -1.5344e+05
  -1.5327e+05
  -1.5434e+05
  -1.5387e+05
  -1.5392e+05
  -1.5390e+05
  -1.5386e+05
  -1.5386e+05
  -1.5361e+05
  -1.5380e+05
  -1.5400e+05
  -1.5400e+05
  -1.5402e+05
  -1.5436e+05
  -1.5349e+05
  -1.5350e+05
  -1.5351e+05
  -1.5351e+05
  -1.5351e+05
  -1.5354e+05
  -1.5380e+05
  -1.5357e+05
  -1.5350e+05
  -1.5348e+05
  -1.5347e+05
  -1.5347e+05
  -1.5348e+05
  -1.5354e+05
  -1.5308e+05
  -1.5370e+05
  -1.5409e+05
  -1.5410e+05
