  -7.0209e+05
  -1.6156e+06
  -7.0046e+05
  -7.0096e+05
  -7.0281e+05
  -6.8346e+05
  -6.9061e+05
  -6.9379e+05
  -6.8407e+05
  -6.7803e+05
  -6.7833e+05
  -6.7838e+05
  -6.7950e+05
  -6.7710e+05
  -6.7705e+05
  -6.7726e+05
  -6.9286e+05
  -6.7787e+05
  -6.7792e+05
  -7.0736e+05
  -6.9169e+05
  -6.7044e+05
  -6.7082e+05
  -6.7177e+05
  -6.7087e+05
  -6.7981e+05
  -6.7037e+05
  -6.6922e+05
  -6.7236e+05
  -6.6763e+05
  -6.6963e+05
  -6.7089e+05
  -6.7507e+05
  -6.6321e+05
  -6.6392e+05
  -6.6974e+05
  -6.5533e+05
  -6.4895e+05
  -6.5131e+05
  -6.6163e+05
  -6.5339e+05
  -6.6208e+05
  -6.5125e+05
  -6.7429e+05
  -6.5345e+05
  -6.6912e+05
  -6.5228e+05
  -6.4739e+05
  -6.4551e+05
  -6.4220e+05
  -6.4414e+05
  -6.4410e+05
  -6.4775e+05
  -6.5233e+05
  -6.5648e+05
  -6.4172e+05
  -6.3990e+05
  -6.3963e+05
  -6.4222e+05
  -6.4860e+05
  -6.4238e+05
  -6.4655e+05
  -6.4290e+05
  -6.4322e+05
  -6.4481e+05
  -6.4247e+05
  -6.3906e+05
  -6.4120e+05
  -6.4182e+05
  -6.3708e+05
  -6.3665e+05
  -6.4787e+05
  -6.3263e+05
  -6.3530e+05
  -6.3090e+05
  -6.3207e+05
  -6.3126e+05
  -6.3124e+05
  -6.3171e+05
  -6.3256e+05
  -6.3130e+05
  -6.3199e+05
  -6.3584e+05
  -6.3410e+05
  -6.3344e+05
  -6.3556e+05
  -6.3558e+05
  -6.3389e+05
  -6.3365e+05
  -6.3234e+05
  -6.3572e+05
  -6.3219e+05
  -6.3405e+05
  -6.4191e+05
  -6.3895e+05
  -6.3806e+05
  -6.3269e+05
  -6.4839e+05
  -6.3677e+05
  -6.3003e+05
  -6.2552e+05
  -6.2693e+05
  -6.2930e+05
  -6.2660e+05
  -6.1686e+05
  -6.1821e+05
  -6.2294e+05
  -6.2161e+05
  -6.1917e+05
  -6.1614e+05
  -6.1315e+05
  -6.1408e+05
  -6.0597e+05
  -5.9119e+05
  -5.9434e+05
  -5.9242e+05
  -5.9590e+05
  -5.8835e+05
  -5.8903e+05
  -5.8777e+05
  -5.9362e+05
  -5.8962e+05
  -5.8907e+05
  -5.9226e+05
  -5.8528e+05
  -5.8400e+05
  -5.8856e+05
  -5.8647e+05
  -5.7674e+05
  -5.7695e+05
  -5.8900e+05
  -5.8622e+05
  -5.9402e+05
  -5.8316e+05
  -5.9309e+05
  -5.8285e+05
  -5.8893e+05
  -5.8497e+05
  -5.8194e+05
  -5.7956e+05
  -5.7981e+05
  -5.8013e+05
  -5.8049e+05
  -5.7962e+05
  -5.7595e+05
  -5.8208e+05
  -5.7959e+05
  -5.8653e+05
  -5.8537e+05
  -5.8156e+05
  -5.8398e+05
  -5.8351e+05
  -5.8509e+05
  -5.8343e+05
  -5.8376e+05
  -5.8343e+05
  -5.8360e+05
  -5.8369e+05
  -5.9850e+05
  -5.8423e+05
  -5.8040e+05
  -5.7963e+05
  -5.8082e+05
  -5.7940e+05
  -5.7928e+05
  -5.8049e+05
  -5.7979e+05
  -5.7772e+05
  -5.7805e+05
  -5.7831e+05
  -5.7878e+05
  -5.7887e+05
  -5.8152e+05
  -5.7609e+05
  -5.7626e+05
  -5.7728e+05
  -5.7433e+05
  -5.7479e+05
  -5.7387e+05
  -5.7301e+05
  -5.7443e+05
  -5.7368e+05
  -5.7454e+05
  -5.7426e+05
  -5.7413e+05
  -5.7369e+05
  -5.7530e+05
  -5.7269e+05
  -5.7214e+05
  -5.7217e+05
  -5.7241e+05
  -5.7337e+05
  -5.7327e+05
  -5.7343e+05
  -5.7234e+05
  -5.7209e+05
  -5.7080e+05
  -5.7188e+05
  -5.7185e+05
  -5.7181e+05
  -5.7250e+05
  -5.7120e+05
  -5.7096e+05
  -5.7115e+05
  -5.7095e+05
  -5.7111e+05
  -5.7230e+05
  -5.7158e+05
  -5.7127e+05
  -5.7113e+05
  -5.7136e+05
  -5.7100e+05
  -5.7109e+05
  -5.7103e+05
  -5.7125e+05
  -5.7125e+05
  -5.7104e+05
  -5.7194e+05
  -5.7153e+05
  -5.7054e+05
  -5.7035e+05
  -5.7039e+05
  -5.7069e+05
  -5.7132e+05
  -5.7293e+05
  -5.7112e+05
  -5.7079e+05
  -5.7083e+05
  -5.7074e+05
  -5.7083e+05
  -5.7075e+05
  -5.7098e+05
  -5.7136e+05
  -5.7211e+05
  -5.7094e+05
  -5.7061e+05
  -5.7061e+05
  -5.7070e+05
  -5.7131e+05
  -5.7097e+05
  -5.7075e+05
  -5.7077e+05
  -5.7146e+05
  -5.7755e+05
  -5.7036e+05
  -5.7174e+05
  -5.7252e+05
  -5.7249e+05
  -5.7198e+05
  -5.7172e+05
  -5.7201e+05
  -5.7207e+05
  -5.7220e+05
  -5.7190e+05
  -5.7206e+05
  -5.7198e+05
  -5.7200e+05
  -5.7163e+05
  -5.7186e+05
  -5.7280e+05
  -5.7198e+05
  -5.7183e+05
  -5.7247e+05
  -5.7211e+05
  -5.7188e+05
  -5.7326e+05
  -5.7116e+05
  -5.7075e+05
  -5.7091e+05
  -5.7160e+05
  -5.7142e+05
  -5.7106e+05
  -5.7079e+05
  -5.7110e+05
  -5.7095e+05
  -5.7098e+05
  -5.7120e+05
  -5.7099e+05
  -5.7426e+05
  -5.7036e+05
  -5.7083e+05
  -5.6930e+05
  -5.7005e+05
  -5.6039e+05
  -5.6063e+05
  -5.6148e+05
  -5.6186e+05
  -5.6016e+05
  -5.6140e+05
  -5.6097e+05
  -5.6448e+05
  -5.6459e+05
  -5.6230e+05
  -5.6586e+05
  -5.6309e+05
  -5.6433e+05
  -5.6366e+05
  -5.6406e+05
  -5.6199e+05
  -5.6581e+05
  -5.6319e+05
  -5.6274e+05
  -5.6440e+05
  -5.6269e+05
  -5.6122e+05
  -5.6207e+05
  -5.6111e+05
  -5.6405e+05
  -5.6420e+05
  -5.6354e+05
  -5.5922e+05
  -5.6001e+05
  -5.5651e+05
  -5.5154e+05
  -5.5145e+05
  -5.5096e+05
  -5.5295e+05
  -5.5179e+05
  -5.5132e+05
  -5.5095e+05
  -5.5088e+05
  -5.5300e+05
  -5.4951e+05
  -5.5108e+05
  -5.4878e+05
  -5.4967e+05
  -5.4932e+05
  -5.5044e+05
  -5.4704e+05
  -5.5159e+05
  -5.5179e+05
  -5.4743e+05
  -5.4583e+05
  -5.4698e+05
  -5.4650e+05
  -5.4792e+05
  -5.4267e+05
  -5.4342e+05
  -5.4732e+05
  -5.4670e+05
  -5.4457e+05
  -5.5078e+05
  -5.4380e+05
  -5.4386e+05
  -5.4384e+05
  -5.4376e+05
  -5.4426e+05
  -5.4331e+05
  -5.4310e+05
  -5.4257e+05
  -5.4389e+05
  -5.4237e+05
  -5.4268e+05
  -5.4190e+05
  -5.4185e+05
  -5.4229e+05
  -5.4669e+05
  -5.3970e+05
  -5.3976e+05
  -5.3938e+05
  -5.3875e+05
  -5.4316e+05
  -5.3888e+05
  -5.4102e+05
  -5.4168e+05
  -5.4085e+05
  -5.4113e+05
  -5.4132e+05
  -5.4108e+05
  -5.4215e+05
  -5.4176e+05
  -5.4160e+05
  -5.4123e+05
  -5.4194e+05
  -5.4184e+05
  -5.4114e+05
  -5.4419e+05
  -5.4249e+05
  -5.4231e+05
  -5.4317e+05
  -5.4268e+05
  -5.4290e+05
  -5.4172e+05
  -5.4152e+05
  -5.4005e+05
  -5.3926e+05
  -5.4090e+05
  -5.4116e+05
  -5.3907e+05
  -5.4006e+05
  -5.3946e+05
  -5.3936e+05
  -5.3931e+05
  -5.4536e+05
  -5.4196e+05
  -5.4011e+05
  -5.4004e+05
  -5.3965e+05
  -5.3977e+05
  -5.3952e+05
  -5.4019e+05
  -5.4102e+05
  -5.3944e+05
  -5.3952e+05
  -5.4021e+05
  -5.3771e+05
  -5.3869e+05
  -5.4090e+05
  -5.3800e+05
  -5.3776e+05
  -5.4336e+05
  -5.3722e+05
  -5.3670e+05
  -5.3669e+05
  -5.3772e+05
  -5.3834e+05
  -5.3692e+05
  -5.3732e+05
  -5.3718e+05
  -5.3949e+05
  -5.3539e+05
  -5.3614e+05
  -5.3440e+05
  -5.3864e+05
  -5.3696e+05
  -5.3664e+05
  -5.3685e+05
  -5.3754e+05
  -5.3855e+05
  -5.3411e+05
  -5.3515e+05
  -5.3474e+05
  -5.3414e+05
  -5.3754e+05
  -5.3240e+05
  -5.3706e+05
  -5.4237e+05
  -5.4130e+05
  -5.3923e+05
  -5.3799e+05
  -5.3704e+05
  -5.3655e+05
  -5.3781e+05
  -5.3803e+05
  -5.3472e+05
  -5.3535e+05
  -5.3399e+05
  -5.3764e+05
  -5.3822e+05
  -5.3732e+05
  -5.3751e+05
  -5.3694e+05
  -5.3655e+05
  -5.3729e+05
  -5.3449e+05
  -5.3579e+05
  -5.3561e+05
  -5.3721e+05
  -5.3445e+05
  -5.3395e+05
  -5.3428e+05
  -5.3494e+05
  -5.3652e+05
  -5.3497e+05
  -5.3394e+05
  -5.3497e+05
  -5.3567e+05
  -5.3334e+05
  -5.3350e+05
  -5.3485e+05
  -5.3638e+05
  -5.3293e+05
  -5.3367e+05
  -5.3308e+05
  -5.3340e+05
  -5.3301e+05
  -5.3274e+05
  -5.3389e+05
  -5.3510e+05
  -5.3463e+05
  -5.3502e+05
  -5.3488e+05
  -5.3594e+05
  -5.3473e+05
  -5.3642e+05
  -5.3836e+05
  -5.3472e+05
  -5.3554e+05
  -5.3761e+05
  -5.3453e+05
  -5.3490e+05
  -5.3228e+05
  -5.3213e+05
  -5.3176e+05
  -5.3196e+05
  -5.3397e+05
  -5.3350e+05
  -5.2913e+05
  -5.2934e+05
  -5.2964e+05
  -5.3060e+05
  -5.3115e+05
  -5.2995e+05
  -5.3032e+05
  -5.3093e+05
  -5.3015e+05
  -5.3070e+05
  -5.3142e+05
  -5.3033e+05
