  -7.0209e+05
  -7.0233e+05
  -7.0322e+05
  -7.0567e+05
  -7.1687e+05
  -7.2596e+05
  -7.0712e+05
  -7.0406e+05
  -7.0308e+05
  -7.0292e+05
  -7.0339e+05
  -7.0477e+05
  -7.0849e+05
  -7.3007e+05
  -7.2109e+05
  -8.2387e+05
  -7.1574e+05
  -7.1230e+05
  -7.0564e+05
  -7.0451e+05
  -7.0490e+05
  -7.0717e+05
  -7.1789e+05
  -7.2860e+05
  -7.1249e+05
  -7.2480e+05
  -7.1354e+05
  -7.2457e+05
  -7.0998e+05
  -7.1357e+05
  -7.4993e+05
  -7.1413e+05
  -7.0828e+05
  -7.0792e+05
  -7.1343e+05
  -7.1682e+05
  -7.1128e+05
  -7.1264e+05
  -7.2589e+05
  -7.5014e+05
  -7.2616e+05
  -7.3508e+05
  -7.2397e+05
  -7.4164e+05
  -7.1280e+05
  -7.1077e+05
  -7.1477e+05
  -7.3915e+05
  -7.1715e+05
  -7.1510e+05
  -7.1838e+05
  -7.1008e+05
  -7.1091e+05
  -7.1872e+05
  -7.2065e+05
  -7.2344e+05
  -7.3102e+05
  -7.1495e+05
  -7.1268e+05
  -7.1457e+05
  -7.1948e+05
  -7.3506e+05
  -7.1889e+05
  -7.2363e+05
  -7.4703e+05
  -7.3192e+05
  -7.2437e+05
  -7.3368e+05
  -7.4528e+05
  -7.4198e+05
  -7.6445e+05
  -7.3546e+05
  -7.4298e+05
  -7.3923e+05
  -7.3608e+05
  -7.2532e+05
  -7.2229e+05
  -7.1934e+05
  -7.1932e+05
  -7.2376e+05
  -7.5155e+05
  -7.7341e+05
  -7.3090e+05
  -7.2526e+05
  -7.2581e+05
  -7.2946e+05
  -7.2929e+05
  -7.2973e+05
  -7.3008e+05
  -7.3896e+05
  -7.2806e+05
  -7.2191e+05
  -7.1986e+05
  -7.1891e+05
  -7.1948e+05
  -7.2338e+05
  -7.3920e+05
  -7.3664e+05
  -7.4151e+05
  -7.3881e+05
  -7.7171e+05
  -7.2163e+05
  -7.1803e+05
  -7.2480e+05
  -7.1567e+05
  -7.1562e+05
  -7.1679e+05
  -7.2214e+05
  -7.4094e+05
  -7.2599e+05
  -7.2830e+05
  -7.3085e+05
  -7.4670e+05
  -7.3450e+05
  -7.3033e+05
  -7.3270e+05
  -7.5915e+05
  -7.6391e+05
  -7.4293e+05
  -7.5020e+05
  -7.3675e+05
  -7.3864e+05
  -7.3109e+05
  -7.3015e+05
  -7.3445e+05
  -7.4171e+05
  -7.4903e+05
  -7.3653e+05
  -7.3349e+05
  -7.3302e+05
  -7.3556e+05
  -7.3983e+05
  -7.3866e+05
  -8.2973e+05
  -7.5326e+05
  -7.5427e+05
  -7.4709e+05
  -7.4498e+05
  -7.4235e+05
  -7.3623e+05
  -7.4277e+05
  -7.3838e+05
  -7.5442e+05
  -7.5048e+05
  -7.4808e+05
  -7.4390e+05
  -7.3810e+05
  -7.3836e+05
  -7.5161e+05
  -7.4497e+05
  -7.5929e+05
  -7.5782e+05
  -7.4040e+05
  -7.3405e+05
  -7.3489e+05
  -7.3786e+05
  -7.3903e+05
  -7.3263e+05
  -7.3253e+05
  -7.3901e+05
  -7.6458e+05
  -7.4139e+05
  -7.4474e+05
  -7.4178e+05
  -7.5527e+05
  -7.4627e+05
  -7.4772e+05
  -7.6587e+05
  -7.8977e+05
  -7.4939e+05
  -7.4417e+05
  -7.4044e+05
  -7.3684e+05
  -7.3680e+05
  -7.3913e+05
  -7.4484e+05
  -7.5519e+05
  -7.6658e+05
  -7.5462e+05
  -7.4521e+05
  -7.4625e+05
  -7.5100e+05
  -7.5167e+05
  -7.5461e+05
  -7.5667e+05
  -7.6580e+05
  -7.6428e+05
  -7.9551e+05
  -7.7396e+05
  -7.7115e+05
  -7.7393e+05
  -7.7249e+05
  -7.6447e+05
  -7.6683e+05
  -7.8240e+05
  -7.8018e+05
  -7.9707e+05
  -8.0181e+05
  -7.8338e+05
  -7.8478e+05
  -7.9428e+05
  -7.9217e+05
  -7.8358e+05
  -7.7609e+05
  -7.7615e+05
  -7.7858e+05
  -7.8561e+05
  -7.9137e+05
  -7.7979e+05
  -7.8058e+05
  -7.8559e+05
  -7.9358e+05
  -7.8971e+05
  -7.9446e+05
  -7.9311e+05
  -7.8991e+05
  -7.8716e+05
  -8.1799e+05
  -7.7463e+05
  -7.6611e+05
  -7.6779e+05
  -7.6653e+05
  -7.6614e+05
  -7.6695e+05
  -7.7348e+05
  -7.7323e+05
  -7.7864e+05
  -7.7180e+05
  -7.7121e+05
  -7.7760e+05
  -7.7120e+05
  -7.6646e+05
  -7.5773e+05
  -7.5664e+05
  -7.5883e+05
  -7.5826e+05
  -7.6373e+05
  -7.7095e+05
  -7.7180e+05
  -7.7499e+05
  -7.7738e+05
  -7.8570e+05
  -7.7794e+05
  -7.8187e+05
  -7.8214e+05
  -7.7393e+05
  -7.6563e+05
  -7.6220e+05
  -7.6493e+05
  -7.7025e+05
  -7.6811e+05
  -7.6991e+05
  -7.7250e+05
  -7.7552e+05
  -7.7652e+05
  -7.9213e+05
  -7.8888e+05
  -7.9956e+05
  -8.0244e+05
  -7.8887e+05
  -7.9732e+05
  -7.8486e+05
  -7.8178e+05
  -7.7693e+05
  -7.7769e+05
  -7.7760e+05
  -7.7495e+05
  -7.8621e+05
  -7.8033e+05
  -7.7519e+05
  -7.6228e+05
  -7.6367e+05
  -7.6578e+05
  -7.5514e+05
  -7.5403e+05
  -7.4931e+05
  -7.4389e+05
  -7.4162e+05
  -7.4054e+05
  -7.4313e+05
  -7.4505e+05
  -7.5074e+05
  -7.5056e+05
  -7.4705e+05
  -7.4413e+05
  -7.4012e+05
  -7.3815e+05
  -7.3543e+05
  -7.3257e+05
  -7.3120e+05
  -7.3316e+05
  -7.4284e+05
  -7.4346e+05
  -7.5544e+05
  -7.3337e+05
  -7.3223e+05
  -7.3244e+05
  -7.2986e+05
  -7.3067e+05
  -7.3144e+05
  -7.3191e+05
  -7.3109e+05
  -7.3057e+05
  -7.3202e+05
  -7.3802e+05
  -7.3433e+05
  -7.3411e+05
  -7.3704e+05
  -7.3737e+05
  -7.2941e+05
  -7.2659e+05
  -7.2521e+05
  -7.2524e+05
  -7.2539e+05
  -7.2433e+05
  -7.2287e+05
  -7.2379e+05
  -7.2586e+05
  -7.2529e+05
  -7.2262e+05
  -7.2089e+05
  -7.1896e+05
  -7.1843e+05
  -7.1936e+05
  -7.1971e+05
  -7.2073e+05
  -7.2196e+05
  -7.2349e+05
  -7.2418e+05
  -7.2371e+05
  -7.2360e+05
  -7.2266e+05
  -7.2041e+05
  -7.1861e+05
  -7.1828e+05
  -7.1854e+05
  -7.1926e+05
  -7.2139e+05
  -7.2620e+05
  -7.3201e+05
  -7.2768e+05
  -7.2623e+05
  -7.2536e+05
  -7.2952e+05
  -7.2475e+05
  -7.2194e+05
  -7.1980e+05
  -7.2007e+05
  -7.1987e+05
  -7.2145e+05
  -7.2269e+05
  -7.2416e+05
  -7.2493e+05
  -7.2554e+05
  -7.2943e+05
  -7.2599e+05
  -7.2501e+05
  -7.2494e+05
  -7.2507e+05
  -7.2812e+05
  -7.2228e+05
  -7.2439e+05
  -7.2298e+05
  -7.2384e+05
  -7.2406e+05
  -7.2266e+05
  -7.2204e+05
  -7.2209e+05
  -7.2388e+05
  -7.2732e+05
  -7.2485e+05
  -7.2374e+05
  -7.2522e+05
  -7.2361e+05
  -7.2326e+05
  -7.2298e+05
  -7.2252e+05
  -7.2269e+05
  -7.2343e+05
  -7.2161e+05
  -7.2034e+05
  -7.1928e+05
  -7.1901e+05
  -7.2011e+05
  -7.2306e+05
  -7.3120e+05
  -7.2510e+05
  -7.2345e+05
  -7.2202e+05
  -7.2145e+05
  -7.2057e+05
  -7.1859e+05
  -7.1762e+05
  -7.1883e+05
  -7.2107e+05
  -7.2192e+05
  -7.1687e+05
  -7.1628e+05
  -7.1624e+05
  -7.1676e+05
  -7.1883e+05
  -7.1983e+05
