  -2.8084e+03
  -2.8091e+03
  -2.8454e+03
  -2.7892e+03
  -2.7899e+03
  -2.7940e+03
  -2.7922e+03
  -2.7912e+03
  -2.7905e+03
  -2.7890e+03
  -2.7881e+03
  -2.7870e+03
  -2.7856e+03
  -2.7836e+03
  -2.7808e+03
  -2.7789e+03
  -2.8027e+03
  -2.7875e+03
  -2.7858e+03
  -2.7844e+03
  -2.8086e+03
  -2.7915e+03
  -2.7902e+03
  -2.8112e+03
  -2.8144e+03
  -2.8032e+03
  -2.8026e+03
  -2.8022e+03
  -3.0060e+03
  -2.8655e+03
  -2.8258e+03
  -2.8100e+03
  -2.7997e+03
  -2.8328e+03
  -2.7924e+03
  -2.7827e+03
  -2.7824e+03
  -2.7836e+03
  -3.4814e+03
  -2.8589e+03
  -2.8372e+03
  -2.9966e+03
  -2.7715e+03
  -2.7676e+03
  -2.7642e+03
  -2.8183e+03
  -2.7385e+03
  -2.7364e+03
  -2.7376e+03
  -2.7374e+03
  -2.7374e+03
  -2.9549e+03
  -2.7015e+03
  -2.7016e+03
  -2.6997e+03
  -2.7000e+03
  -2.6961e+03
  -2.6929e+03
  -2.6918e+03
  -2.7036e+03
  -2.6943e+03
  -2.7238e+03
  -2.7024e+03
  -2.7022e+03
  -2.7013e+03
  -2.6996e+03
  -2.6970e+03
  -2.6935e+03
  -2.6889e+03
  -2.6823e+03
  -2.6749e+03
  -2.6994e+03
  -2.6619e+03
  -2.6548e+03
  -2.6502e+03
  -2.6464e+03
  -2.8206e+03
  -2.6367e+03
  -2.6394e+03
  -2.6630e+03
  -2.6354e+03
  -2.6363e+03
  -2.6354e+03
  -2.6331e+03
  -2.6778e+03
  -2.6057e+03
  -2.6203e+03
  -2.6178e+03
  -2.6006e+03
  -2.6001e+03
  -2.5985e+03
  -2.5969e+03
  -2.6666e+03
  -2.5733e+03
  -2.5695e+03
  -2.5645e+03
  -2.5783e+03
  -2.5352e+03
  -2.5577e+03
  -2.5117e+03
  -2.5118e+03
  -2.5095e+03
  -2.5060e+03
  -2.5019e+03
  -2.4974e+03
  -2.4925e+03
  -2.4869e+03
  -2.4803e+03
  -2.4728e+03
  -2.4723e+03
  -2.4690e+03
  -2.4570e+03
  -2.4538e+03
  -2.4499e+03
  -2.4582e+03
  -2.4240e+03
  -2.4212e+03
  -2.4156e+03
  -2.4141e+03
  -2.4054e+03
  -2.3979e+03
  -2.3882e+03
  -2.4362e+03
  -2.3579e+03
  -2.3527e+03
  -2.3445e+03
  -2.3496e+03
  -2.3475e+03
  -2.3093e+03
  -2.3062e+03
  -2.3333e+03
  -2.2598e+03
  -2.2654e+03
  -2.2772e+03
  -2.2472e+03
  -2.2469e+03
  -2.2435e+03
  -2.2588e+03
  -2.2389e+03
  -2.2456e+03
  -2.2271e+03
  -2.2165e+03
  -2.2199e+03
  -2.2289e+03
  -2.2096e+03
  -2.2024e+03
  -2.2028e+03
  -2.2004e+03
  -2.1974e+03
  -2.1933e+03
  -2.1865e+03
  -2.1969e+03
  -2.2996e+03
  -2.1554e+03
  -2.1544e+03
  -2.1581e+03
  -2.1477e+03
  -2.1418e+03
  -2.1357e+03
  -2.1352e+03
  -2.1242e+03
  -2.1303e+03
  -2.1201e+03
  -2.1163e+03
  -2.1107e+03
  -2.1044e+03
  -2.0978e+03
  -2.0907e+03
  -2.0842e+03
  -2.0773e+03
  -2.0699e+03
  -2.0619e+03
  -2.0526e+03
  -2.0415e+03
  -2.0381e+03
  -2.0273e+03
  -2.0131e+03
  -2.0110e+03
  -2.0100e+03
  -1.9994e+03
  -2.0090e+03
  -1.9933e+03
  -1.9883e+03
  -2.0484e+03
  -1.9939e+03
  -1.9891e+03
  -1.9828e+03
  -1.9743e+03
  -1.9641e+03
  -1.9523e+03
  -1.9501e+03
  -1.9278e+03
  -1.9185e+03
  -1.9097e+03
  -1.8990e+03
  -1.9133e+03
  -1.8699e+03
  -1.8487e+03
  -1.8397e+03
  -1.8697e+03
  -1.8503e+03
  -1.8447e+03
  -1.8308e+03
  -1.8059e+03
  -1.7970e+03
  -1.7876e+03
  -1.7784e+03
  -1.7734e+03
  -1.7574e+03
  -1.7667e+03
  -1.7474e+03
  -1.7388e+03
  -1.7252e+03
  -1.7168e+03
  -1.7067e+03
  -1.6818e+03
  -1.6752e+03
  -1.6675e+03
  -1.6836e+03
  -1.6745e+03
  -1.6645e+03
  -1.6540e+03
  -1.6421e+03
  -1.6569e+03
  -1.6460e+03
  -1.6349e+03
  -1.6218e+03
  -1.6297e+03
  -1.6027e+03
  -1.5948e+03
  -1.5810e+03
  -1.5982e+03
  -1.6228e+03
  -1.6142e+03
  -1.6064e+03
  -1.6065e+03
  -1.6376e+03
  -1.6054e+03
  -1.5898e+03
  -1.5797e+03
  -1.6009e+03
  -1.6227e+03
  -1.6288e+03
  -1.5785e+03
  -1.5657e+03
  -1.5391e+03
  -1.5221e+03
  -1.5146e+03
  -1.5288e+03
  -1.4754e+03
  -1.4690e+03
  -1.4520e+03
  -1.4372e+03
  -1.4831e+03
  -1.3969e+03
  -1.3730e+03
  -1.4053e+03
  -1.3763e+03
  -1.3619e+03
  -1.3809e+03
  -1.3753e+03
  -1.3694e+03
  -1.3521e+03
  -1.3321e+03
  -1.3141e+03
  -1.3254e+03
  -1.3051e+03
  -1.3091e+03
  -1.2496e+03
  -1.2288e+03
  -1.1850e+03
  -1.1659e+03
  -1.1513e+03
  -1.1335e+03
  -1.1173e+03
  -1.0947e+03
  -1.0774e+03
  -1.0597e+03
  -1.0416e+03
  -1.0145e+03
  -1.0582e+03
  -1.0372e+03
  -1.1031e+03
  -1.1252e+03
  -1.1126e+03
  -1.0960e+03
  -1.1025e+03
  -1.1114e+03
  -1.0967e+03
  -1.1227e+03
  -1.1077e+03
  -1.0937e+03
  -1.0786e+03
  -1.0628e+03
  -1.0885e+03
  -1.0776e+03
  -1.0567e+03
  -1.0765e+03
  -1.0614e+03
  -1.0459e+03
  -1.0284e+03
  -1.0101e+03
  -9.9119e+02
  -9.6926e+02
  -9.4807e+02
  -9.4714e+02
  -9.0874e+02
  -8.7927e+02
  -8.8739e+02
  -8.6017e+02
  -8.4765e+02
  -8.2557e+02
  -8.2596e+02
  -8.1120e+02
  -7.9208e+02
  -7.6642e+02
  -7.3460e+02
  -7.3813e+02
  -7.2268e+02
  -6.9149e+02
  -6.6521e+02
  -6.7160e+02
  -6.5032e+02
  -6.7102e+02
  -6.8961e+02
  -6.7821e+02
  -6.8133e+02
  -6.5429e+02
  -6.2753e+02
  -6.0195e+02
  -5.7392e+02
  -6.0229e+02
  -5.8023e+02
  -5.5214e+02
  -5.6590e+02
  -5.3986e+02
  -5.1162e+02
  -5.0030e+02
  -4.5332e+02
  -4.3495e+02
  -4.2659e+02
  -3.9524e+02
  -3.3675e+02
  -2.7978e+02
  -2.3649e+02
  -2.5546e+02
  -2.4509e+02
  -2.0541e+02
  -1.6816e+02
  -1.6218e+02
  -1.6258e+02
  -1.2537e+02
  -1.1541e+02
  -7.8528e+01
  -4.0752e+01
  -8.8182e+01
  -8.9799e+01
  -8.3634e+01
  -1.0282e+02
  -5.5224e+01
  -8.6313e+00
  -2.6280e+01
  -1.0730e+00
   1.7057e+01
   6.0230e+01
   1.0719e+02
   1.4912e+02
   1.4131e+02
   1.8993e+02
   1.8072e+02
   2.2491e+02
   2.1053e+02
   1.9579e+02
   2.3666e+02
   2.8216e+02
   2.3133e+02
   1.7531e+02
   1.8645e+02
   1.6270e+02
   9.9280e+01
   1.5719e+02
   1.8984e+02
   2.2886e+02
   2.5747e+02
   2.6277e+02
   3.0864e+02
   3.1485e+02
   3.2951e+02
   2.1231e+02
   2.4091e+02
   2.7827e+02
   1.6721e+02
   1.2393e+02
   1.2860e+02
   1.8045e+02
   2.0292e+02
   1.6625e+02
   2.1864e+02
   1.8762e+02
   2.2624e+02
   2.9432e+02
   3.4334e+02
   3.2638e+02
   4.4771e+02
   4.7276e+02
   4.5028e+02
   4.9307e+02
   5.1803e+02
   5.5973e+02
   6.3006e+02
   6.5673e+02
   6.5632e+02
   6.8260e+02
   7.0956e+02
   7.4357e+02
   6.7808e+02
   6.9496e+02
   7.6050e+02
   8.2226e+02
   9.0429e+02
   9.8205e+02
   1.0134e+03
   1.0004e+03
   9.2371e+02
   9.8992e+02
   1.0255e+03
   9.1342e+02
   8.7333e+02
   9.0627e+02
   9.7668e+02
   9.8561e+02
   1.0517e+03
   1.0675e+03
   1.1121e+03
   1.0725e+03
   9.0195e+02
   8.3216e+02
   8.2678e+02
   8.5207e+02
   8.8744e+02
   9.0406e+02
   8.2170e+02
   8.5220e+02
   8.6419e+02
   8.0100e+02
   8.3062e+02
   8.4093e+02
   8.3856e+02
   7.9369e+02
   8.2285e+02
   8.1705e+02
   7.8999e+02
   7.9468e+02
   8.1553e+02
   7.4849e+02
   7.7669e+02
   8.0787e+02
   7.5826e+02
   7.3962e+02
   6.7306e+02
   6.9121e+02
   6.2588e+02
   5.9569e+02
   4.7088e+02
   3.9106e+02
   3.8222e+02
   3.5547e+02
   3.5781e+02
   3.8689e+02
   4.5293e+02
   4.6338e+02
   4.5738e+02
   5.0399e+02
   5.0643e+02
   5.5168e+02
   5.5335e+02
   6.1258e+02
   6.7292e+02
   7.0757e+02
   7.7223e+02
   8.4900e+02
   8.5707e+02
   9.4133e+02
   8.6728e+02
   9.0709e+02
   9.5010e+02
   9.2762e+02
   9.4684e+02
   7.9757e+02
   8.2247e+02
   8.4658e+02
   8.7594e+02
   8.9231e+02
   8.8213e+02
   9.1111e+02
   8.1659e+02
   7.6554e+02
   7.9399e+02
   8.2283e+02
   8.0371e+02
   8.1357e+02
   6.4030e+02
   5.6634e+02
   5.8601e+02
   6.1818e+02
   6.3844e+02
   6.3176e+02
   5.9564e+02
   6.0491e+02
   6.2457e+02
   5.8071e+02
   5.3195e+02
   4.7089e+02
   4.7259e+02
   4.6774e+02
   4.5403e+02
   4.6593e+02
   4.7826e+02
   3.4097e+02
   3.4467e+02
   2.9187e+02
   3.0210e+02
   3.1683e+02
   1.7940e+02
   1.8657e+02
   1.9121e+02
   1.5818e+02
   1.5882e+02
   1.6802e+02
   1.0234e+02
   1.7639e+01
  -3.8270e+01
  -1.2179e+02
  -1.2157e+02
  -1.2047e+02
  -1.1747e+02
  -1.1767e+02
  -1.1611e+02
  -1.1303e+02
  -1.0835e+02
  -1.0590e+02
  -1.7922e+02
  -1.9096e+02
  -2.1406e+02
  -2.3989e+02
  -2.4599e+02
  -2.9598e+02
  -2.8946e+02
  -2.8270e+02
  -2.7923e+02
  -2.7480e+02
  -3.0826e+02
  -3.0575e+02
  -3.0151e+02
  -3.5849e+02
  -3.4996e+02
  -3.9268e+02
  -3.8468e+02
  -3.6915e+02
  -4.7321e+02
  -4.7021e+02
  -4.6673e+02
  -4.6231e+02
  -4.5653e+02
  -4.5470e+02
  -4.4724e+02
  -4.4054e+02
  -4.4495e+02
  -4.5024e+02
  -4.5928e+02
  -4.7654e+02
  -4.9563e+02
  -5.2250e+02
  -5.1961e+02
  -5.0389e+02
  -4.9103e+02
  -4.7921e+02
  -4.6802e+02
  -4.5569e+02
  -4.4630e+02
  -4.3700e+02
  -4.2951e+02
  -4.1930e+02
  -4.0904e+02
  -4.0247e+02
  -3.9562e+02
  -3.8772e+02
  -3.8132e+02
  -3.8229e+02
  -3.6897e+02
  -3.6211e+02
  -3.4475e+02
  -3.3891e+02
  -3.3470e+02
  -3.2991e+02
  -3.2443e+02
  -3.1869e+02
  -3.6563e+02
  -3.6359e+02
  -3.5781e+02
  -3.5363e+02
  -3.4584e+02
  -3.8626e+02
  -4.2621e+02
  -4.0810e+02
  -3.8178e+02
  -4.3019e+02
  -4.1851e+02
  -4.0905e+02
  -4.0213e+02
  -3.9528e+02
  -3.8272e+02
  -3.7030e+02
  -3.6129e+02
  -3.5141e+02
  -3.4257e+02
  -3.3296e+02
  -3.2087e+02
  -3.1266e+02
  -3.8712e+02
  -3.7966e+02
  -3.7318e+02
  -3.6769e+02
  -3.6170e+02
  -3.5545e+02
  -3.4738e+02
  -3.4116e+02
  -3.3327e+02
  -3.7177e+02
  -3.6575e+02
  -3.5884e+02
  -3.5300e+02
  -3.8453e+02
  -3.7767e+02
  -3.6997e+02
  -3.6827e+02
  -3.6344e+02
  -3.6066e+02
  -3.5675e+02
  -3.5325e+02
  -3.4994e+02
  -3.4670e+02
  -3.8014e+02
  -4.2085e+02
  -4.2161e+02
  -4.5879e+02
  -4.6001e+02
  -4.5996e+02
  -4.5404e+02
  -4.4621e+02
  -4.4138e+02
  -4.3678e+02
  -4.3240e+02
  -4.2628e+02
  -4.2320e+02
  -4.1449e+02
  -4.0387e+02
  -3.9833e+02
  -4.1152e+02
  -4.0391e+02
  -3.9417e+02
  -3.8459e+02
  -3.7515e+02
  -3.6760e+02
  -3.5982e+02
  -3.5346e+02
  -3.4483e+02
  -3.3424e+02
  -3.2672e+02
  -3.2487e+02
  -3.2432e+02
  -3.2093e+02
  -3.1638e+02
  -3.0889e+02
  -2.9999e+02
  -2.9066e+02
  -2.8621e+02
  -2.8374e+02
  -2.8144e+02
  -2.7828e+02
  -2.7283e+02
  -2.6577e+02
  -2.5668e+02
  -2.4981e+02
  -2.4264e+02
  -2.3348e+02
  -2.2282e+02
  -2.1066e+02
  -2.8663e+02
  -2.7892e+02
  -3.0110e+02
  -2.8996e+02
  -2.7967e+02
  -2.6905e+02
  -2.5876e+02
  -2.4991e+02
  -2.9062e+02
  -2.8500e+02
  -2.7638e+02
  -2.6504e+02
  -2.5200e+02
  -2.4157e+02
  -2.4018e+02
  -2.4285e+02
  -2.4424e+02
  -2.3984e+02
  -2.3490e+02
  -2.2661e+02
  -2.2183e+02
  -2.1233e+02
  -2.0533e+02
  -2.0349e+02
  -2.2763e+02
  -2.2427e+02
  -2.1972e+02
  -2.1697e+02
  -2.1237e+02
  -2.2007e+02
  -2.2662e+02
  -2.3246e+02
  -2.3608e+02
  -2.3903e+02
  -2.4383e+02
  -2.4486e+02
  -2.3561e+02
  -2.1416e+02
  -1.9699e+02
  -1.8669e+02
  -1.8050e+02
  -1.7782e+02
  -1.7557e+02
  -1.7478e+02
  -1.7484e+02
  -1.7599e+02
  -1.7851e+02
  -1.8215e+02
  -1.8589e+02
  -1.8829e+02
  -1.9244e+02
  -1.9454e+02
  -1.9392e+02
  -1.9258e+02
  -1.9124e+02
  -1.8936e+02
  -1.8720e+02
  -1.8414e+02
  -1.8223e+02
  -1.8036e+02
  -1.8272e+02
  -1.9167e+02
  -2.1192e+02
  -2.1831e+02
  -2.1459e+02
  -2.0694e+02
  -2.0066e+02
  -2.3694e+02
  -2.3287e+02
  -2.2945e+02
  -2.2697e+02
  -2.2602e+02
  -2.2270e+02
  -2.1914e+02
  -2.0970e+02
  -2.0218e+02
  -1.9251e+02
  -2.0276e+02
  -2.0877e+02
  -2.1141e+02
  -2.1154e+02
  -2.1024e+02
  -2.0911e+02
  -2.0960e+02
  -2.0969e+02
  -2.0827e+02
  -2.0571e+02
  -2.0248e+02
  -1.9892e+02
  -1.9488e+02
  -1.8995e+02
  -1.8325e+02
  -1.7592e+02
  -1.7950e+02
  -1.8479e+02
  -1.8952e+02
  -1.9412e+02
  -1.9788e+02
  -2.0111e+02
  -2.0408e+02
  -2.0595e+02
  -2.0854e+02
  -2.1099e+02
  -2.2651e+02
  -2.1429e+02
  -2.1584e+02
  -2.1722e+02
  -2.1519e+02
  -2.1303e+02
  -2.1177e+02
  -2.1055e+02
  -2.0941e+02
  -2.0809e+02
  -2.0749e+02
  -2.0699e+02
  -2.0637e+02
  -1.9910e+02
  -1.8159e+02
  -1.7206e+02
  -1.6717e+02
  -1.6433e+02
  -1.6374e+02
  -1.6429e+02
  -1.6486e+02
  -1.6580e+02
  -1.6681e+02
  -1.6771e+02
  -1.6845e+02
  -1.6978e+02
  -1.7019e+02
  -1.7045e+02
  -1.7135e+02
  -1.7134e+02
  -1.7121e+02
  -1.7100e+02
  -1.7083e+02
  -1.7104e+02
  -1.7258e+02
  -1.7939e+02
  -1.9051e+02
  -1.9201e+02
  -1.9121e+02
  -1.8972e+02
  -1.8721e+02
  -1.8548e+02
  -1.8369e+02
  -1.8176e+02
  -1.7956e+02
  -1.7683e+02
  -1.7390e+02
  -1.6895e+02
  -1.6404e+02
  -1.6055e+02
  -1.5887e+02
  -1.5629e+02
  -1.5343e+02
  -1.4810e+02
  -1.4036e+02
  -1.3789e+02
  -1.3012e+02
  -1.5666e+02
  -1.6091e+02
  -1.6350e+02
  -1.6435e+02
  -1.6574e+02
  -1.6801e+02
  -1.7312e+02
  -1.8501e+02
  -1.9236e+02
  -1.9323e+02
  -1.9351e+02
  -1.9383e+02
  -1.9413e+02
  -1.9438e+02
  -1.9457e+02
  -1.9558e+02
  -1.9566e+02
  -1.9567e+02
  -1.9647e+02
  -1.9631e+02
  -1.9532e+02
  -1.9736e+02
  -1.9979e+02
  -1.9966e+02
  -2.0057e+02
  -2.0175e+02
  -2.0545e+02
  -2.0194e+02
  -1.9714e+02
  -1.9523e+02
  -1.9345e+02
  -1.9138e+02
  -2.2266e+02
  -2.2218e+02
  -2.2156e+02
  -2.2077e+02
  -2.1982e+02
  -2.1869e+02
  -2.1737e+02
  -2.1583e+02
  -2.1405e+02
  -2.1203e+02
  -2.0984e+02
  -2.0754e+02
  -2.0515e+02
  -2.1986e+02
  -2.1776e+02
  -2.1529e+02
  -2.1248e+02
  -2.0985e+02
  -2.0786e+02
  -2.0735e+02
  -2.0571e+02
  -2.0302e+02
  -1.9813e+02
  -1.9280e+02
  -1.9248e+02
  -1.9070e+02
  -1.9307e+02
  -1.9414e+02
  -1.9524e+02
  -1.9783e+02
  -2.0042e+02
  -2.0450e+02
  -2.0783e+02
  -2.1120e+02
  -2.1277e+02
  -2.1307e+02
  -2.1276e+02
  -2.1312e+02
  -2.1235e+02
  -2.1126e+02
  -2.0964e+02
  -2.0729e+02
  -2.0301e+02
  -1.9836e+02
  -1.9832e+02
  -1.9852e+02
  -1.9852e+02
  -1.9779e+02
  -1.9507e+02
  -1.9396e+02
  -1.9288e+02
  -1.9191e+02
  -1.9100e+02
  -1.8986e+02
  -1.8788e+02
  -1.8370e+02
  -1.7764e+02
  -1.6970e+02
  -1.6658e+02
  -1.6570e+02
  -1.6463e+02
  -1.6285e+02
  -1.6019e+02
  -1.5644e+02
  -1.5240e+02
  -1.4890e+02
  -1.4667e+02
  -1.4311e+02
  -1.3923e+02
  -1.3427e+02
  -1.3028e+02
  -1.3022e+02
  -1.3176e+02
  -1.3321e+02
  -1.3482e+02
  -1.3581e+02
  -1.3608e+02
  -1.3547e+02
  -1.3367e+02
  -1.3020e+02
  -1.2541e+02
  -1.2324e+02
  -1.2332e+02
  -1.2487e+02
  -1.2524e+02
  -1.2613e+02
  -1.2026e+02
  -1.2085e+02
  -1.2328e+02
  -1.2769e+02
  -1.3743e+02
  -1.3741e+02
  -1.3430e+02
  -1.3151e+02
  -1.2910e+02
  -1.2691e+02
  -1.2466e+02
  -1.2180e+02
  -1.1705e+02
  -1.0870e+02
  -1.0627e+02
  -9.0885e+01
  -9.0355e+01
  -8.9874e+01
  -1.1442e+02
  -1.0953e+02
  -1.0440e+02
  -1.0735e+02
  -1.1301e+02
  -1.1750e+02
  -1.2109e+02
  -1.2415e+02
  -1.2713e+02
  -1.3014e+02
  -1.3292e+02
  -1.3512e+02
  -1.3662e+02
  -1.3696e+02
  -1.3779e+02
  -1.3894e+02
  -1.3984e+02
  -1.4144e+02
  -1.4300e+02
  -1.4446e+02
  -1.4575e+02
  -1.4751e+02
  -1.4786e+02
  -1.4878e+02
  -1.4975e+02
  -1.5086e+02
  -1.5214e+02
  -1.5352e+02
  -1.5485e+02
  -1.5596e+02
  -1.5676e+02
  -1.5728e+02
  -1.5762e+02
  -1.5809e+02
  -1.5925e+02
  -1.6977e+02
  -1.7652e+02
  -1.8516e+02
  -1.9203e+02
  -1.9653e+02
  -1.9952e+02
  -2.0158e+02
  -2.0318e+02
  -2.0454e+02
  -2.0581e+02
  -2.0710e+02
  -2.0817e+02
  -2.0844e+02
  -2.0775e+02
  -2.3339e+02
  -2.2026e+02
  -2.2162e+02
  -2.2254e+02
  -2.2235e+02
  -2.2203e+02
  -2.2278e+02
  -2.3690e+02
  -2.1632e+02
  -2.1492e+02
  -2.1448e+02
  -2.1386e+02
  -2.1307e+02
  -2.1219e+02
  -2.1217e+02
  -2.1125e+02
  -2.1035e+02
  -2.0950e+02
  -2.0874e+02
  -2.0811e+02
  -2.0765e+02
  -2.0737e+02
  -2.0733e+02
  -2.0767e+02
  -2.0841e+02
  -2.0930e+02
  -2.0990e+02
  -2.0993e+02
  -2.0936e+02
  -2.0833e+02
  -2.0705e+02
  -2.0545e+02
  -2.0291e+02
  -1.9830e+02
  -1.9214e+02
  -2.0148e+02
  -2.1675e+02
  -2.3151e+02
  -2.4047e+02
  -2.4532e+02
  -2.4946e+02
  -2.5242e+02
  -2.5453e+02
  -2.5568e+02
  -2.5576e+02
  -2.5455e+02
  -2.5170e+02
  -2.4783e+02
  -2.4497e+02
  -2.4221e+02
  -2.4247e+02
  -2.4243e+02
  -2.4233e+02
  -2.4265e+02
  -2.4348e+02
  -2.4478e+02
  -2.4630e+02
  -2.4721e+02
  -2.4574e+02
  -2.4417e+02
  -2.3657e+02
  -2.2982e+02
  -2.2575e+02
  -2.2244e+02
  -2.1941e+02
  -2.1654e+02
  -2.1377e+02
  -2.1112e+02
  -2.0869e+02
  -2.3681e+02
  -2.3735e+02
  -2.3874e+02
  -2.3489e+02
  -2.2909e+02
  -2.2523e+02
  -2.2258e+02
  -2.2029e+02
  -2.1781e+02
  -2.1498e+02
  -2.1270e+02
  -2.0917e+02
  -2.0539e+02
  -2.0339e+02
  -2.0195e+02
  -2.0587e+02
  -2.0777e+02
  -2.0757e+02
  -2.0357e+02
  -1.9803e+02
  -1.9174e+02
  -1.8481e+02
  -1.7702e+02
  -1.6795e+02
  -1.5670e+02
  -1.4925e+02
  -1.3913e+02
  -1.3618e+02
  -1.3586e+02
  -1.3449e+02
  -1.3219e+02
  -1.2907e+02
  -1.2502e+02
  -1.2084e+02
  -1.1684e+02
  -1.1682e+02
  -1.1815e+02
  -1.2086e+02
  -1.2236e+02
  -1.2276e+02
  -1.2998e+02
  -1.2400e+02
  -1.2406e+02
  -1.2250e+02
  -1.1925e+02
  -1.1811e+02
  -1.1820e+02
  -1.1763e+02
  -1.1687e+02
  -1.5135e+02
  -1.5074e+02
  -1.4976e+02
  -1.4837e+02
  -1.4607e+02
  -1.4414e+02
  -1.4469e+02
  -1.4768e+02
  -1.4848e+02
  -1.4789e+02
  -1.4522e+02
  -1.4360e+02
  -1.4151e+02
  -1.3935e+02
  -1.3704e+02
  -1.3383e+02
  -1.2865e+02
  -1.2230e+02
  -1.1591e+02
  -1.0657e+02
  -1.0691e+02
  -1.0672e+02
  -1.0472e+02
  -1.0141e+02
  -9.7042e+01
  -9.2892e+01
  -8.9566e+01
  -8.7252e+01
  -8.4038e+01
  -8.1246e+01
  -7.7847e+01
  -7.3873e+01
  -6.8824e+01
  -6.2601e+01
  -5.5341e+01
  -4.8507e+01
  -4.3242e+01
  -3.9383e+01
  -3.6036e+01
  -3.2365e+01
  -2.8700e+01
  -2.4527e+01
  -1.9499e+01
  -4.4465e+01
  -3.9388e+01
  -3.7481e+01
  -3.7644e+01
  -3.4493e+01
  -2.6647e+01
  -1.5651e+01
  -3.4423e+01
  -1.8717e+01
  -3.3684e+01
  -4.3535e+01
  -4.9739e+01
  -5.4409e+01
  -5.8296e+01
  -6.1480e+01
  -6.3753e+01
  -6.5854e+01
  -6.7831e+01
  -6.9912e+01
  -7.1779e+01
  -7.3823e+01
  -7.5446e+01
  -7.6342e+01
  -7.6707e+01
  -7.7010e+01
  -7.8936e+01
  -8.0710e+01
  -8.2945e+01
  -8.5063e+01
  -8.8096e+01
  -9.8166e+01
  -9.5352e+01
  -9.8038e+01
  -1.0054e+02
  -1.0266e+02
  -1.0383e+02
  -1.0485e+02
  -1.0519e+02
  -1.0527e+02
  -1.3129e+02
  -1.3033e+02
  -1.2776e+02
  -1.3418e+02
  -1.6107e+02
  -1.6342e+02
  -1.6525e+02
  -1.6873e+02
  -1.7028e+02
  -1.6897e+02
  -1.7020e+02
  -1.7109e+02
  -1.7182e+02
  -1.7252e+02
  -1.7328e+02
  -1.7419e+02
  -1.7424e+02
  -1.7468e+02
  -1.7544e+02
  -1.7755e+02
  -1.7344e+02
  -1.7085e+02
  -1.6976e+02
  -1.6963e+02
  -1.7195e+02
  -1.7345e+02
  -1.7068e+02
  -1.6867e+02
  -1.6859e+02
  -1.6655e+02
  -1.6606e+02
  -1.6486e+02
  -1.6365e+02
  -1.6315e+02
  -1.6193e+02
  -1.6071e+02
  -1.5877e+02
  -1.5748e+02
  -1.5537e+02
  -1.5371e+02
  -1.5228e+02
  -1.4895e+02
  -1.4701e+02
  -1.4869e+02
  -1.4996e+02
  -1.5247e+02
  -1.5397e+02
  -1.5507e+02
  -1.5625e+02
  -1.5678e+02
  -1.5785e+02
  -1.5859e+02
  -1.5883e+02
  -1.8613e+02
  -1.8772e+02
  -1.8911e+02
  -1.9045e+02
  -1.9268e+02
  -1.9321e+02
  -1.9354e+02
  -1.9420e+02
  -1.9478e+02
  -1.9350e+02
  -1.9255e+02
  -1.9132e+02
  -1.9482e+02
  -1.9729e+02
  -2.0035e+02
  -2.0374e+02
  -2.0790e+02
  -2.1174e+02
  -2.1497e+02
  -2.1524e+02
  -2.1600e+02
  -2.1652e+02
  -2.1688e+02
  -2.1748e+02
  -2.1965e+02
  -2.2120e+02
  -2.2477e+02
  -2.1559e+02
  -2.1788e+02
  -2.1887e+02
  -2.1323e+02
  -2.1291e+02
  -2.1342e+02
  -2.1353e+02
  -2.1422e+02
  -2.1361e+02
  -2.1249e+02
  -2.1049e+02
  -2.0798e+02
  -2.0709e+02
  -2.0924e+02
  -2.1405e+02
  -2.1907e+02
  -2.2380e+02
  -2.3077e+02
  -2.4890e+02
  -2.4757e+02
  -2.4435e+02
  -2.4151e+02
  -2.3903e+02
  -2.3895e+02
  -2.6370e+02
  -2.6341e+02
  -2.6202e+02
  -2.5951e+02
  -2.5816e+02
  -2.5677e+02
  -2.5414e+02
  -2.5248e+02
  -2.5168e+02
  -2.4938e+02
  -2.4437e+02
  -2.3963e+02
  -2.3471e+02
  -2.2787e+02
  -2.2193e+02
  -2.1736e+02
  -2.1149e+02
  -2.1396e+02
  -2.1750e+02
  -2.2097e+02
  -2.2515e+02
  -2.3150e+02
  -2.3716e+02
  -2.4172e+02
  -2.4285e+02
  -2.4253e+02
  -2.4119e+02
  -2.3816e+02
  -2.3693e+02
  -2.3731e+02
  -2.3791e+02
  -2.3997e+02
  -2.4060e+02
  -2.4182e+02
  -2.4260e+02
  -2.4296e+02
  -2.4298e+02
  -2.4274e+02
  -2.4226e+02
  -2.4254e+02
  -2.4142e+02
  -2.3994e+02
  -2.3816e+02
  -2.3615e+02
  -2.3388e+02
  -2.3141e+02
  -2.2796e+02
  -2.2587e+02
  -2.2424e+02
  -2.2238e+02
  -2.1920e+02
  -2.1664e+02
  -2.1605e+02
  -2.1180e+02
  -2.1000e+02
  -2.0829e+02
  -2.0655e+02
  -2.0465e+02
  -2.0250e+02
  -2.0010e+02
  -1.9768e+02
  -1.9586e+02
  -1.9582e+02
  -1.9579e+02
  -1.9599e+02
  -1.9597e+02
  -1.9546e+02
  -1.9504e+02
  -1.9248e+02
  -1.8863e+02
  -1.9769e+02
  -1.8655e+02
  -1.8633e+02
  -1.8510e+02
  -1.8122e+02
  -1.8031e+02
  -1.7009e+02
  -1.6787e+02
  -1.6671e+02
  -2.0215e+02
  -2.0119e+02
  -2.0101e+02
  -2.0074e+02
  -2.0053e+02
  -2.0042e+02
  -2.0028e+02
  -1.9903e+02
  -1.9823e+02
  -1.9702e+02
  -1.9546e+02
  -1.9359e+02
  -1.9145e+02
  -1.8912e+02
  -1.8670e+02
  -1.8433e+02
  -1.8217e+02
  -1.8038e+02
  -1.7985e+02
  -1.7979e+02
  -1.7948e+02
  -1.7922e+02
  -1.7800e+02
  -1.7696e+02
  -1.7667e+02
  -1.7643e+02
  -1.7644e+02
  -1.7685e+02
  -1.7762e+02
  -1.7865e+02
  -1.8087e+02
  -1.8388e+02
  -1.8785e+02
  -1.8976e+02
  -1.9024e+02
  -1.8931e+02
  -1.8717e+02
  -1.8491e+02
  -1.8299e+02
  -1.8341e+02
  -1.8522e+02
  -1.8740e+02
  -1.8939e+02
  -1.9190e+02
  -1.9343e+02
  -1.9490e+02
  -1.9627e+02
  -1.9740e+02
  -1.9816e+02
  -1.9851e+02
  -1.9844e+02
  -1.9801e+02
  -1.9836e+02
  -1.9895e+02
  -2.0276e+02
  -2.0803e+02
  -2.1237e+02
  -2.1566e+02
  -2.1768e+02
  -2.1884e+02
  -2.2042e+02
  -2.2069e+02
  -2.1972e+02
  -2.1946e+02
  -2.1894e+02
  -2.1812e+02
  -2.1688e+02
  -2.1511e+02
  -2.1269e+02
  -2.1023e+02
  -2.1291e+02
  -2.1173e+02
  -2.1297e+02
  -2.1408e+02
  -2.1482e+02
  -2.1533e+02
  -2.1569e+02
  -2.1594e+02
  -2.1615e+02
  -2.1640e+02
  -2.1677e+02
  -2.1728e+02
  -2.1797e+02
  -2.1892e+02
  -2.2011e+02
  -2.2133e+02
  -2.2231e+02
  -2.2385e+02
  -2.2393e+02
  -2.2449e+02
  -2.2358e+02
  -2.2221e+02
  -2.2133e+02
  -2.4173e+02
  -2.3893e+02
  -2.3677e+02
  -2.3421e+02
  -2.3138e+02
  -2.2941e+02
  -2.2509e+02
  -2.2147e+02
  -2.1767e+02
  -2.1398e+02
  -2.1349e+02
  -2.1321e+02
  -2.1256e+02
  -2.1195e+02
  -2.1166e+02
  -2.1161e+02
  -2.1169e+02
  -2.1181e+02
  -2.1195e+02
  -2.1211e+02
  -2.1224e+02
  -2.1129e+02
  -2.1100e+02
  -2.1052e+02
  -2.0911e+02
  -2.0792e+02
  -2.0811e+02
  -2.0915e+02
  -2.1165e+02
  -2.1819e+02
  -2.1381e+02
  -2.0591e+02
  -2.0319e+02
  -2.0215e+02
  -2.0010e+02
  -1.9619e+02
  -1.9196e+02
  -1.8847e+02
  -1.8552e+02
  -1.8294e+02
  -1.8073e+02
  -1.7974e+02
  -1.7354e+02
  -1.7176e+02
  -1.7013e+02
  -1.6843e+02
  -1.6671e+02
  -1.6494e+02
  -1.6312e+02
  -1.6122e+02
  -1.5926e+02
  -1.5789e+02
  -1.5581e+02
  -1.5383e+02
  -1.5240e+02
  -1.5161e+02
  -1.5180e+02
  -1.5190e+02
  -1.5071e+02
  -1.4856e+02
  -1.4587e+02
  -1.4286e+02
  -1.3962e+02
  -1.3620e+02
  -1.3267e+02
  -1.2857e+02
  -1.2512e+02
  -1.2131e+02
  -1.1822e+02
  -1.1523e+02
  -1.1222e+02
  -1.0958e+02
  -1.0646e+02
  -1.0343e+02
  -1.0212e+02
  -1.0070e+02
  -9.8527e+01
  -9.6287e+01
  -9.3671e+01
  -9.0803e+01
  -8.7788e+01
  -8.4908e+01
  -8.4792e+01
  -8.2983e+01
  -1.0323e+02
  -1.0129e+02
  -9.9031e+01
  -9.7140e+01
  -9.5610e+01
  -9.4485e+01
  -9.4299e+01
  -9.5428e+01
  -1.3244e+02
  -1.3417e+02
  -1.3566e+02
  -1.3648e+02
  -1.3823e+02
  -1.4076e+02
  -1.4436e+02
  -1.4950e+02
  -1.5415e+02
  -1.5809e+02
  -1.6090e+02
  -1.6339e+02
  -1.6374e+02
  -1.6477e+02
  -1.6650e+02
  -1.6849e+02
  -1.7124e+02
  -1.7437e+02
  -1.7753e+02
  -1.8059e+02
  -1.8225e+02
  -1.7311e+02
  -1.7011e+02
  -1.6879e+02
  -1.6725e+02
  -1.6635e+02
  -1.6518e+02
  -1.6307e+02
  -1.6089e+02
  -1.6014e+02
  -1.5879e+02
  -1.5750e+02
  -1.5621e+02
  -1.5420e+02
  -1.5214e+02
  -1.5069e+02
  -1.4916e+02
  -1.4758e+02
  -1.4592e+02
  -1.4483e+02
  -1.4305e+02
  -1.4124e+02
  -1.3945e+02
  -1.3779e+02
  -1.3642e+02
  -1.3533e+02
  -1.3363e+02
  -1.3213e+02
  -1.3059e+02
  -1.2771e+02
  -1.2374e+02
  -1.1799e+02
  -1.1109e+02
  -1.1078e+02
  -1.4666e+02
  -1.5057e+02
  -1.5255e+02
  -1.5325e+02
  -1.5301e+02
  -1.5196e+02
  -1.5298e+02
  -1.4999e+02
  -1.4971e+02
  -1.5026e+02
  -1.5000e+02
  -1.4937e+02
  -1.4896e+02
  -1.4860e+02
  -1.4859e+02
  -1.4815e+02
  -1.4838e+02
  -1.4855e+02
  -1.4863e+02
  -1.4863e+02
  -1.4860e+02
  -1.4855e+02
  -1.4850e+02
  -1.4845e+02
  -1.4779e+02
  -1.4793e+02
  -1.4900e+02
  -1.4970e+02
  -1.5057e+02
  -1.5224e+02
  -1.5508e+02
  -1.5719e+02
  -1.6130e+02
  -1.6541e+02
  -1.6847e+02
  -1.7198e+02
  -1.7532e+02
  -1.7856e+02
  -1.8171e+02
  -1.8480e+02
  -1.8789e+02
  -1.9109e+02
  -1.9451e+02
  -1.9828e+02
  -2.0241e+02
  -2.0674e+02
  -2.1093e+02
  -2.1372e+02
  -2.1589e+02
  -2.1840e+02
  -2.1951e+02
  -2.2215e+02
  -2.2358e+02
  -2.2482e+02
  -2.2589e+02
  -2.2683e+02
  -2.2767e+02
  -2.2832e+02
  -2.2858e+02
  -2.2824e+02
  -2.2685e+02
  -2.2335e+02
  -2.1647e+02
  -2.1129e+02
  -2.0460e+02
  -2.0202e+02
  -1.9869e+02
  -1.9424e+02
  -1.8989e+02
  -1.9282e+02
  -1.8811e+02
  -1.8849e+02
  -1.8763e+02
  -1.8557e+02
  -1.8143e+02
  -1.7684e+02
  -1.7231e+02
  -1.6918e+02
  -1.7012e+02
  -1.7147e+02
  -1.7311e+02
  -1.7468e+02
  -1.7613e+02
  -1.7749e+02
  -1.7876e+02
  -1.7994e+02
  -1.8103e+02
  -1.8204e+02
  -1.8295e+02
  -1.8455e+02
  -1.8606e+02
  -1.8669e+02
  -1.8727e+02
  -1.8709e+02
  -1.8776e+02
  -1.8844e+02
  -1.8907e+02
  -1.8963e+02
  -1.9092e+02
  -1.9051e+02
  -1.9167e+02
  -1.9195e+02
  -1.9220e+02
  -1.9409e+02
  -1.9431e+02
  -1.9452e+02
  -1.9473e+02
  -1.9493e+02
  -1.9513e+02
  -1.9531e+02
  -1.9550e+02
  -1.9567e+02
  -1.9671e+02
  -1.9696e+02
  -1.9816e+02
  -1.9863e+02
  -1.9916e+02
  -1.9960e+02
  -1.9963e+02
  -1.9861e+02
  -2.0299e+02
  -1.8058e+02
  -1.8076e+02
  -1.8064e+02
  -1.8056e+02
  -1.7929e+02
  -1.7851e+02
  -1.7668e+02
  -1.7531e+02
  -1.7280e+02
  -1.6992e+02
  -1.6597e+02
  -1.6248e+02
  -1.5880e+02
  -1.5544e+02
  -1.5657e+02
  -1.4785e+02
  -1.4113e+02
  -1.3585e+02
  -1.3096e+02
  -1.2246e+02
  -1.1474e+02
  -1.5092e+02
  -1.4579e+02
  -1.4094e+02
  -1.3517e+02
  -1.2933e+02
  -1.2463e+02
  -1.2005e+02
  -1.1688e+02
  -1.1391e+02
  -1.1092e+02
  -1.0730e+02
  -1.0297e+02
  -9.9203e+01
  -9.5073e+01
  -1.1303e+02
  -1.0894e+02
  -1.0460e+02
  -9.9885e+01
  -9.5033e+01
  -9.1004e+01
  -8.7982e+01
  -8.5304e+01
  -7.9558e+01
  -8.1428e+01
  -8.4007e+01
  -8.4067e+01
  -8.3639e+01
  -8.1616e+01
  -7.9899e+01
  -1.1774e+02
  -1.1841e+02
  -1.1813e+02
  -1.1717e+02
  -1.1604e+02
  -1.1490e+02
  -1.1374e+02
  -1.1257e+02
  -1.1138e+02
  -1.1017e+02
  -1.0890e+02
  -1.0701e+02
  -1.0532e+02
  -1.0284e+02
  -1.0054e+02
  -9.8452e+01
  -9.5747e+01
  -9.2892e+01
  -8.9905e+01
  -1.1944e+02
  -1.1797e+02
  -1.1628e+02
  -1.1440e+02
  -1.1241e+02
  -1.0985e+02
  -1.0826e+02
  -1.0623e+02
  -1.0480e+02
  -1.0352e+02
  -1.0135e+02
  -9.9223e+01
  -9.6860e+01
  -9.3988e+01
  -9.0524e+01
  -8.6753e+01
  -8.3874e+01
  -8.0648e+01
  -7.7390e+01
  -7.4036e+01
  -7.0203e+01
  -6.6473e+01
  -6.2657e+01
  -6.0156e+01
  -6.0788e+01
  -6.2394e+01
  -6.3282e+01
  -5.9973e+01
  -6.3880e+01
  -6.6481e+01
  -6.8327e+01
  -6.9726e+01
  -7.0830e+01
  -7.1714e+01
  -7.2388e+01
  -7.2893e+01
  -7.2948e+01
  -7.3563e+01
  -7.3796e+01
  -7.4000e+01
  -7.4200e+01
  -7.4403e+01
  -7.4940e+01
  -7.5121e+01
  -7.5241e+01
  -7.5578e+01
  -7.5382e+01
  -7.4595e+01
  -7.3841e+01
  -7.2984e+01
  -7.1786e+01
  -7.0892e+01
  -7.0653e+01
  -7.1318e+01
  -7.1455e+01
  -7.1397e+01
  -7.1853e+01
  -7.1542e+01
  -7.1443e+01
  -7.0934e+01
  -7.0680e+01
  -7.0688e+01
  -7.0007e+01
  -6.9559e+01
  -6.9293e+01
  -6.8516e+01
  -6.7444e+01
  -6.5926e+01
  -6.3747e+01
  -6.0892e+01
  -5.6726e+01
  -5.0697e+01
  -4.2904e+01
  -3.3715e+01
  -2.6520e+01
  -2.3509e+01
  -2.2260e+01
  -2.0520e+01
  -1.8410e+01
  -1.6412e+01
  -1.4304e+01
  -1.1862e+01
  -8.9408e+00
  -5.3955e+00
  -1.2995e+00
   3.2607e+00
   8.2898e+00
   1.3931e+01
   2.0145e+01
   2.7404e+01
   3.6235e+01
   4.8063e+01
   6.0785e+01
   7.3114e+01
   3.4925e+01
   3.4986e+01
   1.0293e+00
   1.8503e+00
   3.1011e+00
   4.5178e+00
   6.1822e+00
   8.4576e+00
   1.1738e+01
   1.7967e+01
   2.0862e+01
   2.1699e+01
   2.2488e+01
   2.3447e+01
   2.4332e+01
   2.4527e+01
   2.4601e+01
   2.4837e+01
   2.5488e+01
   2.6689e+01
   2.8522e+01
   3.1148e+01
   3.4130e+01
   3.7253e+01
   4.0294e+01
   4.3503e+01
   4.6644e+01
   4.9612e+01
   5.3561e+01
   5.7313e+01
   2.7147e+01
   2.8593e+01
   3.3818e+01
   4.0288e+01
   3.5833e+01
   2.6471e+01
   1.8787e+01
   1.5567e+01
   1.4989e+01
   1.5854e+01
   1.7290e+01
   1.8913e+01
   2.0269e+01
   2.1349e+01
   2.2062e+01
   2.1807e+01
   1.9261e+01
   1.4916e+01
   1.1020e+01
  -2.6504e+01
  -3.2371e+01
  -3.7390e+01
  -4.1446e+01
  -4.4406e+01
  -4.7186e+01
  -4.7482e+01
  -4.8455e+01
  -4.7954e+01
  -4.6359e+01
  -4.1885e+01
  -3.1310e+01
  -1.4873e+01
  -1.1293e+01
  -1.0280e+01
  -9.6131e+00
  -9.0978e+00
