  -7.0209e+05
  -6.9475e+05
  -6.9494e+05
  -6.9494e+05
  -6.9470e+05
  -6.8730e+05
  -6.7629e+05
  -6.7337e+05
  -6.7087e+05
  -6.6518e+05
  -6.6520e+05
  -6.6510e+05
  -6.6280e+05
  -4.5248e+05
  -4.5246e+05
  -4.5166e+05
  -4.3296e+05
  -3.5400e+05
  -3.5186e+05
  -3.4603e+05
  -3.4290e+05
  -3.3898e+05
  -2.9575e+05
  -2.9576e+05
  -2.9526e+05
  -2.7355e+05
  -1.9154e+05
  -8.5801e+04
  -8.2465e+04
  -4.0394e+04
  -3.6418e+04
  -1.4515e+04
   1.6363e+05
   3.4802e+05
   7.8251e+05
   7.8796e+05
   8.2507e+05
   8.8550e+05
   8.9485e+05
   8.6201e+05
   8.9823e+05
   9.3704e+05
   9.3618e+05
   9.3615e+05
   9.3590e+05
   9.4120e+05
   9.7295e+05
   1.0497e+06
   1.0508e+06
   1.0604e+06
   1.0642e+06
   1.0628e+06
   1.0807e+06
   1.0843e+06
   1.0852e+06
   1.0849e+06
   1.0824e+06
   1.0837e+06
   1.0863e+06
   1.1130e+06
   1.1299e+06
   1.1289e+06
   1.1350e+06
   1.1496e+06
   1.1765e+06
   1.1764e+06
   1.1754e+06
   1.1867e+06
   1.2261e+06
   1.2257e+06
   1.2274e+06
   1.2349e+06
   1.2646e+06
   1.2645e+06
   1.2645e+06
   1.2636e+06
   1.2648e+06
   1.2649e+06
   1.2650e+06
   1.2630e+06
   1.2695e+06
   1.2694e+06
   1.2706e+06
   1.2791e+06
   1.2787e+06
   1.2786e+06
   1.2783e+06
   1.2785e+06
   1.2792e+06
   1.2848e+06
   1.3010e+06
   1.3011e+06
   1.3017e+06
   1.3037e+06
   1.3037e+06
   1.3038e+06
   1.3014e+06
   1.3145e+06
   1.3127e+06
   1.3151e+06
   1.3188e+06
   1.3186e+06
   1.3212e+06
   1.3309e+06
   1.3318e+06
   1.3511e+06
   1.3522e+06
   1.3544e+06
   1.3593e+06
   1.3588e+06
   1.3562e+06
   1.3553e+06
   1.3578e+06
   1.3662e+06
   1.3658e+06
   1.3652e+06
   1.3652e+06
   1.3640e+06
   1.3641e+06
   1.3634e+06
   1.3655e+06
   1.3788e+06
   1.3770e+06
   1.3821e+06
   1.3829e+06
   1.3828e+06
   1.3839e+06
   1.3866e+06
   1.3965e+06
   1.4357e+06
   1.4375e+06
   1.4415e+06
   1.4531e+06
   1.4561e+06
   1.4629e+06
   1.4778e+06
   1.4791e+06
   1.4804e+06
   1.4867e+06
   1.4865e+06
   1.4881e+06
   1.4875e+06
   1.4867e+06
   1.4868e+06
   1.4869e+06
   1.4866e+06
   1.4874e+06
   1.4866e+06
   1.5046e+06
   1.5054e+06
   1.5075e+06
   1.5070e+06
   1.5063e+06
   1.5069e+06
   1.5157e+06
   1.5156e+06
   1.5156e+06
   1.5155e+06
   1.5153e+06
   1.5157e+06
   1.5159e+06
   1.5146e+06
   1.5160e+06
   1.5160e+06
   1.5162e+06
   1.5161e+06
   1.5160e+06
   1.5161e+06
   1.5162e+06
   1.5159e+06
   1.5159e+06
   1.5159e+06
   1.5159e+06
   1.5158e+06
   1.5161e+06
   1.5160e+06
   1.5160e+06
   1.5159e+06
   1.5162e+06
   1.5162e+06
   1.5160e+06
   1.5160e+06
   1.5146e+06
   1.5153e+06
   1.5192e+06
   1.5190e+06
   1.5196e+06
   1.5236e+06
   1.5234e+06
   1.5234e+06
   1.5234e+06
   1.5234e+06
   1.5234e+06
   1.5233e+06
   1.5233e+06
   1.5234e+06
   1.5234e+06
   1.5234e+06
   1.5234e+06
   1.5233e+06
   1.5234e+06
   1.5234e+06
   1.5234e+06
   1.5234e+06
   1.5234e+06
   1.5234e+06
   1.5234e+06
   1.5234e+06
   1.5234e+06
   1.5233e+06
   1.5237e+06
   1.5236e+06
   1.5233e+06
   1.5233e+06
   1.5233e+06
   1.5233e+06
   1.5234e+06
   1.5236e+06
   1.5234e+06
   1.5233e+06
   1.5233e+06
   1.5233e+06
   1.5233e+06
   1.5234e+06
   1.5234e+06
   1.5234e+06
   1.5234e+06
   1.5234e+06
   1.5234e+06
   1.5234e+06
   1.5234e+06
   1.5234e+06
   1.5232e+06
   1.5234e+06
   1.5235e+06
   1.5234e+06
   1.5234e+06
   1.5234e+06
   1.5234e+06
   1.5233e+06
   1.5234e+06
   1.5234e+06
   1.5234e+06
   1.5234e+06
   1.5234e+06
   1.5234e+06
   1.5234e+06
   1.5234e+06
   1.5234e+06
   1.5238e+06
   1.5243e+06
   1.5239e+06
   1.5239e+06
   1.5239e+06
   1.5239e+06
   1.5238e+06
   1.5239e+06
   1.5239e+06
   1.5238e+06
   1.5239e+06
   1.5239e+06
   1.5239e+06
   1.5239e+06
   1.5238e+06
   1.5238e+06
   1.5238e+06
   1.5239e+06
   1.5239e+06
   1.5239e+06
   1.5237e+06
   1.5245e+06
   1.5244e+06
   1.5244e+06
   1.5244e+06
   1.5244e+06
   1.5244e+06
   1.5243e+06
   1.5244e+06
   1.5244e+06
   1.5244e+06
   1.5244e+06
   1.5244e+06
   1.5244e+06
   1.5244e+06
   1.5244e+06
   1.5244e+06
   1.5244e+06
   1.5244e+06
   1.5244e+06
   1.5244e+06
   1.5244e+06
   1.5244e+06
   1.5244e+06
   1.5244e+06
   1.5244e+06
   1.5244e+06
   1.5245e+06
   1.5232e+06
   1.5241e+06
   1.5240e+06
   1.5240e+06
   1.5240e+06
   1.5240e+06
   1.5240e+06
   1.5240e+06
   1.5240e+06
   1.5239e+06
   1.5240e+06
   1.5240e+06
   1.5240e+06
   1.5240e+06
   1.5240e+06
   1.5239e+06
   1.5239e+06
   1.5240e+06
   1.5240e+06
   1.5240e+06
   1.5240e+06
   1.5240e+06
   1.5240e+06
   1.5240e+06
   1.5240e+06
   1.5240e+06
   1.5240e+06
   1.5240e+06
   1.5240e+06
   1.5240e+06
   1.5240e+06
   1.5240e+06
   1.5240e+06
   1.5240e+06
   1.5240e+06
   1.5240e+06
   1.5240e+06
   1.5240e+06
   1.5240e+06
   1.5277e+06
   1.5275e+06
   1.5275e+06
   1.5275e+06
   1.5275e+06
   1.5275e+06
   1.5275e+06
   1.5275e+06
   1.5275e+06
   1.5275e+06
   1.5275e+06
   1.5275e+06
   1.5274e+06
   1.5275e+06
   1.5275e+06
   1.5276e+06
   1.5277e+06
   1.5276e+06
   1.5276e+06
   1.5276e+06
   1.5277e+06
   1.5322e+06
   1.5491e+06
   1.5491e+06
   1.5491e+06
   1.5491e+06
   1.5491e+06
   1.5492e+06
   1.5456e+06
   1.5501e+06
   1.5500e+06
   1.5500e+06
   1.5500e+06
   1.5500e+06
   1.5500e+06
   1.5500e+06
   1.5500e+06
   1.5500e+06
   1.5500e+06
   1.5500e+06
   1.5512e+06
   1.5557e+06
   1.5555e+06
   1.5555e+06
   1.5555e+06
   1.5554e+06
   1.5554e+06
   1.5554e+06
   1.5555e+06
   1.5555e+06
   1.5555e+06
   1.5555e+06
   1.5555e+06
   1.5555e+06
   1.5555e+06
   1.5555e+06
   1.5555e+06
   1.5560e+06
   1.5565e+06
   1.5561e+06
   1.5561e+06
   1.5561e+06
   1.5561e+06
   1.5561e+06
   1.5561e+06
   1.5561e+06
   1.5561e+06
   1.5561e+06
   1.5561e+06
   1.5561e+06
   1.5561e+06
   1.5561e+06
   1.5561e+06
   1.5561e+06
   1.5561e+06
   1.5561e+06
   1.5561e+06
   1.5561e+06
   1.5561e+06
   1.5561e+06
   1.5561e+06
   1.5561e+06
   1.5561e+06
   1.5561e+06
   1.5561e+06
   1.5561e+06
   1.5561e+06
   1.5560e+06
   1.5562e+06
   1.5565e+06
   1.5564e+06
   1.5564e+06
   1.5564e+06
   1.5563e+06
   1.5564e+06
   1.5564e+06
   1.5564e+06
   1.5564e+06
   1.5564e+06
   1.5564e+06
   1.5564e+06
   1.5564e+06
   1.5564e+06
   1.5563e+06
   1.5564e+06
   1.5564e+06
   1.5564e+06
   1.5564e+06
   1.5564e+06
   1.5564e+06
   1.5564e+06
   1.5564e+06
   1.5564e+06
   1.5564e+06
   1.5563e+06
   1.5563e+06
   1.5564e+06
   1.5563e+06
   1.5564e+06
   1.5564e+06
   1.5564e+06
   1.5564e+06
   1.5564e+06
   1.5564e+06
   1.5562e+06
   1.5563e+06
   1.5564e+06
   1.5564e+06
   1.5564e+06
   1.5564e+06
   1.5564e+06
   1.5564e+06
   1.5564e+06
   1.5564e+06
   1.5564e+06
   1.5564e+06
   1.5564e+06
   1.5564e+06
   1.5564e+06
   1.5563e+06
   1.5563e+06
   1.5563e+06
   1.5564e+06
   1.5564e+06
   1.5564e+06
   1.5564e+06
   1.5564e+06
   1.5564e+06
   1.5564e+06
   1.5564e+06
   1.5564e+06
   1.5564e+06
   1.5564e+06
   1.5564e+06
   1.5564e+06
   1.5564e+06
   1.5564e+06
   1.5563e+06
   1.5563e+06
   1.5564e+06
   1.5564e+06
   1.5562e+06
   1.5563e+06
   1.5564e+06
   1.5564e+06
   1.5564e+06
   1.5564e+06
   1.5564e+06
   1.5564e+06
   1.5564e+06
   1.5564e+06
   1.5564e+06
   1.5564e+06
