  -2.8084e+03
  -2.7922e+03
  -2.7935e+03
  -2.7865e+03
  -2.7805e+03
  -2.7156e+03
  -2.7474e+03
  -2.7162e+03
  -2.7396e+03
  -2.7555e+03
  -2.7466e+03
  -2.7267e+03
  -2.6863e+03
  -2.6802e+03
  -2.6649e+03
  -2.6370e+03
  -2.6511e+03
  -2.6072e+03
  -2.5849e+03
  -2.5517e+03
  -2.5487e+03
  -2.5327e+03
  -2.5137e+03
  -2.4779e+03
  -2.4614e+03
  -2.4377e+03
  -2.4058e+03
  -2.3993e+03
  -2.3511e+03
  -2.2814e+03
  -2.2981e+03
  -2.2819e+03
  -2.1989e+03
  -2.1491e+03
  -2.1010e+03
  -2.0590e+03
  -1.9779e+03
  -1.9903e+03
  -1.9550e+03
  -1.9371e+03
  -1.9106e+03
  -1.8640e+03
  -1.8391e+03
  -1.7877e+03
  -1.7412e+03
  -1.7121e+03
  -1.6611e+03
  -1.6101e+03
  -1.5893e+03
  -1.4997e+03
  -1.4927e+03
  -1.4625e+03
  -1.4181e+03
  -1.3582e+03
  -1.2662e+03
  -1.2256e+03
  -1.1820e+03
  -1.1582e+03
  -1.1393e+03
  -1.0890e+03
  -9.4096e+02
  -9.0574e+02
  -8.8738e+02
  -8.1957e+02
  -7.8555e+02
  -7.5612e+02
  -7.7251e+02
  -7.2875e+02
  -6.5921e+02
  -6.4816e+02
  -5.9419e+02
  -5.4060e+02
  -4.5029e+02
  -3.8487e+02
  -2.9811e+02
  -2.3923e+02
  -2.1016e+02
  -2.6216e+02
  -2.0822e+02
  -9.0883e+01
   7.7998e+01
   1.5370e+02
   1.4338e+02
   9.6190e+01
   1.4046e+02
   2.3157e+02
   2.4196e+02
   2.5982e+02
   7.2172e+01
   2.6514e+02
   3.2477e+02
   3.9360e+02
   3.6729e+02
   3.8664e+02
   4.5580e+02
   5.0202e+02
   5.7615e+02
   7.1173e+02
   7.1775e+02
   8.2558e+02
   9.1682e+02
   1.0410e+03
   1.0025e+03
   1.2204e+03
   1.2508e+03
   1.3263e+03
   1.3139e+03
   1.3208e+03
   1.2514e+03
   1.2318e+03
   1.2555e+03
   1.2124e+03
   1.1677e+03
   1.1884e+03
   1.1845e+03
   1.2022e+03
   1.1345e+03
   1.1723e+03
   1.2969e+03
   1.4199e+03
   1.3901e+03
   1.3106e+03
   1.2920e+03
   1.2931e+03
   1.2411e+03
   1.1870e+03
   1.0858e+03
   9.4975e+02
   9.4159e+02
   8.3335e+02
   7.9896e+02
   7.3428e+02
   6.8937e+02
   6.7704e+02
   6.0460e+02
   5.5978e+02
   4.5152e+02
   4.1372e+02
   4.5710e+02
   5.0736e+02
   4.8566e+02
   4.6475e+02
   4.2664e+02
   3.3168e+02
   2.6144e+02
   2.7545e+02
   2.4213e+02
   2.3746e+02
   2.4235e+02
   2.1385e+02
   2.0635e+02
   1.7192e+02
   6.9997e+01
   4.8619e+00
  -5.5113e+01
  -4.8218e+01
  -6.8031e+01
  -1.5612e+02
  -1.9552e+02
  -1.7198e+02
  -1.6375e+02
  -1.5975e+02
  -1.3530e+02
  -1.4190e+02
  -1.1411e+02
  -1.5632e+02
  -1.9724e+02
  -2.1802e+02
  -2.7764e+02
  -2.6315e+02
  -2.9690e+02
  -3.0139e+02
  -3.2738e+02
  -3.4805e+02
  -3.4276e+02
  -3.2807e+02
  -3.3905e+02
  -3.4155e+02
  -3.5890e+02
  -3.6152e+02
  -3.6935e+02
  -3.7804e+02
  -3.8662e+02
  -3.9605e+02
  -4.1336e+02
  -4.1937e+02
  -3.8321e+02
  -3.5854e+02
  -3.6952e+02
  -3.6251e+02
  -3.7271e+02
  -4.0000e+02
  -4.3389e+02
  -4.3399e+02
  -4.3292e+02
  -4.2959e+02
  -4.2625e+02
  -4.3168e+02
  -4.5399e+02
  -4.3991e+02
  -4.4701e+02
  -4.2721e+02
  -4.3599e+02
  -4.4725e+02
  -4.5549e+02
  -4.5681e+02
  -4.7372e+02
  -5.0267e+02
  -5.3691e+02
  -5.4430e+02
  -5.5383e+02
  -5.5836e+02
  -5.8011e+02
  -5.5471e+02
  -5.2399e+02
  -5.6416e+02
  -5.9357e+02
  -6.0187e+02
  -6.0678e+02
  -5.9582e+02
  -5.5456e+02
  -5.4687e+02
  -5.6919e+02
  -5.7048e+02
  -5.9331e+02
  -6.0939e+02
  -5.9785e+02
  -6.0339e+02
  -6.0945e+02
  -6.3871e+02
  -6.4182e+02
  -6.4926e+02
  -6.4821e+02
  -6.3985e+02
  -6.2612e+02
  -6.2884e+02
  -6.1270e+02
  -6.2038e+02
  -6.2456e+02
  -6.2807e+02
  -6.3125e+02
  -6.3467e+02
  -6.1405e+02
  -6.1645e+02
  -6.1721e+02
  -6.1404e+02
  -6.2983e+02
  -6.1724e+02
  -6.0566e+02
  -6.0123e+02
  -6.1376e+02
  -6.1620e+02
  -6.1695e+02
  -6.1651e+02
  -5.9584e+02
  -5.9368e+02
  -5.9911e+02
  -6.0019e+02
  -6.0101e+02
  -5.9017e+02
  -5.9333e+02
  -5.9539e+02
  -5.9705e+02
  -5.9890e+02
  -5.9943e+02
  -5.8511e+02
  -5.8427e+02
  -5.7382e+02
  -5.7464e+02
  -5.6820e+02
  -5.7174e+02
  -5.7488e+02
  -5.7660e+02
  -5.7770e+02
  -5.7681e+02
  -5.7406e+02
  -5.7188e+02
  -5.6856e+02
  -5.6513e+02
  -5.4472e+02
  -5.3550e+02
  -5.3808e+02
  -5.3856e+02
  -5.3843e+02
  -5.3719e+02
  -5.3612e+02
  -5.3412e+02
  -5.3195e+02
  -5.4555e+02
  -5.4570e+02
  -5.1785e+02
  -5.1792e+02
  -5.1709e+02
  -5.1620e+02
  -5.1124e+02
  -5.0417e+02
  -4.8092e+02
  -4.7929e+02
  -4.6182e+02
  -4.5950e+02
  -4.5540e+02
  -4.7273e+02
  -4.6749e+02
  -4.8666e+02
  -4.8143e+02
  -4.5673e+02
  -4.7874e+02
  -4.7683e+02
  -4.4411e+02
  -4.4331e+02
  -4.5142e+02
  -4.4335e+02
  -4.8274e+02
  -4.5163e+02
  -4.4391e+02
  -4.4794e+02
  -4.3586e+02
  -4.4439e+02
  -4.3283e+02
  -4.3134e+02
  -4.4868e+02
  -4.4959e+02
  -4.4546e+02
  -4.4828e+02
  -4.4947e+02
  -4.5210e+02
  -4.5241e+02
  -4.5571e+02
  -4.5838e+02
  -4.6250e+02
  -4.4771e+02
  -4.5043e+02
  -4.5118e+02
  -4.4199e+02
  -4.4242e+02
  -4.4456e+02
  -4.4481e+02
  -4.4714e+02
  -4.4777e+02
  -4.4099e+02
  -4.4043e+02
  -4.4743e+02
  -4.4685e+02
  -4.4795e+02
  -4.2828e+02
  -4.4675e+02
  -4.1147e+02
  -4.1857e+02
  -4.2065e+02
  -4.3122e+02
  -4.3786e+02
  -4.2219e+02
  -4.2613e+02
  -4.4443e+02
  -4.2467e+02
  -3.9419e+02
  -3.9912e+02
  -4.0174e+02
  -4.0042e+02
  -3.9968e+02
  -4.0521e+02
  -4.0980e+02
  -4.1724e+02
  -4.2318e+02
  -4.4510e+02
  -4.5090e+02
  -4.5362e+02
  -4.5653e+02
  -4.5735e+02
  -4.5149e+02
  -4.5844e+02
  -4.6126e+02
  -4.6975e+02
  -4.5883e+02
  -4.6950e+02
  -4.5016e+02
  -4.6769e+02
  -4.5802e+02
  -4.4828e+02
  -4.3580e+02
  -4.4313e+02
  -4.3282e+02
  -4.4064e+02
  -4.6323e+02
  -4.6702e+02
  -4.6631e+02
  -4.6855e+02
  -4.7166e+02
  -4.7852e+02
  -4.7622e+02
  -4.8025e+02
  -4.8500e+02
  -4.8689e+02
  -4.9088e+02
  -4.9124e+02
  -4.9394e+02
  -4.9354e+02
  -4.7917e+02
  -4.7920e+02
  -4.8064e+02
  -4.7955e+02
  -4.8029e+02
  -4.7963e+02
  -4.9246e+02
  -5.1302e+02
  -5.0330e+02
  -5.0352e+02
  -5.0773e+02
  -5.0781e+02
  -5.2174e+02
  -5.1504e+02
  -5.1795e+02
  -5.1753e+02
  -5.1990e+02
  -5.1994e+02
  -5.2188e+02
  -5.1970e+02
  -5.1223e+02
  -5.1715e+02
  -5.1629e+02
  -5.1316e+02
  -5.0551e+02
  -4.8981e+02
  -5.0561e+02
  -4.9558e+02
  -4.8813e+02
  -4.8781e+02
  -4.8061e+02
  -4.7479e+02
  -4.6161e+02
  -4.5571e+02
  -4.5697e+02
  -4.5616e+02
  -4.4609e+02
  -4.5237e+02
  -4.6803e+02
  -4.7429e+02
  -4.7349e+02
  -4.7174e+02
  -4.8919e+02
  -4.8909e+02
  -4.8532e+02
  -4.7722e+02
  -4.7895e+02
  -4.8520e+02
  -4.8008e+02
  -4.7854e+02
  -4.7975e+02
  -4.8150e+02
  -4.8635e+02
  -4.8781e+02
  -4.9965e+02
  -4.9972e+02
  -5.0127e+02
  -4.9930e+02
  -4.9913e+02
  -5.1599e+02
  -5.2017e+02
  -5.2196e+02
  -5.2426e+02
  -5.2483e+02
  -5.2763e+02
  -5.2757e+02
  -5.2839e+02
  -5.2799e+02
  -5.2997e+02
  -5.2956e+02
  -5.2952e+02
  -5.2778e+02
  -5.0976e+02
  -5.0619e+02
  -5.1189e+02
  -5.1213e+02
  -5.1263e+02
  -5.0723e+02
  -4.9888e+02
  -5.0353e+02
  -5.0613e+02
  -5.0546e+02
  -5.0494e+02
  -5.0342e+02
  -5.0393e+02
  -5.0206e+02
  -5.0156e+02
  -5.0073e+02
  -5.0232e+02
  -5.0112e+02
  -4.9999e+02
  -4.9786e+02
  -4.9768e+02
  -5.1239e+02
  -5.1097e+02
  -5.0966e+02
  -5.1179e+02
  -5.1261e+02
  -5.1391e+02
  -5.1515e+02
  -5.1692e+02
  -5.1428e+02
  -5.1416e+02
  -5.0867e+02
  -5.0595e+02
  -5.0505e+02
  -5.1006e+02
  -5.0837e+02
  -5.0275e+02
  -5.0071e+02
  -4.9872e+02
  -4.6932e+02
  -4.6391e+02
  -4.6189e+02
  -4.6126e+02
  -4.6492e+02
  -4.6003e+02
  -4.6867e+02
  -4.6817e+02
  -4.6666e+02
  -4.6730e+02
  -4.6535e+02
  -4.6392e+02
  -4.6139e+02
  -4.5481e+02
  -4.5076e+02
  -4.4809e+02
  -4.4464e+02
  -4.4479e+02
  -4.4301e+02
  -4.4260e+02
  -4.4188e+02
  -4.4227e+02
  -4.3613e+02
  -4.5483e+02
  -4.5580e+02
  -4.5728e+02
  -4.5609e+02
  -4.5521e+02
  -4.5357e+02
  -4.5338e+02
  -4.5091e+02
  -4.4904e+02
  -4.4693e+02
  -4.4675e+02
  -4.4455e+02
  -4.6034e+02
  -4.5838e+02
  -4.5795e+02
  -4.5507e+02
  -4.5194e+02
  -4.4778e+02
  -4.4758e+02
  -4.4681e+02
  -4.6061e+02
  -4.6133e+02
  -4.5122e+02
  -4.5073e+02
  -4.5030e+02
  -4.4964e+02
  -4.5124e+02
  -4.5106e+02
  -4.5142e+02
  -4.5150e+02
