  -7.0209e+05
  -1.4052e+06
  -2.1211e+06
  -2.8240e+06
  -3.5243e+06
  -4.2238e+06
  -4.9228e+06
  -5.6216e+06
  -6.3202e+06
  -7.0190e+06
  -7.7180e+06
  -8.4173e+06
  -9.1171e+06
  -9.8175e+06
  -1.0519e+07
  -1.1224e+07
  -1.1935e+07
  -1.2639e+07
  -1.3343e+07
  -1.4050e+07
  -1.4763e+07
  -1.5470e+07
  -1.6180e+07
  -1.6897e+07
  -1.7612e+07
  -1.8320e+07
  -1.9028e+07
  -1.9738e+07
  -2.0500e+07
  -2.1229e+07
  -2.1951e+07
  -2.2667e+07
  -2.3381e+07
  -2.4108e+07
  -2.4825e+07
  -2.5535e+07
  -2.6245e+07
  -2.6957e+07
  -2.7844e+07
  -2.8575e+07
  -2.9302e+07
  -3.0073e+07
  -3.0790e+07
  -3.1510e+07
  -3.2231e+07
  -3.2969e+07
  -3.3688e+07
  -3.4401e+07
  -3.5114e+07
  -3.5826e+07
  -3.6541e+07
  -3.7315e+07
  -3.8028e+07
  -3.8741e+07
  -3.9455e+07
  -4.0171e+07
  -4.0887e+07
  -4.1603e+07
  -4.2321e+07
  -4.3043e+07
  -4.3762e+07
  -4.4488e+07
  -4.5206e+07
  -4.5923e+07
  -4.6639e+07
  -4.7356e+07
  -4.8074e+07
  -4.8793e+07
  -4.9513e+07
  -5.0235e+07
  -5.0962e+07
  -5.1702e+07
  -5.2435e+07
  -5.3165e+07
  -5.3894e+07
  -5.4630e+07
  -5.5417e+07
  -5.6155e+07
  -5.6887e+07
  -5.7625e+07
  -5.8355e+07
  -5.9084e+07
  -5.9813e+07
  -6.0544e+07
  -6.1291e+07
  -6.2026e+07
  -6.2769e+07
  -6.3513e+07
  -6.4246e+07
  -6.4979e+07
  -6.5712e+07
  -6.6447e+07
  -6.7204e+07
  -6.7940e+07
  -6.8676e+07
  -6.9413e+07
  -7.0160e+07
  -7.0901e+07
  -7.1651e+07
  -7.2392e+07
  -7.3132e+07
  -7.3873e+07
  -7.4615e+07
  -7.5357e+07
  -7.6101e+07
  -7.6847e+07
  -7.7594e+07
  -7.8342e+07
  -7.9095e+07
  -7.9853e+07
  -8.0615e+07
  -8.1374e+07
  -8.2129e+07
  -8.2886e+07
  -8.3652e+07
  -8.4415e+07
  -8.5178e+07
  -8.5941e+07
  -8.6706e+07
  -8.7470e+07
  -8.8236e+07
  -8.9006e+07
  -8.9796e+07
  -9.0571e+07
  -9.1349e+07
  -9.2134e+07
  -9.2931e+07
  -9.3729e+07
  -9.4512e+07
  -9.5294e+07
  -9.6092e+07
  -9.6880e+07
  -9.7666e+07
  -9.8457e+07
  -9.9240e+07
  -1.0002e+08
  -1.0081e+08
  -1.0160e+08
  -1.0239e+08
  -1.0318e+08
  -1.0398e+08
  -1.0478e+08
  -1.0558e+08
  -1.0639e+08
  -1.0720e+08
  -1.0799e+08
  -1.0879e+08
  -1.0959e+08
  -1.1039e+08
  -1.1119e+08
  -1.1199e+08
  -1.1280e+08
  -1.1364e+08
  -1.1444e+08
  -1.1525e+08
  -1.1605e+08
  -1.1686e+08
  -1.1766e+08
  -1.1847e+08
  -1.1928e+08
  -1.2010e+08
  -1.2091e+08
  -1.2173e+08
  -1.2254e+08
  -1.2335e+08
  -1.2417e+08
  -1.2499e+08
  -1.2581e+08
  -1.2663e+08
  -1.2745e+08
  -1.2828e+08
  -1.2911e+08
  -1.2994e+08
  -1.3077e+08
  -1.3161e+08
  -1.3246e+08
  -1.3330e+08
  -1.3414e+08
  -1.3499e+08
  -1.3584e+08
  -1.3669e+08
  -1.3753e+08
  -1.3838e+08
  -1.3924e+08
  -1.4009e+08
  -1.4094e+08
  -1.4179e+08
  -1.4264e+08
  -1.4350e+08
  -1.4435e+08
  -1.4522e+08
  -1.4609e+08
  -1.4695e+08
  -1.4782e+08
  -1.4869e+08
  -1.4958e+08
  -1.5046e+08
  -1.5134e+08
  -1.5222e+08
  -1.5312e+08
  -1.5401e+08
  -1.5490e+08
  -1.5580e+08
  -1.5669e+08
  -1.5758e+08
  -1.5848e+08
  -1.5937e+08
  -1.6027e+08
  -1.6118e+08
  -1.6208e+08
  -1.6299e+08
  -1.6390e+08
  -1.6481e+08
  -1.6573e+08
  -1.6665e+08
  -1.6757e+08
  -1.6850e+08
  -1.6943e+08
  -1.7035e+08
  -1.7128e+08
  -1.7221e+08
  -1.7315e+08
  -1.7409e+08
  -1.7503e+08
  -1.7597e+08
  -1.7692e+08
  -1.7787e+08
  -1.7883e+08
  -1.7979e+08
  -1.8075e+08
  -1.8172e+08
  -1.8268e+08
  -1.8365e+08
  -1.8462e+08
  -1.8560e+08
  -1.8658e+08
  -1.8756e+08
  -1.8854e+08
  -1.8951e+08
  -1.9049e+08
  -1.9148e+08
  -1.9247e+08
  -1.9348e+08
  -1.9448e+08
  -1.9549e+08
  -1.9650e+08
  -1.9751e+08
  -1.9852e+08
  -1.9955e+08
  -2.0056e+08
  -2.0158e+08
  -2.0260e+08
  -2.0361e+08
  -2.0465e+08
  -2.0568e+08
  -2.0671e+08
  -2.0775e+08
  -2.0879e+08
  -2.0983e+08
  -2.1089e+08
  -2.1194e+08
  -2.1300e+08
  -2.1406e+08
  -2.1512e+08
  -2.1618e+08
  -2.1724e+08
  -2.1831e+08
  -2.1939e+08
  -2.2047e+08
  -2.2157e+08
  -2.2266e+08
  -2.2375e+08
  -2.2484e+08
  -2.2593e+08
  -2.2702e+08
  -2.2811e+08
  -2.2920e+08
  -2.3030e+08
  -2.3140e+08
  -2.3251e+08
  -2.3363e+08
  -2.3475e+08
  -2.3587e+08
  -2.3698e+08
  -2.3810e+08
  -2.3922e+08
  -2.4034e+08
  -2.4146e+08
  -2.4258e+08
  -2.4371e+08
  -2.4484e+08
  -2.4598e+08
  -2.4712e+08
  -2.4827e+08
  -2.4942e+08
  -2.5057e+08
  -2.5173e+08
  -2.5289e+08
  -2.5405e+08
  -2.5522e+08
  -2.5639e+08
  -2.5757e+08
  -2.5875e+08
  -2.5994e+08
  -2.6113e+08
  -2.6234e+08
  -2.6353e+08
  -2.6474e+08
  -2.6594e+08
  -2.6716e+08
  -2.6838e+08
  -2.6960e+08
  -2.7082e+08
  -2.7205e+08
  -2.7329e+08
  -2.7453e+08
  -2.7577e+08
  -2.7702e+08
  -2.7827e+08
  -2.7952e+08
  -2.8078e+08
  -2.8204e+08
  -2.8331e+08
  -2.8458e+08
  -2.8586e+08
  -2.8714e+08
  -2.8843e+08
  -2.8972e+08
  -2.9101e+08
  -2.9231e+08
  -2.9362e+08
  -2.9493e+08
  -2.9625e+08
  -2.9758e+08
  -2.9891e+08
  -3.0025e+08
  -3.0160e+08
  -3.0297e+08
  -3.0434e+08
  -3.0572e+08
  -3.0711e+08
  -3.0852e+08
  -3.0993e+08
  -3.1135e+08
  -3.1277e+08
  -3.1420e+08
  -3.1563e+08
  -3.1707e+08
  -3.1851e+08
  -3.1997e+08
  -3.2143e+08
  -3.2290e+08
  -3.2438e+08
  -3.2586e+08
  -3.2736e+08
  -3.2887e+08
  -3.3038e+08
  -3.3191e+08
  -3.3345e+08
  -3.3500e+08
  -3.3657e+08
  -3.3815e+08
  -3.3974e+08
  -3.4133e+08
  -3.4294e+08
  -3.4456e+08
  -3.4619e+08
  -3.4784e+08
  -3.4949e+08
  -3.5116e+08
  -3.5283e+08
  -3.5451e+08
  -3.5620e+08
  -3.5790e+08
  -3.5961e+08
  -3.6133e+08
  -3.6307e+08
  -3.6481e+08
  -3.6658e+08
  -3.6836e+08
  -3.7016e+08
  -3.7196e+08
  -3.7378e+08
  -3.7562e+08
  -3.7747e+08
  -3.7933e+08
  -3.8120e+08
  -3.8309e+08
  -3.8498e+08
  -3.8689e+08
  -3.8882e+08
  -3.9077e+08
  -3.9273e+08
  -3.9470e+08
  -3.9668e+08
  -3.9868e+08
  -4.0069e+08
  -4.0271e+08
  -4.0476e+08
  -4.0681e+08
  -4.0887e+08
  -4.1093e+08
  -4.1301e+08
  -4.1508e+08
  -4.1715e+08
  -4.1922e+08
  -4.2130e+08
  -4.2339e+08
  -4.2549e+08
  -4.2758e+08
  -4.2968e+08
  -4.3179e+08
  -4.3389e+08
  -4.3600e+08
  -4.3811e+08
  -4.4023e+08
  -4.4236e+08
  -4.4450e+08
  -4.4664e+08
  -4.4880e+08
  -4.5095e+08
  -4.5311e+08
  -4.5528e+08
  -4.5747e+08
  -4.5966e+08
  -4.6186e+08
  -4.6406e+08
  -4.6628e+08
  -4.6850e+08
  -4.7073e+08
  -4.7296e+08
  -4.7520e+08
  -4.7745e+08
  -4.7970e+08
  -4.8197e+08
  -4.8424e+08
  -4.8651e+08
  -4.8880e+08
  -4.9110e+08
  -4.9341e+08
  -4.9573e+08
  -4.9805e+08
  -5.0038e+08
  -5.0273e+08
  -5.0509e+08
  -5.0745e+08
  -5.0982e+08
  -5.1219e+08
  -5.1458e+08
  -5.1697e+08
  -5.1937e+08
  -5.2177e+08
  -5.2418e+08
  -5.2661e+08
  -5.2903e+08
  -5.3145e+08
  -5.3387e+08
  -5.3630e+08
  -5.3874e+08
  -5.4119e+08
  -5.4364e+08
  -5.4609e+08
  -5.4855e+08
  -5.5102e+08
  -5.5351e+08
  -5.5601e+08
  -5.5851e+08
  -5.6101e+08
  -5.6353e+08
  -5.6604e+08
  -5.6857e+08
  -5.7110e+08
  -5.7365e+08
  -5.7621e+08
  -5.7878e+08
  -5.8137e+08
  -5.8397e+08
  -5.8657e+08
  -5.8919e+08
  -5.9181e+08
  -5.9445e+08
  -5.9711e+08
  -5.9977e+08
  -6.0245e+08
  -6.0514e+08
  -6.0784e+08
  -6.1056e+08
  -6.1330e+08
  -6.1605e+08
  -6.1882e+08
  -6.2159e+08
  -6.2437e+08
  -6.2717e+08
  -6.2999e+08
  -6.3282e+08
  -6.3566e+08
  -6.3850e+08
  -6.4137e+08
  -6.4424e+08
  -6.4711e+08
  -6.4998e+08
  -6.5287e+08
  -6.5576e+08
  -6.5867e+08
  -6.6160e+08
  -6.6452e+08
  -6.6745e+08
  -6.7039e+08
  -6.7334e+08
  -6.7629e+08
  -6.7925e+08
  -6.8222e+08
  -6.8520e+08
  -6.8819e+08
  -6.9117e+08
  -6.9414e+08
  -6.9710e+08
  -7.0005e+08
  -7.0299e+08
  -7.0592e+08
  -7.0883e+08
  -7.1173e+08
  -7.1462e+08
  -7.1748e+08
  -7.2033e+08
  -7.2315e+08
  -7.2597e+08
  -7.2875e+08
  -7.3151e+08
  -7.3424e+08
  -7.3695e+08
  -7.3965e+08
  -7.4232e+08
  -7.4497e+08
  -7.4760e+08
  -7.5021e+08
  -7.5281e+08
  -7.5538e+08
  -7.5794e+08
  -7.6049e+08
  -7.6301e+08
  -7.6552e+08
  -7.6802e+08
  -7.7050e+08
  -7.7296e+08
  -7.7541e+08
  -7.7783e+08
  -7.8024e+08
  -7.8264e+08
  -7.8502e+08
  -7.8739e+08
  -7.8975e+08
  -7.9209e+08
  -7.9442e+08
  -7.9674e+08
  -7.9905e+08
  -8.0134e+08
  -8.0362e+08
  -8.0589e+08
  -8.0815e+08
  -8.1040e+08
  -8.1264e+08
  -8.1485e+08
  -8.1706e+08
  -8.1926e+08
  -8.2144e+08
  -8.2361e+08
  -8.2577e+08
  -8.2791e+08
  -8.3004e+08
  -8.3216e+08
  -8.3427e+08
  -8.3637e+08
  -8.3846e+08
  -8.4053e+08
  -8.4260e+08
  -8.4465e+08
  -8.4670e+08
  -8.4873e+08
  -8.5076e+08
  -8.5278e+08
  -8.5479e+08
  -8.5679e+08
  -8.5878e+08
  -8.6076e+08
  -8.6274e+08
  -8.6470e+08
  -8.6667e+08
  -8.6863e+08
  -8.7058e+08
  -8.7253e+08
  -8.7446e+08
  -8.7638e+08
  -8.7829e+08
  -8.8019e+08
  -8.8208e+08
  -8.8397e+08
  -8.8585e+08
  -8.8772e+08
  -8.8959e+08
  -8.9145e+08
  -8.9330e+08
  -8.9515e+08
  -8.9699e+08
  -8.9883e+08
  -9.0066e+08
  -9.0248e+08
  -9.0430e+08
  -9.0611e+08
  -9.0792e+08
  -9.0972e+08
  -9.1152e+08
  -9.1332e+08
  -9.1511e+08
  -9.1690e+08
  -9.1867e+08
  -9.2045e+08
  -9.2221e+08
  -9.2397e+08
  -9.2573e+08
  -9.2748e+08
  -9.2923e+08
  -9.3097e+08
  -9.3271e+08
  -9.3444e+08
  -9.3616e+08
  -9.3788e+08
  -9.3959e+08
  -9.4130e+08
  -9.4300e+08
  -9.4471e+08
  -9.4640e+08
  -9.4810e+08
  -9.4979e+08
  -9.5148e+08
  -9.5316e+08
  -9.5483e+08
  -9.5650e+08
  -9.5816e+08
  -9.5982e+08
  -9.6147e+08
  -9.6312e+08
  -9.6476e+08
  -9.6641e+08
  -9.6805e+08
  -9.6968e+08
  -9.7132e+08
  -9.7295e+08
  -9.7459e+08
  -9.7621e+08
  -9.7784e+08
  -9.7946e+08
  -9.8108e+08
  -9.8269e+08
  -9.8431e+08
  -9.8592e+08
  -9.8753e+08
  -9.8914e+08
  -9.9074e+08
  -9.9234e+08
  -9.9393e+08
  -9.9553e+08
  -9.9712e+08
  -9.9870e+08
  -1.0003e+09
  -1.0019e+09
  -1.0035e+09
  -1.0050e+09
  -1.0066e+09
  -1.0082e+09
  -1.0098e+09
  -1.0114e+09
  -1.0129e+09
  -1.0145e+09
  -1.0161e+09
  -1.0176e+09
  -1.0192e+09
  -1.0208e+09
  -1.0223e+09
  -1.0239e+09
  -1.0254e+09
  -1.0270e+09
  -1.0285e+09
  -1.0301e+09
  -1.0316e+09
  -1.0331e+09
  -1.0347e+09
  -1.0362e+09
  -1.0377e+09
  -1.0392e+09
  -1.0408e+09
  -1.0423e+09
  -1.0438e+09
  -1.0453e+09
  -1.0468e+09
  -1.0483e+09
  -1.0498e+09
  -1.0513e+09
  -1.0528e+09
  -1.0543e+09
  -1.0558e+09
  -1.0572e+09
  -1.0587e+09
  -1.0602e+09
  -1.0617e+09
  -1.0631e+09
  -1.0646e+09
  -1.0661e+09
  -1.0675e+09
  -1.0690e+09
  -1.0704e+09
  -1.0719e+09
  -1.0733e+09
  -1.0748e+09
  -1.0762e+09
  -1.0777e+09
  -1.0791e+09
  -1.0805e+09
  -1.0820e+09
  -1.0834e+09
  -1.0848e+09
  -1.0862e+09
  -1.0876e+09
  -1.0891e+09
  -1.0905e+09
  -1.0919e+09
  -1.0933e+09
  -1.0947e+09
  -1.0961e+09
  -1.0975e+09
  -1.0989e+09
  -1.1003e+09
  -1.1017e+09
  -1.1031e+09
  -1.1045e+09
  -1.1058e+09
  -1.1072e+09
  -1.1086e+09
  -1.1100e+09
  -1.1113e+09
  -1.1127e+09
  -1.1140e+09
  -1.1154e+09
  -1.1167e+09
  -1.1181e+09
  -1.1194e+09
  -1.1208e+09
  -1.1221e+09
  -1.1235e+09
  -1.1248e+09
  -1.1261e+09
  -1.1275e+09
  -1.1288e+09
  -1.1301e+09
  -1.1315e+09
  -1.1328e+09
  -1.1341e+09
  -1.1354e+09
  -1.1367e+09
  -1.1380e+09
  -1.1393e+09
  -1.1406e+09
  -1.1419e+09
  -1.1432e+09
  -1.1445e+09
  -1.1458e+09
  -1.1471e+09
  -1.1484e+09
  -1.1496e+09
  -1.1509e+09
  -1.1522e+09
  -1.1535e+09
  -1.1547e+09
  -1.1560e+09
  -1.1573e+09
  -1.1585e+09
  -1.1598e+09
  -1.1611e+09
  -1.1623e+09
  -1.1636e+09
  -1.1649e+09
  -1.1661e+09
  -1.1674e+09
  -1.1686e+09
  -1.1699e+09
  -1.1712e+09
  -1.1724e+09
  -1.1737e+09
  -1.1749e+09
  -1.1761e+09
  -1.1774e+09
  -1.1786e+09
  -1.1799e+09
  -1.1811e+09
  -1.1823e+09
  -1.1836e+09
  -1.1848e+09
  -1.1860e+09
  -1.1873e+09
  -1.1885e+09
  -1.1897e+09
  -1.1909e+09
  -1.1922e+09
  -1.1934e+09
  -1.1946e+09
  -1.1958e+09
  -1.1970e+09
  -1.1982e+09
  -1.1995e+09
  -1.2007e+09
  -1.2019e+09
  -1.2031e+09
  -1.2043e+09
  -1.2055e+09
  -1.2067e+09
  -1.2079e+09
  -1.2090e+09
  -1.2102e+09
  -1.2114e+09
  -1.2126e+09
  -1.2138e+09
  -1.2150e+09
  -1.2162e+09
  -1.2173e+09
  -1.2185e+09
  -1.2197e+09
  -1.2209e+09
  -1.2220e+09
  -1.2232e+09
  -1.2244e+09
  -1.2256e+09
  -1.2267e+09
  -1.2279e+09
  -1.2291e+09
  -1.2302e+09
  -1.2314e+09
  -1.2326e+09
  -1.2337e+09
  -1.2349e+09
  -1.2361e+09
  -1.2372e+09
  -1.2384e+09
  -1.2395e+09
  -1.2407e+09
  -1.2418e+09
  -1.2430e+09
  -1.2441e+09
  -1.2453e+09
  -1.2464e+09
  -1.2476e+09
  -1.2487e+09
  -1.2499e+09
  -1.2510e+09
  -1.2522e+09
  -1.2533e+09
  -1.2544e+09
  -1.2556e+09
  -1.2567e+09
  -1.2579e+09
  -1.2590e+09
  -1.2601e+09
  -1.2613e+09
  -1.2624e+09
  -1.2635e+09
  -1.2647e+09
  -1.2658e+09
  -1.2669e+09
  -1.2681e+09
  -1.2692e+09
  -1.2703e+09
  -1.2715e+09
  -1.2726e+09
  -1.2737e+09
  -1.2749e+09
  -1.2760e+09
  -1.2771e+09
  -1.2783e+09
  -1.2794e+09
  -1.2805e+09
  -1.2816e+09
  -1.2827e+09
  -1.2839e+09
  -1.2850e+09
  -1.2861e+09
  -1.2872e+09
  -1.2883e+09
  -1.2894e+09
  -1.2906e+09
  -1.2917e+09
  -1.2928e+09
  -1.2939e+09
  -1.2950e+09
  -1.2961e+09
  -1.2973e+09
  -1.2984e+09
  -1.2995e+09
  -1.3006e+09
  -1.3017e+09
  -1.3028e+09
  -1.3040e+09
  -1.3051e+09
  -1.3062e+09
  -1.3073e+09
  -1.3084e+09
  -1.3096e+09
  -1.3107e+09
  -1.3118e+09
  -1.3129e+09
  -1.3141e+09
  -1.3152e+09
  -1.3163e+09
  -1.3174e+09
  -1.3186e+09
  -1.3197e+09
  -1.3208e+09
  -1.3219e+09
  -1.3230e+09
  -1.3241e+09
  -1.3253e+09
  -1.3264e+09
  -1.3275e+09
  -1.3286e+09
  -1.3297e+09
  -1.3309e+09
  -1.3320e+09
  -1.3331e+09
  -1.3342e+09
  -1.3353e+09
  -1.3365e+09
  -1.3376e+09
  -1.3387e+09
  -1.3398e+09
  -1.3409e+09
  -1.3420e+09
  -1.3431e+09
  -1.3443e+09
  -1.3454e+09
  -1.3465e+09
  -1.3476e+09
  -1.3487e+09
  -1.3498e+09
  -1.3509e+09
  -1.3520e+09
  -1.3531e+09
  -1.3543e+09
  -1.3554e+09
  -1.3565e+09
  -1.3576e+09
  -1.3587e+09
  -1.3598e+09
  -1.3609e+09
  -1.3620e+09
  -1.3631e+09
  -1.3642e+09
  -1.3653e+09
  -1.3665e+09
  -1.3676e+09
  -1.3687e+09
  -1.3698e+09
  -1.3709e+09
  -1.3720e+09
  -1.3731e+09
  -1.3742e+09
  -1.3753e+09
  -1.3764e+09
  -1.3775e+09
  -1.3786e+09
  -1.3797e+09
  -1.3808e+09
  -1.3819e+09
  -1.3830e+09
  -1.3841e+09
  -1.3852e+09
  -1.3863e+09
  -1.3874e+09
  -1.3885e+09
  -1.3896e+09
  -1.3907e+09
  -1.3918e+09
  -1.3929e+09
  -1.3940e+09
  -1.3951e+09
  -1.3962e+09
  -1.3973e+09
  -1.3984e+09
  -1.3995e+09
  -1.4006e+09
  -1.4017e+09
  -1.4028e+09
  -1.4039e+09
  -1.4050e+09
  -1.4061e+09
  -1.4072e+09
  -1.4083e+09
  -1.4094e+09
  -1.4105e+09
  -1.4116e+09
  -1.4126e+09
  -1.4137e+09
  -1.4148e+09
  -1.4159e+09
  -1.4170e+09
  -1.4181e+09
  -1.4192e+09
  -1.4203e+09
  -1.4214e+09
  -1.4224e+09
  -1.4235e+09
  -1.4246e+09
  -1.4257e+09
  -1.4268e+09
  -1.4279e+09
  -1.4290e+09
  -1.4301e+09
  -1.4312e+09
  -1.4323e+09
  -1.4333e+09
  -1.4344e+09
  -1.4355e+09
  -1.4366e+09
  -1.4377e+09
  -1.4388e+09
  -1.4400e+09
  -1.4411e+09
  -1.4422e+09
  -1.4433e+09
  -1.4444e+09
  -1.4455e+09
  -1.4466e+09
  -1.4477e+09
  -1.4488e+09
  -1.4499e+09
  -1.4510e+09
  -1.4521e+09
  -1.4532e+09
  -1.4543e+09
  -1.4554e+09
  -1.4565e+09
  -1.4576e+09
  -1.4587e+09
  -1.4598e+09
  -1.4609e+09
  -1.4620e+09
  -1.4631e+09
  -1.4642e+09
  -1.4653e+09
  -1.4664e+09
  -1.4674e+09
  -1.4685e+09
  -1.4696e+09
  -1.4707e+09
  -1.4718e+09
  -1.4730e+09
  -1.4741e+09
  -1.4752e+09
  -1.4763e+09
  -1.4774e+09
  -1.4785e+09
  -1.4796e+09
  -1.4807e+09
  -1.4818e+09
  -1.4829e+09
  -1.4840e+09
  -1.4851e+09
  -1.4862e+09
  -1.4873e+09
  -1.4884e+09
  -1.4896e+09
  -1.4907e+09
  -1.4918e+09
  -1.4930e+09
  -1.4941e+09
  -1.4952e+09
  -1.4963e+09
  -1.4974e+09
  -1.4985e+09
  -1.4997e+09
  -1.5008e+09
  -1.5019e+09
  -1.5030e+09
  -1.5042e+09
  -1.5053e+09
  -1.5064e+09
  -1.5076e+09
  -1.5087e+09
  -1.5098e+09
  -1.5110e+09
  -1.5121e+09
  -1.5132e+09
  -1.5144e+09
  -1.5155e+09
  -1.5166e+09
  -1.5178e+09
  -1.5189e+09
  -1.5200e+09
  -1.5212e+09
  -1.5223e+09
  -1.5234e+09
  -1.5246e+09
  -1.5257e+09
  -1.5269e+09
  -1.5280e+09
  -1.5292e+09
  -1.5303e+09
  -1.5315e+09
  -1.5326e+09
  -1.5338e+09
  -1.5350e+09
  -1.5361e+09
  -1.5373e+09
  -1.5384e+09
  -1.5396e+09
  -1.5408e+09
  -1.5419e+09
  -1.5431e+09
  -1.5443e+09
  -1.5455e+09
  -1.5467e+09
  -1.5479e+09
  -1.5491e+09
  -1.5503e+09
  -1.5515e+09
  -1.5527e+09
  -1.5539e+09
  -1.5550e+09
  -1.5563e+09
  -1.5575e+09
  -1.5587e+09
  -1.5599e+09
  -1.5611e+09
  -1.5623e+09
  -1.5635e+09
  -1.5647e+09
  -1.5660e+09
  -1.5672e+09
  -1.5684e+09
  -1.5696e+09
  -1.5709e+09
  -1.5721e+09
  -1.5733e+09
  -1.5746e+09
  -1.5758e+09
  -1.5770e+09
  -1.5783e+09
  -1.5795e+09
  -1.5807e+09
  -1.5820e+09
  -1.5832e+09
  -1.5844e+09
  -1.5857e+09
  -1.5869e+09
  -1.5881e+09
  -1.5894e+09
  -1.5906e+09
  -1.5919e+09
  -1.5931e+09
  -1.5943e+09
  -1.5956e+09
  -1.5968e+09
  -1.5980e+09
  -1.5992e+09
  -1.6005e+09
  -1.6017e+09
  -1.6029e+09
  -1.6041e+09
  -1.6054e+09
  -1.6066e+09
  -1.6078e+09
  -1.6091e+09
  -1.6103e+09
  -1.6115e+09
  -1.6128e+09
  -1.6140e+09
  -1.6152e+09
  -1.6165e+09
  -1.6177e+09
  -1.6189e+09
  -1.6202e+09
  -1.6214e+09
  -1.6226e+09
  -1.6239e+09
  -1.6251e+09
  -1.6263e+09
  -1.6276e+09
  -1.6288e+09
  -1.6300e+09
  -1.6312e+09
  -1.6325e+09
  -1.6337e+09
  -1.6349e+09
  -1.6361e+09
  -1.6373e+09
  -1.6385e+09
  -1.6398e+09
  -1.6410e+09
  -1.6422e+09
  -1.6434e+09
  -1.6446e+09
  -1.6458e+09
  -1.6471e+09
  -1.6483e+09
  -1.6495e+09
  -1.6507e+09
  -1.6519e+09
  -1.6531e+09
  -1.6543e+09
  -1.6556e+09
  -1.6568e+09
  -1.6580e+09
  -1.6592e+09
  -1.6603e+09
  -1.6615e+09
  -1.6627e+09
  -1.6639e+09
  -1.6651e+09
  -1.6663e+09
  -1.6675e+09
  -1.6687e+09
  -1.6699e+09
  -1.6711e+09
  -1.6722e+09
  -1.6734e+09
  -1.6746e+09
  -1.6758e+09
  -1.6770e+09
  -1.6782e+09
  -1.6794e+09
  -1.6806e+09
  -1.6817e+09
  -1.6829e+09
  -1.6841e+09
  -1.6853e+09
  -1.6865e+09
  -1.6876e+09
  -1.6888e+09
  -1.6900e+09
  -1.6912e+09
  -1.6923e+09
  -1.6935e+09
  -1.6947e+09
  -1.6958e+09
  -1.6970e+09
  -1.6982e+09
  -1.6993e+09
  -1.7005e+09
  -1.7017e+09
  -1.7028e+09
  -1.7040e+09
  -1.7052e+09
  -1.7063e+09
  -1.7075e+09
  -1.7086e+09
  -1.7098e+09
  -1.7110e+09
  -1.7121e+09
  -1.7133e+09
  -1.7144e+09
  -1.7156e+09
  -1.7167e+09
  -1.7179e+09
  -1.7190e+09
  -1.7202e+09
  -1.7213e+09
  -1.7225e+09
  -1.7236e+09
  -1.7248e+09
  -1.7259e+09
  -1.7270e+09
  -1.7282e+09
  -1.7293e+09
  -1.7305e+09
  -1.7316e+09
  -1.7327e+09
  -1.7339e+09
  -1.7350e+09
  -1.7361e+09
  -1.7373e+09
  -1.7384e+09
  -1.7396e+09
  -1.7407e+09
  -1.7418e+09
  -1.7430e+09
  -1.7441e+09
  -1.7452e+09
  -1.7463e+09
  -1.7475e+09
  -1.7486e+09
  -1.7497e+09
  -1.7509e+09
  -1.7520e+09
  -1.7531e+09
  -1.7543e+09
  -1.7554e+09
  -1.7565e+09
  -1.7576e+09
  -1.7588e+09
  -1.7599e+09
  -1.7610e+09
  -1.7621e+09
  -1.7633e+09
  -1.7644e+09
  -1.7655e+09
  -1.7666e+09
  -1.7678e+09
  -1.7689e+09
  -1.7700e+09
  -1.7711e+09
  -1.7722e+09
  -1.7734e+09
  -1.7745e+09
  -1.7756e+09
  -1.7768e+09
  -1.7779e+09
  -1.7790e+09
  -1.7802e+09
  -1.7813e+09
  -1.7824e+09
  -1.7836e+09
  -1.7847e+09
  -1.7858e+09
  -1.7869e+09
  -1.7881e+09
  -1.7892e+09
  -1.7903e+09
  -1.7914e+09
  -1.7926e+09
  -1.7937e+09
  -1.7948e+09
  -1.7959e+09
  -1.7971e+09
  -1.7982e+09
  -1.7993e+09
  -1.8004e+09
  -1.8016e+09
  -1.8027e+09
  -1.8038e+09
  -1.8050e+09
  -1.8061e+09
  -1.8072e+09
  -1.8083e+09
  -1.8095e+09
  -1.8106e+09
  -1.8117e+09
  -1.8128e+09
  -1.8140e+09
  -1.8151e+09
  -1.8162e+09
  -1.8173e+09
  -1.8185e+09
  -1.8196e+09
  -1.8207e+09
  -1.8218e+09
  -1.8229e+09
  -1.8241e+09
  -1.8252e+09
  -1.8263e+09
  -1.8274e+09
  -1.8285e+09
  -1.8296e+09
  -1.8308e+09
  -1.8319e+09
  -1.8330e+09
  -1.8341e+09
  -1.8352e+09
  -1.8363e+09
  -1.8374e+09
  -1.8386e+09
  -1.8397e+09
  -1.8408e+09
  -1.8419e+09
  -1.8430e+09
  -1.8441e+09
  -1.8453e+09
  -1.8464e+09
  -1.8475e+09
  -1.8486e+09
  -1.8497e+09
  -1.8508e+09
  -1.8519e+09
  -1.8531e+09
  -1.8542e+09
  -1.8553e+09
  -1.8564e+09
  -1.8575e+09
  -1.8586e+09
  -1.8598e+09
  -1.8609e+09
  -1.8620e+09
  -1.8631e+09
  -1.8642e+09
  -1.8654e+09
  -1.8665e+09
  -1.8676e+09
  -1.8687e+09
  -1.8698e+09
  -1.8709e+09
  -1.8721e+09
  -1.8732e+09
  -1.8743e+09
  -1.8754e+09
  -1.8766e+09
  -1.8777e+09
  -1.8788e+09
  -1.8799e+09
  -1.8810e+09
  -1.8822e+09
  -1.8833e+09
  -1.8844e+09
  -1.8855e+09
  -1.8867e+09
  -1.8878e+09
  -1.8889e+09
  -1.8900e+09
  -1.8911e+09
  -1.8923e+09
  -1.8934e+09
  -1.8945e+09
  -1.8956e+09
  -1.8967e+09
  -1.8978e+09
  -1.8990e+09
  -1.9001e+09
  -1.9012e+09
  -1.9023e+09
  -1.9034e+09
  -1.9045e+09
  -1.9056e+09
  -1.9067e+09
  -1.9078e+09
  -1.9089e+09
  -1.9100e+09
  -1.9111e+09
  -1.9122e+09
  -1.9133e+09
  -1.9144e+09
  -1.9155e+09
  -1.9166e+09
  -1.9177e+09
  -1.9188e+09
  -1.9199e+09
  -1.9210e+09
  -1.9221e+09
  -1.9232e+09
  -1.9243e+09
  -1.9255e+09
  -1.9266e+09
  -1.9277e+09
  -1.9288e+09
  -1.9299e+09
  -1.9310e+09
  -1.9321e+09
  -1.9332e+09
  -1.9343e+09
  -1.9354e+09
  -1.9365e+09
  -1.9376e+09
  -1.9387e+09
  -1.9398e+09
  -1.9409e+09
  -1.9420e+09
  -1.9431e+09
  -1.9442e+09
  -1.9453e+09
  -1.9464e+09
  -1.9476e+09
  -1.9487e+09
  -1.9498e+09
  -1.9509e+09
  -1.9520e+09
  -1.9531e+09
  -1.9542e+09
  -1.9553e+09
  -1.9564e+09
  -1.9575e+09
  -1.9587e+09
  -1.9598e+09
  -1.9609e+09
  -1.9620e+09
  -1.9631e+09
  -1.9642e+09
  -1.9654e+09
  -1.9665e+09
  -1.9676e+09
  -1.9687e+09
  -1.9699e+09
  -1.9710e+09
  -1.9721e+09
  -1.9733e+09
  -1.9744e+09
  -1.9755e+09
  -1.9766e+09
  -1.9778e+09
  -1.9789e+09
  -1.9800e+09
  -1.9812e+09
  -1.9823e+09
  -1.9834e+09
  -1.9846e+09
  -1.9857e+09
  -1.9868e+09
  -1.9880e+09
  -1.9891e+09
  -1.9902e+09
  -1.9914e+09
  -1.9925e+09
  -1.9936e+09
  -1.9948e+09
  -1.9959e+09
  -1.9970e+09
  -1.9982e+09
  -1.9993e+09
  -2.0005e+09
  -2.0016e+09
  -2.0028e+09
  -2.0039e+09
  -2.0051e+09
  -2.0062e+09
  -2.0074e+09
  -2.0085e+09
  -2.0097e+09
  -2.0108e+09
  -2.0119e+09
  -2.0131e+09
  -2.0142e+09
  -2.0154e+09
  -2.0165e+09
  -2.0177e+09
  -2.0188e+09
  -2.0199e+09
  -2.0211e+09
  -2.0222e+09
  -2.0234e+09
  -2.0245e+09
  -2.0256e+09
  -2.0268e+09
  -2.0279e+09
  -2.0290e+09
  -2.0302e+09
  -2.0313e+09
  -2.0325e+09
  -2.0336e+09
  -2.0348e+09
  -2.0359e+09
  -2.0370e+09
  -2.0382e+09
  -2.0393e+09
  -2.0404e+09
  -2.0416e+09
  -2.0427e+09
  -2.0439e+09
  -2.0450e+09
  -2.0461e+09
  -2.0473e+09
  -2.0484e+09
  -2.0495e+09
  -2.0507e+09
  -2.0518e+09
  -2.0529e+09
  -2.0540e+09
  -2.0551e+09
  -2.0563e+09
  -2.0574e+09
  -2.0585e+09
  -2.0596e+09
  -2.0607e+09
  -2.0619e+09
  -2.0630e+09
  -2.0641e+09
  -2.0652e+09
  -2.0663e+09
  -2.0675e+09
  -2.0686e+09
  -2.0697e+09
  -2.0708e+09
  -2.0720e+09
  -2.0731e+09
  -2.0742e+09
  -2.0753e+09
  -2.0765e+09
  -2.0776e+09
  -2.0787e+09
  -2.0798e+09
  -2.0810e+09
  -2.0821e+09
  -2.0832e+09
  -2.0843e+09
  -2.0855e+09
  -2.0866e+09
  -2.0877e+09
  -2.0888e+09
  -2.0899e+09
  -2.0911e+09
  -2.0922e+09
  -2.0933e+09
  -2.0944e+09
  -2.0956e+09
  -2.0967e+09
  -2.0978e+09
  -2.0989e+09
  -2.1001e+09
  -2.1012e+09
  -2.1023e+09
  -2.1034e+09
  -2.1046e+09
  -2.1057e+09
  -2.1068e+09
  -2.1079e+09
  -2.1091e+09
  -2.1102e+09
  -2.1113e+09
  -2.1125e+09
  -2.1136e+09
  -2.1147e+09
  -2.1158e+09
  -2.1170e+09
  -2.1181e+09
  -2.1192e+09
  -2.1203e+09
  -2.1215e+09
  -2.1226e+09
  -2.1237e+09
  -2.1249e+09
  -2.1260e+09
  -2.1271e+09
  -2.1283e+09
  -2.1294e+09
  -2.1305e+09
  -2.1316e+09
  -2.1328e+09
  -2.1339e+09
  -2.1350e+09
  -2.1361e+09
  -2.1372e+09
  -2.1383e+09
  -2.1394e+09
  -2.1405e+09
  -2.1417e+09
  -2.1428e+09
  -2.1439e+09
  -2.1450e+09
  -2.1461e+09
  -2.1472e+09
  -2.1483e+09
  -2.1494e+09
  -2.1505e+09
  -2.1516e+09
  -2.1527e+09
  -2.1538e+09
  -2.1549e+09
  -2.1560e+09
  -2.1571e+09
  -2.1582e+09
  -2.1593e+09
  -2.1604e+09
  -2.1615e+09
  -2.1626e+09
  -2.1637e+09
  -2.1648e+09
  -2.1659e+09
  -2.1670e+09
  -2.1681e+09
  -2.1692e+09
  -2.1703e+09
  -2.1714e+09
  -2.1724e+09
  -2.1735e+09
  -2.1746e+09
  -2.1757e+09
  -2.1768e+09
  -2.1779e+09
  -2.1790e+09
  -2.1801e+09
  -2.1812e+09
  -2.1822e+09
  -2.1833e+09
  -2.1844e+09
  -2.1855e+09
  -2.1866e+09
  -2.1877e+09
  -2.1888e+09
  -2.1898e+09
  -2.1909e+09
  -2.1920e+09
  -2.1931e+09
  -2.1942e+09
  -2.1953e+09
  -2.1964e+09
  -2.1975e+09
  -2.1986e+09
  -2.1997e+09
  -2.2007e+09
  -2.2018e+09
  -2.2029e+09
  -2.2040e+09
  -2.2051e+09
  -2.2062e+09
  -2.2073e+09
  -2.2084e+09
  -2.2095e+09
  -2.2105e+09
  -2.2116e+09
  -2.2127e+09
  -2.2138e+09
  -2.2149e+09
  -2.2160e+09
  -2.2171e+09
  -2.2181e+09
  -2.2192e+09
  -2.2203e+09
  -2.2214e+09
  -2.2225e+09
  -2.2236e+09
  -2.2247e+09
  -2.2258e+09
  -2.2268e+09
  -2.2279e+09
  -2.2290e+09
  -2.2301e+09
  -2.2312e+09
  -2.2323e+09
  -2.2333e+09
  -2.2344e+09
  -2.2355e+09
  -2.2366e+09
  -2.2377e+09
  -2.2387e+09
  -2.2398e+09
  -2.2409e+09
  -2.2420e+09
  -2.2431e+09
  -2.2441e+09
  -2.2452e+09
  -2.2463e+09
  -2.2474e+09
  -2.2485e+09
  -2.2495e+09
  -2.2506e+09
  -2.2517e+09
  -2.2528e+09
  -2.2539e+09
  -2.2550e+09
  -2.2560e+09
  -2.2571e+09
  -2.2582e+09
  -2.2593e+09
  -2.2604e+09
  -2.2615e+09
  -2.2626e+09
  -2.2637e+09
  -2.2648e+09
  -2.2659e+09
  -2.2670e+09
  -2.2681e+09
  -2.2692e+09
  -2.2703e+09
  -2.2714e+09
  -2.2725e+09
  -2.2736e+09
  -2.2747e+09
  -2.2758e+09
  -2.2769e+09
  -2.2780e+09
  -2.2791e+09
  -2.2802e+09
  -2.2813e+09
  -2.2824e+09
  -2.2835e+09
  -2.2846e+09
  -2.2857e+09
  -2.2868e+09
  -2.2880e+09
  -2.2891e+09
  -2.2902e+09
  -2.2913e+09
  -2.2924e+09
  -2.2936e+09
  -2.2947e+09
  -2.2958e+09
  -2.2969e+09
  -2.2981e+09
  -2.2992e+09
  -2.3003e+09
  -2.3015e+09
  -2.3026e+09
  -2.3037e+09
  -2.3048e+09
  -2.3060e+09
  -2.3071e+09
  -2.3082e+09
  -2.3094e+09
  -2.3105e+09
  -2.3117e+09
  -2.3128e+09
  -2.3140e+09
  -2.3151e+09
  -2.3163e+09
  -2.3174e+09
  -2.3185e+09
  -2.3197e+09
  -2.3208e+09
  -2.3220e+09
  -2.3231e+09
  -2.3243e+09
  -2.3255e+09
  -2.3266e+09
  -2.3278e+09
  -2.3289e+09
  -2.3301e+09
  -2.3312e+09
  -2.3324e+09
  -2.3336e+09
  -2.3347e+09
  -2.3359e+09
  -2.3370e+09
  -2.3382e+09
  -2.3394e+09
  -2.3405e+09
  -2.3417e+09
  -2.3429e+09
  -2.3440e+09
  -2.3452e+09
  -2.3464e+09
  -2.3475e+09
  -2.3487e+09
  -2.3499e+09
  -2.3510e+09
  -2.3522e+09
  -2.3534e+09
  -2.3545e+09
  -2.3557e+09
  -2.3569e+09
  -2.3581e+09
  -2.3592e+09
  -2.3604e+09
  -2.3616e+09
  -2.3628e+09
  -2.3639e+09
  -2.3651e+09
  -2.3663e+09
  -2.3675e+09
  -2.3687e+09
  -2.3699e+09
  -2.3711e+09
  -2.3722e+09
  -2.3734e+09
  -2.3746e+09
  -2.3758e+09
  -2.3770e+09
  -2.3782e+09
  -2.3794e+09
  -2.3806e+09
  -2.3818e+09
  -2.3830e+09
  -2.3843e+09
  -2.3855e+09
  -2.3867e+09
  -2.3879e+09
  -2.3891e+09
  -2.3903e+09
  -2.3916e+09
  -2.3928e+09
  -2.3940e+09
  -2.3952e+09
  -2.3965e+09
  -2.3977e+09
  -2.3989e+09
  -2.4002e+09
  -2.4014e+09
  -2.4026e+09
  -2.4039e+09
  -2.4051e+09
  -2.4064e+09
  -2.4076e+09
  -2.4089e+09
  -2.4101e+09
  -2.4114e+09
  -2.4126e+09
  -2.4139e+09
  -2.4151e+09
  -2.4164e+09
  -2.4176e+09
  -2.4189e+09
  -2.4202e+09
  -2.4214e+09
  -2.4227e+09
  -2.4239e+09
  -2.4252e+09
  -2.4265e+09
  -2.4277e+09
  -2.4290e+09
  -2.4303e+09
  -2.4315e+09
  -2.4328e+09
  -2.4341e+09
  -2.4354e+09
  -2.4367e+09
  -2.4380e+09
  -2.4393e+09
  -2.4406e+09
  -2.4419e+09
  -2.4432e+09
  -2.4445e+09
  -2.4458e+09
  -2.4471e+09
  -2.4484e+09
  -2.4498e+09
  -2.4511e+09
  -2.4524e+09
  -2.4537e+09
  -2.4551e+09
  -2.4564e+09
  -2.4577e+09
  -2.4590e+09
  -2.4604e+09
  -2.4617e+09
  -2.4631e+09
  -2.4644e+09
  -2.4657e+09
  -2.4671e+09
  -2.4684e+09
  -2.4698e+09
  -2.4711e+09
  -2.4725e+09
  -2.4738e+09
  -2.4752e+09
  -2.4766e+09
  -2.4779e+09
  -2.4793e+09
  -2.4807e+09
  -2.4820e+09
  -2.4834e+09
  -2.4848e+09
  -2.4862e+09
  -2.4875e+09
  -2.4889e+09
  -2.4903e+09
  -2.4917e+09
  -2.4931e+09
  -2.4945e+09
  -2.4958e+09
  -2.4972e+09
  -2.4986e+09
  -2.5000e+09
  -2.5014e+09
  -2.5028e+09
  -2.5042e+09
  -2.5056e+09
  -2.5071e+09
  -2.5085e+09
  -2.5099e+09
  -2.5113e+09
  -2.5127e+09
  -2.5142e+09
  -2.5156e+09
  -2.5170e+09
  -2.5185e+09
  -2.5199e+09
  -2.5214e+09
  -2.5228e+09
  -2.5243e+09
  -2.5257e+09
  -2.5272e+09
  -2.5287e+09
  -2.5301e+09
  -2.5316e+09
  -2.5331e+09
  -2.5346e+09
  -2.5361e+09
  -2.5376e+09
  -2.5391e+09
  -2.5406e+09
  -2.5422e+09
  -2.5437e+09
  -2.5452e+09
  -2.5468e+09
  -2.5483e+09
  -2.5499e+09
  -2.5514e+09
  -2.5530e+09
  -2.5546e+09
  -2.5561e+09
  -2.5577e+09
  -2.5593e+09
  -2.5609e+09
  -2.5624e+09
  -2.5640e+09
  -2.5657e+09
  -2.5673e+09
  -2.5689e+09
  -2.5705e+09
  -2.5721e+09
  -2.5738e+09
  -2.5754e+09
  -2.5771e+09
  -2.5787e+09
  -2.5804e+09
  -2.5820e+09
  -2.5837e+09
  -2.5854e+09
  -2.5871e+09
  -2.5888e+09
  -2.5905e+09
  -2.5922e+09
  -2.5939e+09
  -2.5957e+09
