  -7.0209e+05
  -6.8932e+05
  -6.8943e+05
  -6.8940e+05
  -6.8741e+05
  -5.6018e+05
  -5.6029e+05
  -5.5774e+05
  -5.5761e+05
  -5.2934e+05
  -5.2930e+05
  -5.2109e+05
  -4.9537e+05
  -4.9542e+05
  -4.9410e+05
  -4.4951e+05
  -2.7602e+05
  -2.2681e+05
  -7.2107e+04
  -4.7295e+04
  -4.7683e+04
  -4.7791e+04
  -4.7361e+04
  -4.2653e+04
   2.5863e+03
   1.2554e+04
   2.0939e+04
   8.0539e+04
   9.5561e+04
   1.0594e+05
   1.5809e+05
   3.0321e+05
   5.2730e+05
   1.6428e+06
   3.8914e+06
   3.8942e+06
   3.9459e+06
   4.1517e+06
   4.2330e+06
   4.2325e+06
   4.2333e+06
   4.2325e+06
   4.2383e+06
   4.2416e+06
   4.2410e+06
   4.2403e+06
   4.2451e+06
   4.2443e+06
   4.2461e+06
   4.2900e+06
   4.2899e+06
   4.2962e+06
   4.3055e+06
   4.3150e+06
   4.3188e+06
   4.3374e+06
   4.3430e+06
   4.3427e+06
   4.3446e+06
   4.3433e+06
   4.4447e+06
   4.8227e+06
   4.9014e+06
   5.0182e+06
   5.0216e+06
   5.0230e+06
   5.0212e+06
   5.0213e+06
   5.0221e+06
   5.0313e+06
   5.0324e+06
   5.0304e+06
   5.0343e+06
   5.0340e+06
   5.0335e+06
   5.0358e+06
   5.0359e+06
   5.0542e+06
   5.0544e+06
   5.0636e+06
   5.0636e+06
   5.0716e+06
   5.1181e+06
   5.1162e+06
   5.1312e+06
   5.1293e+06
   5.1303e+06
   5.1302e+06
   5.1317e+06
   5.1303e+06
   5.1304e+06
   5.1317e+06
   5.1338e+06
   5.1286e+06
   5.1289e+06
   5.1315e+06
   5.1371e+06
   5.1368e+06
   5.1376e+06
   5.1378e+06
   5.1378e+06
   5.1330e+06
   5.1431e+06
   5.1414e+06
   5.1409e+06
   5.1403e+06
   5.1414e+06
   5.1851e+06
   5.3478e+06
   5.3456e+06
   5.3461e+06
   5.3484e+06
   5.3490e+06
   5.3505e+06
   5.3514e+06
   5.3534e+06
   5.3521e+06
   5.3499e+06
   5.3498e+06
   5.3521e+06
   5.3550e+06
   5.3643e+06
   5.3864e+06
   5.3876e+06
   5.3908e+06
   5.3921e+06
   5.3887e+06
   5.3889e+06
   5.3912e+06
   5.3885e+06
   5.3890e+06
   5.3861e+06
   5.3871e+06
   5.3866e+06
   5.3864e+06
   5.3865e+06
   5.3870e+06
   5.3845e+06
   5.3855e+06
   5.4035e+06
   5.4044e+06
   5.4036e+06
   5.3918e+06
   5.3967e+06
   5.3975e+06
   5.3945e+06
   5.3946e+06
   5.3949e+06
   5.3941e+06
   5.3982e+06
   5.4212e+06
   5.4255e+06
   5.4250e+06
   5.4238e+06
   5.4247e+06
   5.4264e+06
   5.4266e+06
   5.4255e+06
   5.4251e+06
   5.4253e+06
   5.4256e+06
   5.4245e+06
   5.4275e+06
   5.4445e+06
   5.4460e+06
   5.4499e+06
   5.4501e+06
   5.4510e+06
   5.4514e+06
   5.4504e+06
   5.4513e+06
   5.4535e+06
   5.4817e+06
   5.4805e+06
   5.4809e+06
   5.4811e+06
   5.4814e+06
   5.4806e+06
   5.4812e+06
   5.4813e+06
   5.4817e+06
   5.4810e+06
   5.4815e+06
   5.4830e+06
   5.4833e+06
   5.4823e+06
   5.4820e+06
   5.4847e+06
   5.4850e+06
   5.4841e+06
   5.4843e+06
   5.4845e+06
   5.4849e+06
   5.4840e+06
   5.4843e+06
   5.4845e+06
   5.4849e+06
   5.4840e+06
   5.4844e+06
   5.4845e+06
   5.4848e+06
   5.4840e+06
   5.4844e+06
   5.4845e+06
   5.4848e+06
   5.4839e+06
   5.4843e+06
   5.4844e+06
   5.4848e+06
   5.4839e+06
   5.4843e+06
   5.4843e+06
   5.4858e+06
   5.4849e+06
   5.4852e+06
   5.4853e+06
   5.4856e+06
   5.4848e+06
   5.4851e+06
   5.4853e+06
   5.4856e+06
   5.4847e+06
   5.4852e+06
   5.4853e+06
   5.4857e+06
   5.4848e+06
   5.4852e+06
   5.4853e+06
   5.4857e+06
   5.4858e+06
   5.4860e+06
   5.4860e+06
   5.4864e+06
   5.4856e+06
   5.4860e+06
   5.4860e+06
   5.4865e+06
   5.4864e+06
   5.4899e+06
   5.4897e+06
   5.4901e+06
   5.4893e+06
   5.4897e+06
   5.4897e+06
   5.4901e+06
   5.4893e+06
   5.4897e+06
   5.4897e+06
   5.4901e+06
   5.4893e+06
   5.4895e+06
   5.4905e+06
   5.4928e+06
   5.4934e+06
   5.5000e+06
   5.4999e+06
   5.5002e+06
   5.4994e+06
   5.4998e+06
   5.4998e+06
   5.5002e+06
   5.4994e+06
   5.4999e+06
   5.4998e+06
   5.5002e+06
   5.4994e+06
   5.4999e+06
   5.4998e+06
   5.5003e+06
   5.4995e+06
   5.4999e+06
   5.4998e+06
   5.5003e+06
   5.4994e+06
   5.4998e+06
   5.4998e+06
   5.5003e+06
   5.4994e+06
   5.4999e+06
   5.4998e+06
   5.5003e+06
   5.4995e+06
   5.4999e+06
   5.4999e+06
   5.5003e+06
   5.4994e+06
   5.4998e+06
   5.4999e+06
   5.5003e+06
   5.4995e+06
   5.4999e+06
   5.4999e+06
   5.5003e+06
   5.4994e+06
   5.4998e+06
   5.4999e+06
   5.5003e+06
   5.4994e+06
   5.4999e+06
   5.4998e+06
   5.5003e+06
   5.4994e+06
   5.4999e+06
   5.4998e+06
   5.5003e+06
   5.4994e+06
   5.4998e+06
   5.4997e+06
   5.5003e+06
   5.4994e+06
   5.4998e+06
   5.4998e+06
   5.5002e+06
   5.4994e+06
   5.4999e+06
   5.4998e+06
   5.5002e+06
   5.4995e+06
   5.4999e+06
   5.4999e+06
   5.5002e+06
   5.4995e+06
   5.4999e+06
   5.4999e+06
   5.5002e+06
   5.4995e+06
   5.4999e+06
   5.4999e+06
   5.5003e+06
   5.5006e+06
   5.5046e+06
   5.5044e+06
   5.5047e+06
   5.5038e+06
   5.5043e+06
   5.5044e+06
   5.5048e+06
   5.5040e+06
   5.5044e+06
   5.5044e+06
   5.5048e+06
   5.5040e+06
   5.5044e+06
   5.5044e+06
   5.5048e+06
   5.5040e+06
   5.5044e+06
   5.5044e+06
   5.5048e+06
   5.5040e+06
   5.5044e+06
   5.5044e+06
   5.5048e+06
   5.5041e+06
   5.5044e+06
   5.5044e+06
   5.5048e+06
   5.5041e+06
   5.5044e+06
   5.5045e+06
   5.5048e+06
   5.5041e+06
   5.5044e+06
   5.5045e+06
   5.5048e+06
   5.5041e+06
   5.5044e+06
   5.5044e+06
   5.5047e+06
   5.5041e+06
   5.5044e+06
   5.5045e+06
   5.5134e+06
   5.5429e+06
   5.5432e+06
   5.5432e+06
   5.5435e+06
   5.5428e+06
   5.5431e+06
   5.5432e+06
   5.5435e+06
   5.5428e+06
   5.5432e+06
   5.5432e+06
   5.5435e+06
   5.5428e+06
   5.5432e+06
   5.5432e+06
   5.5435e+06
   5.5428e+06
   5.5432e+06
   5.5432e+06
   5.5435e+06
   5.5428e+06
   5.5432e+06
   5.5432e+06
   5.5435e+06
   5.5429e+06
   5.5432e+06
   5.5432e+06
   5.5435e+06
   5.5428e+06
   5.5431e+06
   5.5432e+06
   5.5435e+06
   5.5428e+06
   5.5431e+06
   5.5432e+06
   5.5435e+06
   5.5428e+06
   5.5431e+06
   5.5432e+06
   5.5435e+06
   5.5428e+06
   5.5431e+06
   5.5432e+06
   5.5435e+06
   5.5428e+06
   5.5431e+06
   5.5432e+06
   5.5435e+06
   5.5428e+06
   5.5431e+06
   5.5432e+06
   5.5435e+06
   5.5429e+06
   5.5432e+06
   5.5432e+06
   5.5435e+06
   5.5429e+06
   5.5432e+06
   5.5433e+06
   5.5435e+06
   5.5429e+06
   5.5432e+06
   5.5433e+06
   5.5435e+06
   5.5429e+06
   5.5432e+06
   5.5433e+06
   5.5435e+06
   5.5429e+06
   5.5432e+06
   5.5433e+06
   5.5435e+06
   5.5430e+06
   5.5432e+06
   5.5433e+06
   5.5435e+06
   5.5430e+06
   5.5432e+06
   5.5433e+06
   5.5436e+06
   5.5430e+06
   5.5432e+06
   5.5433e+06
   5.5436e+06
   5.5430e+06
   5.5432e+06
   5.5433e+06
   5.5435e+06
   5.5430e+06
   5.5432e+06
   5.5433e+06
   5.5435e+06
   5.5431e+06
   5.5460e+06
   5.5564e+06
   5.5565e+06
   5.5560e+06
   5.5562e+06
   5.5563e+06
   5.5565e+06
   5.5560e+06
   5.5562e+06
   5.5563e+06
   5.5565e+06
   5.5560e+06
   5.5562e+06
   5.5563e+06
   5.5565e+06
   5.5560e+06
   5.5562e+06
   5.5563e+06
   5.5565e+06
   5.5561e+06
   5.5562e+06
   5.5564e+06
   5.5565e+06
   5.5561e+06
   5.5563e+06
   5.5564e+06
   5.5566e+06
   5.5561e+06
   5.5572e+06
   5.5639e+06
   5.5640e+06
   5.5635e+06
   5.5637e+06
   5.5638e+06
   5.5640e+06
   5.5635e+06
   5.5637e+06
   5.5638e+06
   5.5640e+06
   5.5635e+06
   5.5637e+06
   5.5637e+06
   5.5638e+06
   5.5633e+06
   5.5636e+06
   5.5638e+06
   5.5640e+06
   5.5636e+06
   5.5638e+06
   5.5639e+06
   5.5640e+06
   5.5636e+06
   5.5637e+06
   5.5638e+06
   5.5640e+06
   5.5635e+06
   5.5637e+06
   5.5638e+06
   5.5640e+06
   5.5635e+06
   5.5637e+06
   5.5638e+06
   5.5640e+06
   5.5635e+06
   5.5637e+06
   5.5638e+06
   5.5640e+06
   5.5635e+06
   5.5637e+06
   5.5638e+06
   5.5640e+06
   5.5635e+06
   5.5637e+06
   5.5638e+06
   5.5640e+06
   5.5635e+06
   5.5637e+06
   5.5638e+06
   5.5640e+06
   5.5637e+06
   5.5626e+06
   5.5653e+06
   5.5653e+06
   5.5648e+06
   5.5650e+06
   5.5651e+06
   5.5653e+06
   5.5648e+06
   5.5650e+06
   5.5652e+06
   5.9695e+06
