  -3.1917e-10
  -3.1914e-10
  -3.1912e-10
  -3.1910e-10
  -3.1907e-10
  -3.1904e-10
  -3.1901e-10
  -3.1898e-10
  -3.1895e-10
  -3.1891e-10
  -3.1888e-10
  -3.1884e-10
  -3.1879e-10
  -3.1875e-10
  -3.1871e-10
  -3.1866e-10
  -3.1861e-10
  -3.1857e-10
  -3.1852e-10
  -3.1847e-10
  -3.1842e-10
  -3.1838e-10
  -3.1833e-10
  -3.1829e-10
  -3.1824e-10
  -3.1820e-10
  -3.1816e-10
  -3.1812e-10
  -3.1808e-10
  -3.1804e-10
  -3.1801e-10
  -3.1798e-10
  -3.1795e-10
  -3.1792e-10
  -3.1789e-10
  -3.1786e-10
  -3.1784e-10
  -3.1781e-10
  -3.1779e-10
  -3.1777e-10
  -3.1775e-10
  -3.1773e-10
  -3.1772e-10
  -3.1770e-10
  -3.1769e-10
  -3.1767e-10
  -3.1766e-10
  -3.1764e-10
  -3.1763e-10
  -3.1762e-10
  -3.1760e-10
  -3.1759e-10
  -3.1757e-10
  -3.1755e-10
  -3.1753e-10
  -3.1751e-10
  -3.1749e-10
  -3.1747e-10
  -3.1744e-10
  -3.1741e-10
  -3.1738e-10
  -3.1735e-10
  -3.1731e-10
  -3.1728e-10
  -3.1724e-10
  -3.1719e-10
  -3.1715e-10
  -3.1711e-10
  -3.1706e-10
  -3.1702e-10
  -3.1697e-10
  -3.1692e-10
  -3.1688e-10
  -3.1683e-10
  -3.1679e-10
  -3.1674e-10
  -3.1670e-10
  -3.1665e-10
  -3.1661e-10
  -3.1657e-10
  -3.1653e-10
  -3.1650e-10
  -3.1646e-10
  -3.1643e-10
  -3.1640e-10
  -3.1637e-10
  -3.1634e-10
  -3.1631e-10
  -3.1629e-10
  -3.1626e-10
  -3.1624e-10
  -3.1622e-10
  -3.1620e-10
  -3.1618e-10
  -3.1616e-10
  -3.1615e-10
  -3.1613e-10
  -3.1612e-10
  -3.1610e-10
  -3.1609e-10
  -3.1608e-10
