  -3.1917e-10
  -3.1916e-10
  -3.1916e-10
  -3.1915e-10
  -3.1913e-10
  -3.1921e-10
  -3.1917e-10
  -3.1899e-10
  -3.1870e-10
  -3.1827e-10
  -3.1773e-10
  -3.1705e-10
  -3.1626e-10
  -3.1535e-10
  -3.1431e-10
  -3.1316e-10
  -3.1190e-10
  -3.1052e-10
  -3.0903e-10
  -3.0743e-10
  -3.0573e-10
  -3.0393e-10
  -3.0202e-10
  -3.0002e-10
  -2.9793e-10
  -2.9575e-10
  -2.9348e-10
  -2.9113e-10
  -2.8871e-10
  -2.8620e-10
  -2.8363e-10
  -2.8098e-10
  -2.7827e-10
  -2.7550e-10
  -2.7267e-10
  -2.6979e-10
  -2.6686e-10
  -2.6387e-10
  -2.6085e-10
  -2.5778e-10
  -2.5468e-10
  -2.5154e-10
  -2.4837e-10
  -2.4518e-10
  -2.4195e-10
  -2.3871e-10
  -2.3544e-10
  -2.3216e-10
  -2.2886e-10
  -2.2556e-10
  -2.2224e-10
  -2.1891e-10
  -2.1558e-10
  -2.1224e-10
  -2.0891e-10
  -2.0557e-10
  -2.0224e-10
  -1.9891e-10
  -1.9559e-10
  -1.9227e-10
  -1.8897e-10
  -1.8567e-10
  -1.8239e-10
  -1.7912e-10
  -1.7586e-10
  -1.7262e-10
  -1.6939e-10
  -1.6618e-10
  -1.6299e-10
  -1.5981e-10
  -1.5666e-10
  -1.5353e-10
  -1.5041e-10
  -1.4732e-10
  -1.4425e-10
  -1.4121e-10
  -1.3818e-10
  -1.3518e-10
  -1.3220e-10
  -1.2925e-10
  -1.2632e-10
  -1.2342e-10
  -1.2054e-10
  -1.1768e-10
  -1.1485e-10
  -1.1205e-10
  -1.0927e-10
  -1.0651e-10
  -1.0379e-10
  -1.0108e-10
  -9.8405e-11
  -9.5753e-11
  -9.3127e-11
  -9.0526e-11
  -8.7950e-11
  -8.5400e-11
  -8.2875e-11
  -8.0375e-11
  -7.7900e-11
  -7.5450e-11
  -7.3025e-11
  -7.0624e-11
  -6.8248e-11
  -6.5896e-11
  -6.3568e-11
  -6.1264e-11
  -5.8984e-11
  -5.6728e-11
  -5.4494e-11
  -5.2284e-11
  -5.0097e-11
  -4.7933e-11
  -4.5791e-11
  -4.3672e-11
  -4.1575e-11
  -3.9499e-11
  -3.7446e-11
  -3.5413e-11
  -3.3402e-11
  -3.1412e-11
  -2.9443e-11
  -2.7495e-11
  -2.5567e-11
  -2.3659e-11
  -2.1770e-11
  -1.9902e-11
  -1.8053e-11
  -1.6223e-11
  -1.4412e-11
  -1.2620e-11
  -1.0848e-11
  -9.0942e-12
  -7.3594e-12
  -5.6433e-12
  -3.9457e-12
  -2.2662e-12
  -6.0485e-13
   1.0387e-12
   2.6646e-12
   4.2732e-12
   5.8645e-12
   7.4387e-12
   8.9962e-12
   1.0537e-11
   1.2061e-11
   1.3570e-11
   1.5062e-11
   1.6538e-11
   1.7999e-11
   1.9444e-11
   2.0874e-11
   2.2288e-11
   2.3688e-11
   2.5073e-11
   2.6444e-11
   2.7800e-11
   2.9142e-11
   3.0469e-11
   3.1783e-11
   3.3084e-11
   3.4370e-11
   3.5667e-11
   3.6952e-11
   3.8224e-11
   3.9484e-11
   4.0733e-11
   4.1969e-11
   4.3194e-11
   4.4407e-11
   4.5608e-11
   4.6799e-11
   4.7978e-11
   4.9147e-11
   5.0304e-11
   5.1451e-11
   5.2587e-11
   5.3713e-11
   5.4829e-11
   5.5934e-11
   5.7029e-11
   5.8115e-11
   5.9190e-11
   6.0256e-11
   6.1312e-11
   6.2359e-11
   6.3396e-11
   6.4424e-11
   6.5443e-11
   6.6453e-11
   6.7455e-11
   6.8447e-11
   6.9431e-11
   7.0406e-11
   7.1372e-11
   7.2331e-11
   7.3280e-11
   7.4222e-11
   7.5156e-11
   7.6082e-11
   7.6999e-11
   7.7909e-11
   7.8812e-11
   7.9706e-11
   8.0593e-11
   8.1473e-11
   8.2345e-11
   8.3210e-11
   8.4068e-11
   8.4919e-11
   8.5763e-11
   8.6600e-11
   8.7429e-11
   8.8253e-11
   8.9069e-11
   8.9879e-11
   9.0682e-11
   9.1479e-11
   9.2269e-11
   9.3053e-11
   9.3831e-11
   9.4603e-11
   9.5368e-11
   9.6128e-11
   9.6881e-11
   9.7629e-11
   9.8370e-11
   9.9106e-11
   9.9836e-11
   1.0056e-10
   1.0128e-10
   1.0199e-10
   1.0270e-10
   1.0340e-10
   1.0410e-10
   1.0479e-10
   1.0548e-10
   1.0616e-10
   1.0684e-10
   1.0751e-10
   1.0817e-10
   1.0884e-10
   1.0949e-10
   1.1014e-10
   1.1079e-10
   1.1143e-10
   1.1207e-10
   1.1270e-10
   1.1333e-10
   1.1395e-10
   1.1457e-10
   1.1519e-10
   1.1579e-10
   1.1640e-10
   1.1700e-10
   1.1760e-10
   1.1819e-10
   1.1878e-10
   1.1936e-10
   1.1994e-10
   1.2052e-10
   1.2109e-10
   1.2166e-10
   1.2222e-10
   1.2278e-10
   1.2333e-10
   1.2389e-10
   1.2443e-10
   1.2497e-10
   1.2551e-10
   1.2605e-10
   1.2658e-10
   1.2711e-10
   1.2763e-10
   1.2815e-10
   1.2867e-10
   1.2918e-10
   1.2969e-10
   1.3019e-10
   1.3069e-10
   1.3119e-10
   1.3169e-10
   1.3218e-10
   1.3267e-10
   1.3315e-10
   1.3363e-10
   1.3411e-10
   1.3458e-10
   1.3505e-10
   1.3552e-10
   1.3599e-10
   1.3645e-10
   1.3690e-10
   1.3736e-10
   1.3781e-10
   1.3826e-10
   1.3871e-10
   1.3915e-10
   1.3959e-10
   1.4003e-10
   1.4046e-10
   1.4089e-10
   1.4132e-10
   1.4174e-10
   1.4217e-10
   1.4259e-10
   1.4300e-10
   1.4342e-10
   1.4383e-10
   1.4424e-10
   1.4464e-10
   1.4505e-10
   1.4545e-10
   1.4584e-10
   1.4624e-10
   1.4663e-10
   1.4702e-10
   1.4741e-10
   1.4779e-10
   1.4818e-10
   1.4856e-10
   1.4894e-10
   1.4931e-10
   1.4968e-10
   1.5005e-10
   1.5042e-10
   1.5079e-10
   1.5115e-10
   1.5151e-10
   1.5187e-10
   1.5223e-10
   1.5258e-10
   1.5294e-10
   1.5329e-10
   1.5363e-10
   1.5398e-10
   1.5432e-10
   1.5466e-10
   1.5500e-10
   1.5534e-10
   1.5568e-10
   1.5601e-10
   1.5634e-10
   1.5667e-10
   1.5700e-10
   1.5732e-10
   1.5764e-10
   1.5796e-10
   1.5828e-10
   1.5860e-10
   1.5892e-10
   1.5923e-10
   1.5954e-10
   1.5985e-10
   1.6016e-10
   1.6046e-10
   1.6077e-10
   1.6107e-10
   1.6137e-10
   1.6167e-10
   1.6196e-10
   1.6226e-10
   1.6255e-10
   1.6284e-10
   1.6313e-10
   1.6342e-10
   1.6371e-10
   1.6399e-10
   1.6428e-10
   1.6456e-10
   1.6484e-10
   1.6512e-10
   1.6539e-10
   1.6567e-10
   1.6594e-10
   1.6621e-10
   1.6648e-10
   1.6675e-10
   1.6702e-10
   1.6728e-10
   1.6755e-10
   1.6781e-10
   1.6807e-10
   1.6833e-10
   1.6859e-10
   1.6884e-10
   1.6912e-10
   1.6939e-10
   1.6966e-10
   1.6993e-10
   1.7019e-10
   1.7046e-10
   1.7073e-10
   1.7099e-10
   1.7125e-10
   1.7151e-10
   1.7177e-10
   1.7203e-10
   1.7229e-10
   1.7254e-10
   1.7280e-10
   1.7305e-10
   1.7330e-10
   1.7355e-10
   1.7380e-10
   1.7405e-10
   1.7429e-10
   1.7454e-10
   1.7478e-10
   1.7503e-10
   1.7527e-10
   1.7551e-10
   1.7575e-10
   1.7599e-10
   1.7622e-10
   1.7646e-10
   1.7669e-10
   1.7693e-10
   1.7716e-10
   1.7739e-10
   1.7762e-10
   1.7785e-10
   1.7808e-10
   1.7830e-10
   1.7853e-10
   1.7875e-10
   1.7898e-10
   1.7920e-10
   1.7942e-10
   1.7964e-10
   1.7986e-10
   1.8008e-10
   1.8029e-10
   1.8051e-10
   1.8072e-10
   1.8094e-10
   1.8115e-10
   1.8136e-10
   1.8157e-10
   1.8178e-10
   1.8199e-10
   1.8220e-10
   1.8241e-10
   1.8261e-10
   1.8282e-10
   1.8302e-10
   1.8322e-10
   1.8343e-10
   1.8363e-10
   1.8383e-10
   1.8403e-10
   1.8423e-10
   1.8442e-10
   1.8462e-10
   1.8481e-10
   1.8501e-10
   1.8520e-10
   1.8540e-10
   1.8559e-10
   1.8578e-10
   1.8597e-10
   1.8616e-10
   1.8635e-10
   1.8654e-10
   1.8672e-10
   1.8691e-10
   1.8709e-10
   1.8728e-10
   1.8746e-10
   1.8764e-10
   1.8783e-10
   1.8801e-10
   1.8819e-10
   1.8837e-10
   1.8855e-10
   1.8872e-10
   1.8890e-10
   1.8908e-10
   1.8925e-10
   1.8943e-10
   1.8960e-10
   1.8977e-10
   1.8995e-10
   1.9012e-10
   1.9029e-10
   1.9046e-10
   1.9063e-10
   1.9080e-10
   1.9096e-10
   1.9113e-10
   1.9130e-10
   1.9146e-10
   1.9163e-10
   1.9179e-10
   1.9196e-10
   1.9212e-10
   1.9228e-10
   1.9244e-10
   1.9260e-10
   1.9276e-10
   1.9292e-10
   1.9308e-10
   1.9324e-10
   1.9340e-10
   1.9355e-10
   1.9371e-10
   1.9387e-10
   1.9402e-10
   1.9417e-10
   1.9433e-10
   1.9448e-10
   1.9463e-10
   1.9478e-10
   1.9493e-10
