  -3.1917e-10
  -3.1917e-10
  -3.1918e-10
  -3.1913e-10
  -3.1913e-10
  -3.1913e-10
  -3.1913e-10
  -3.1913e-10
  -3.1913e-10
  -3.1913e-10
  -3.1913e-10
  -3.1913e-10
  -3.1913e-10
  -3.1913e-10
  -3.1913e-10
  -3.1913e-10
  -3.1913e-10
  -3.1913e-10
  -3.1913e-10
  -3.1913e-10
  -3.1913e-10
  -3.1913e-10
  -3.1913e-10
  -3.1914e-10
  -3.1914e-10
  -3.1914e-10
  -3.1914e-10
  -3.1914e-10
  -3.1914e-10
  -3.1914e-10
  -3.1914e-10
  -3.1914e-10
  -3.1914e-10
  -3.1914e-10
  -3.1914e-10
  -3.1914e-10
  -3.1914e-10
  -3.1914e-10
  -3.1914e-10
  -3.1914e-10
  -3.1914e-10
  -3.1914e-10
  -3.1914e-10
  -3.1914e-10
  -3.1914e-10
  -3.1914e-10
  -3.1914e-10
  -3.1914e-10
  -3.1914e-10
  -3.1914e-10
  -3.1914e-10
  -3.1914e-10
  -3.1914e-10
  -3.1914e-10
  -3.1914e-10
  -3.1914e-10
  -3.1914e-10
  -3.1914e-10
  -3.1914e-10
  -3.1914e-10
  -3.1914e-10
  -3.1914e-10
  -3.1914e-10
  -3.1914e-10
  -3.1914e-10
  -3.1914e-10
  -3.1914e-10
  -3.1914e-10
  -3.1914e-10
  -3.1914e-10
  -3.1914e-10
  -3.1914e-10
  -3.1914e-10
  -3.1914e-10
  -3.1914e-10
  -3.1914e-10
  -3.1914e-10
  -3.1914e-10
  -3.1914e-10
  -3.1914e-10
  -3.1914e-10
  -3.1914e-10
  -3.1914e-10
  -3.1914e-10
  -3.1914e-10
  -3.1914e-10
  -3.1914e-10
  -3.1914e-10
  -3.1914e-10
  -3.1914e-10
  -3.1914e-10
  -3.1914e-10
  -3.1914e-10
  -3.1914e-10
  -3.1914e-10
  -3.1914e-10
  -3.1914e-10
  -3.1914e-10
  -3.1914e-10
  -3.1914e-10
  -3.1914e-10
