  -3.1917e-10
  -3.1916e-10
  -3.1916e-10
  -3.1915e-10
  -3.1913e-10
  -3.1922e-10
  -3.1916e-10
  -3.1896e-10
  -3.1861e-10
  -3.1813e-10
  -3.1750e-10
  -3.1673e-10
  -3.1582e-10
  -3.1478e-10
  -3.1360e-10
  -3.1229e-10
  -3.1084e-10
  -3.0928e-10
  -3.0758e-10
  -3.0577e-10
  -3.0383e-10
  -3.0178e-10
  -2.9962e-10
  -2.9736e-10
  -2.9499e-10
  -2.9252e-10
  -2.8995e-10
  -2.8730e-10
  -2.8456e-10
  -2.8173e-10
  -2.7882e-10
  -2.7584e-10
  -2.7279e-10
  -2.6968e-10
  -2.6650e-10
  -2.6326e-10
  -2.5997e-10
  -2.5663e-10
  -2.5324e-10
  -2.4981e-10
  -2.4633e-10
  -2.4283e-10
  -2.3929e-10
  -2.3573e-10
  -2.3213e-10
  -2.2852e-10
  -2.2489e-10
  -2.2124e-10
  -2.1758e-10
  -2.1391e-10
  -2.1023e-10
  -2.0655e-10
  -2.0286e-10
  -1.9917e-10
  -1.9549e-10
  -1.9181e-10
  -1.8813e-10
  -1.8446e-10
  -1.8080e-10
  -1.7716e-10
  -1.7352e-10
  -1.6990e-10
  -1.6630e-10
  -1.6271e-10
  -1.5914e-10
  -1.5559e-10
  -1.5205e-10
  -1.4854e-10
  -1.4506e-10
  -1.4159e-10
  -1.3815e-10
  -1.3473e-10
  -1.3134e-10
  -1.2798e-10
  -1.2463e-10
  -1.2132e-10
  -1.1803e-10
  -1.1478e-10
  -1.1154e-10
  -1.0834e-10
  -1.0517e-10
  -1.0202e-10
  -9.8902e-11
  -9.5813e-11
  -9.2753e-11
  -8.9722e-11
  -8.6720e-11
  -8.3747e-11
  -8.0804e-11
  -7.7889e-11
  -7.5004e-11
  -7.2147e-11
  -6.9319e-11
  -6.6521e-11
  -6.3750e-11
  -6.1009e-11
  -5.8296e-11
  -5.5611e-11
  -5.2954e-11
  -5.0326e-11
  -4.7725e-11
  -4.5151e-11
  -4.2605e-11
  -4.0086e-11
  -3.7594e-11
  -3.5128e-11
  -3.2689e-11
  -3.0276e-11
  -2.7890e-11
  -2.5528e-11
  -2.3193e-11
  -2.0882e-11
  -1.8597e-11
  -1.6336e-11
  -1.4100e-11
  -1.1887e-11
  -9.6990e-12
  -7.5344e-12
  -5.3931e-12
  -3.2750e-12
  -1.1797e-12
   8.9293e-13
   2.9433e-12
   4.9715e-12
   6.9780e-12
   8.9629e-12
   1.0927e-11
   1.2869e-11
   1.4791e-11
   1.6692e-11
   1.8573e-11
   2.0434e-11
   2.2276e-11
   2.4097e-11
   2.5900e-11
   2.7683e-11
   2.9448e-11
   3.1194e-11
   3.2922e-11
   3.4631e-11
   3.6323e-11
   3.7998e-11
   3.9654e-11
   4.1294e-11
   4.2917e-11
   4.4523e-11
   4.6112e-11
   4.7685e-11
   4.9242e-11
   5.0784e-11
   5.2309e-11
   5.3819e-11
   5.5314e-11
   5.6794e-11
   5.8259e-11
   5.9709e-11
   6.1144e-11
   6.2566e-11
   6.3973e-11
   6.5366e-11
   6.6746e-11
   6.8112e-11
   6.9464e-11
   7.0804e-11
   7.2130e-11
   7.3443e-11
   7.4744e-11
   7.6032e-11
   7.7308e-11
   7.8571e-11
   7.9823e-11
   8.1062e-11
   8.2290e-11
   8.3506e-11
   8.4710e-11
   8.5904e-11
   8.7086e-11
   8.8257e-11
   8.9417e-11
   9.0566e-11
   9.1705e-11
   9.2833e-11
   9.3951e-11
   9.5058e-11
   9.6156e-11
   9.7243e-11
   9.8321e-11
   9.9389e-11
   1.0045e-10
   1.0150e-10
   1.0254e-10
   1.0357e-10
   1.0459e-10
   1.0560e-10
   1.0660e-10
   1.0760e-10
   1.0858e-10
   1.0956e-10
   1.1053e-10
   1.1149e-10
   1.1244e-10
   1.1338e-10
   1.1432e-10
   1.1524e-10
   1.1616e-10
   1.1708e-10
   1.1798e-10
   1.1888e-10
   1.1976e-10
   1.2065e-10
   1.2152e-10
   1.2239e-10
   1.2325e-10
   1.2410e-10
   1.2494e-10
   1.2578e-10
   1.2661e-10
   1.2744e-10
   1.2826e-10
   1.2907e-10
   1.2987e-10
   1.3067e-10
   1.3146e-10
   1.3225e-10
   1.3303e-10
   1.3380e-10
   1.3457e-10
   1.3533e-10
   1.3608e-10
   1.3683e-10
   1.3758e-10
   1.3831e-10
   1.3904e-10
   1.3977e-10
   1.4049e-10
   1.4121e-10
   1.4192e-10
   1.4262e-10
   1.4332e-10
   1.4401e-10
   1.4470e-10
   1.4538e-10
   1.4606e-10
   1.4673e-10
   1.4740e-10
   1.4806e-10
   1.4872e-10
   1.4937e-10
   1.5002e-10
   1.5067e-10
   1.5130e-10
   1.5194e-10
   1.5257e-10
   1.5319e-10
   1.5381e-10
   1.5443e-10
   1.5504e-10
   1.5561e-10
   1.5618e-10
   1.5675e-10
   1.5731e-10
   1.5786e-10
   1.5841e-10
   1.5896e-10
   1.5951e-10
   1.6005e-10
   1.6058e-10
   1.6111e-10
   1.6164e-10
   1.6216e-10
   1.6268e-10
   1.6320e-10
   1.6371e-10
   1.6422e-10
   1.6473e-10
   1.6523e-10
   1.6573e-10
   1.6622e-10
   1.6671e-10
   1.6720e-10
   1.6768e-10
   1.6816e-10
   1.6864e-10
   1.6911e-10
   1.6958e-10
   1.7005e-10
   1.7051e-10
   1.7097e-10
   1.7143e-10
   1.7188e-10
   1.7234e-10
   1.7278e-10
   1.7323e-10
   1.7367e-10
   1.7411e-10
   1.7454e-10
   1.7498e-10
   1.7540e-10
   1.7583e-10
   1.7626e-10
   1.7668e-10
   1.7709e-10
   1.7751e-10
   1.7792e-10
   1.7833e-10
   1.7874e-10
   1.7914e-10
   1.7954e-10
   1.7994e-10
   1.8034e-10
   1.8073e-10
   1.8112e-10
   1.8151e-10
   1.8190e-10
   1.8228e-10
   1.8266e-10
   1.8304e-10
   1.8341e-10
   1.8379e-10
   1.8416e-10
   1.8453e-10
   1.8489e-10
   1.8526e-10
   1.8562e-10
   1.8598e-10
   1.8633e-10
   1.8669e-10
   1.8704e-10
   1.8739e-10
   1.8774e-10
   1.8808e-10
   1.8843e-10
   1.8877e-10
   1.8911e-10
   1.8944e-10
   1.8978e-10
   1.9011e-10
   1.9044e-10
   1.9077e-10
   1.9110e-10
   1.9142e-10
   1.9174e-10
   1.9206e-10
   1.9238e-10
   1.9270e-10
   1.9301e-10
   1.9333e-10
   1.9364e-10
   1.9394e-10
   1.9425e-10
   1.9456e-10
   1.9486e-10
   1.9516e-10
   1.9546e-10
   1.9576e-10
   1.9605e-10
   1.9635e-10
   1.9664e-10
   1.9693e-10
   1.9722e-10
   1.9751e-10
   1.9779e-10
   1.9808e-10
   1.9836e-10
   1.9864e-10
   1.9892e-10
   1.9920e-10
   1.9947e-10
   1.9974e-10
   2.0002e-10
   2.0029e-10
   2.0056e-10
   2.0082e-10
   2.0109e-10
   2.0135e-10
   2.0162e-10
   2.0188e-10
   2.0214e-10
   2.0240e-10
   2.0265e-10
   2.0291e-10
   2.0316e-10
   2.0342e-10
   2.0367e-10
   2.0392e-10
   2.0418e-10
   2.0444e-10
   2.0470e-10
   2.0496e-10
   2.0522e-10
   2.0548e-10
   2.0573e-10
   2.0599e-10
   2.0624e-10
   2.0649e-10
   2.0674e-10
   2.0699e-10
   2.0724e-10
   2.0749e-10
   2.0773e-10
   2.0797e-10
   2.0822e-10
   2.0846e-10
   2.0870e-10
   2.0894e-10
   2.0917e-10
   2.0941e-10
   2.0965e-10
   2.0988e-10
   2.1011e-10
   2.1035e-10
   2.1058e-10
   2.1081e-10
   2.1103e-10
   2.1126e-10
   2.1149e-10
   2.1171e-10
   2.1194e-10
   2.1216e-10
   2.1238e-10
   2.1260e-10
   2.1282e-10
   2.1304e-10
   2.1325e-10
   2.1347e-10
   2.1369e-10
   2.1390e-10
   2.1411e-10
   2.1433e-10
   2.1454e-10
   2.1475e-10
   2.1495e-10
   2.1516e-10
   2.1537e-10
   2.1558e-10
   2.1578e-10
   2.1598e-10
   2.1619e-10
   2.1639e-10
   2.1659e-10
   2.1679e-10
   2.1699e-10
   2.1719e-10
   2.1738e-10
   2.1758e-10
   2.1778e-10
   2.1797e-10
   2.1816e-10
   2.1836e-10
   2.1855e-10
   2.1874e-10
   2.1893e-10
   2.1912e-10
   2.1931e-10
   2.1949e-10
   2.1968e-10
   2.1987e-10
   2.2005e-10
   2.2023e-10
   2.2042e-10
   2.2060e-10
   2.2078e-10
   2.2096e-10
   2.2114e-10
   2.2132e-10
   2.2150e-10
   2.2167e-10
   2.2185e-10
   2.2203e-10
   2.2220e-10
   2.2237e-10
   2.2255e-10
   2.2272e-10
   2.2289e-10
   2.2306e-10
   2.2323e-10
   2.2340e-10
   2.2357e-10
   2.2374e-10
   2.2391e-10
   2.2407e-10
   2.2424e-10
   2.2440e-10
   2.2457e-10
   2.2473e-10
   2.2489e-10
   2.2505e-10
   2.2522e-10
   2.2538e-10
   2.2554e-10
   2.2570e-10
   2.2585e-10
   2.2601e-10
   2.2617e-10
   2.2632e-10
   2.2648e-10
   2.2664e-10
   2.2679e-10
   2.2694e-10
   2.2710e-10
   2.2725e-10
   2.2740e-10
   2.2755e-10
   2.2770e-10
   2.2785e-10
   2.2800e-10
   2.2815e-10
   2.2830e-10
   2.2844e-10
   2.2859e-10
   2.2874e-10
   2.2888e-10
   2.2903e-10
   2.2918e-10
   2.2933e-10
   2.2948e-10
   2.2962e-10
   2.2977e-10
   2.2992e-10
   2.3007e-10
   2.3021e-10
   2.3036e-10
   2.3050e-10
   2.3065e-10
   2.3079e-10
   2.3093e-10
   2.3108e-10
   2.3122e-10
   2.3136e-10
   2.3150e-10
   2.3164e-10
   2.3178e-10
   2.3192e-10
   2.3206e-10
   2.3220e-10
   2.3234e-10
   2.3247e-10
   2.3261e-10
   2.3275e-10
   2.3288e-10
   2.3302e-10
   2.3315e-10
   2.3328e-10
   2.3342e-10
   2.3355e-10
   2.3368e-10
   2.3382e-10
   2.3395e-10
   2.3408e-10
   2.3421e-10
   2.3434e-10
   2.3447e-10
   2.3460e-10
   2.3473e-10
   2.3485e-10
   2.3498e-10
   2.3511e-10
   2.3523e-10
   2.3536e-10
   2.3549e-10
   2.3561e-10
   2.3574e-10
   2.3586e-10
   2.3598e-10
   2.3611e-10
   2.3623e-10
   2.3635e-10
   2.3647e-10
   2.3660e-10
   2.3672e-10
   2.3684e-10
   2.3696e-10
   2.3708e-10
   2.3720e-10
   2.3731e-10
   2.3743e-10
   2.3755e-10
   2.3767e-10
   2.3778e-10
   2.3790e-10
   2.3802e-10
   2.3813e-10
   2.3825e-10
   2.3836e-10
   2.3848e-10
   2.3859e-10
   2.3871e-10
   2.3882e-10
   2.3893e-10
   2.3904e-10
   2.3916e-10
   2.3927e-10
   2.3938e-10
   2.3949e-10
   2.3960e-10
   2.3971e-10
   2.3982e-10
   2.3993e-10
   2.4004e-10
   2.4015e-10
   2.4025e-10
   2.4036e-10
   2.4047e-10
   2.4058e-10
   2.4068e-10
   2.4079e-10
   2.4089e-10
   2.4100e-10
   2.4111e-10
   2.4121e-10
   2.4131e-10
   2.4142e-10
   2.4152e-10
   2.4163e-10
   2.4173e-10
   2.4183e-10
   2.4193e-10
   2.4203e-10
   2.4214e-10
   2.4224e-10
   2.4234e-10
   2.4244e-10
   2.4254e-10
   2.4264e-10
   2.4274e-10
   2.4284e-10
   2.4293e-10
   2.4303e-10
   2.4313e-10
   2.4323e-10
   2.4333e-10
   2.4342e-10
   2.4352e-10
   2.4362e-10
   2.4371e-10
   2.4381e-10
   2.4390e-10
   2.4400e-10
   2.4409e-10
   2.4419e-10
   2.4428e-10
   2.4438e-10
   2.4447e-10
   2.4457e-10
   2.4467e-10
   2.4476e-10
   2.4486e-10
   2.4495e-10
   2.4505e-10
   2.4514e-10
   2.4524e-10
   2.4533e-10
   2.4542e-10
   2.4552e-10
   2.4561e-10
   2.4570e-10
   2.4579e-10
   2.4588e-10
   2.4598e-10
   2.4607e-10
   2.4616e-10
   2.4625e-10
   2.4634e-10
   2.4643e-10
   2.4652e-10
   2.4661e-10
   2.4670e-10
   2.4679e-10
   2.4688e-10
   2.4697e-10
   2.4705e-10
   2.4714e-10
   2.4723e-10
   2.4732e-10
   2.4740e-10
   2.4749e-10
   2.4758e-10
   2.4766e-10
   2.4775e-10
   2.4784e-10
   2.4792e-10
   2.4801e-10
   2.4809e-10
   2.4818e-10
   2.4826e-10
   2.4834e-10
   2.4843e-10
   2.4851e-10
   2.4860e-10
   2.4868e-10
   2.4876e-10
   2.4884e-10
   2.4893e-10
   2.4901e-10
   2.4909e-10
   2.4917e-10
   2.4925e-10
   2.4933e-10
   2.4942e-10
   2.4950e-10
   2.4958e-10
   2.4966e-10
   2.4974e-10
   2.4982e-10
   2.4990e-10
   2.4998e-10
   2.5005e-10
   2.5013e-10
   2.5021e-10
   2.5029e-10
   2.5037e-10
   2.5045e-10
   2.5052e-10
   2.5060e-10
   2.5068e-10
   2.5075e-10
   2.5083e-10
   2.5091e-10
   2.5098e-10
   2.5106e-10
   2.5114e-10
   2.5121e-10
   2.5129e-10
   2.5136e-10
   2.5144e-10
   2.5151e-10
   2.5159e-10
   2.5166e-10
   2.5173e-10
   2.5181e-10
   2.5188e-10
   2.5195e-10
   2.5203e-10
   2.5210e-10
   2.5217e-10
   2.5224e-10
   2.5232e-10
   2.5239e-10
   2.5246e-10
   2.5253e-10
   2.5260e-10
   2.5268e-10
   2.5275e-10
   2.5282e-10
   2.5289e-10
   2.5296e-10
   2.5303e-10
   2.5310e-10
   2.5317e-10
   2.5324e-10
   2.5331e-10
   2.5338e-10
   2.5345e-10
   2.5351e-10
   2.5358e-10
   2.5365e-10
   2.5372e-10
   2.5379e-10
   2.5386e-10
   2.5392e-10
   2.5399e-10
   2.5406e-10
   2.5412e-10
   2.5419e-10
   2.5426e-10
   2.5432e-10
   2.5439e-10
   2.5446e-10
   2.5452e-10
   2.5459e-10
   2.5466e-10
   2.5472e-10
   2.5479e-10
   2.5486e-10
   2.5493e-10
   2.5499e-10
   2.5506e-10
   2.5512e-10
   2.5519e-10
   2.5526e-10
   2.5532e-10
   2.5539e-10
   2.5545e-10
   2.5552e-10
   2.5558e-10
   2.5565e-10
   2.5571e-10
   2.5577e-10
   2.5584e-10
   2.5590e-10
   2.5597e-10
   2.5603e-10
   2.5609e-10
   2.5616e-10
   2.5622e-10
   2.5628e-10
   2.5635e-10
   2.5641e-10
   2.5647e-10
   2.5653e-10
   2.5659e-10
   2.5666e-10
   2.5672e-10
   2.5678e-10
   2.5684e-10
   2.5690e-10
   2.5696e-10
   2.5702e-10
   2.5709e-10
   2.5715e-10
   2.5721e-10
   2.5727e-10
   2.5733e-10
   2.5739e-10
   2.5745e-10
   2.5751e-10
   2.5757e-10
   2.5763e-10
   2.5768e-10
   2.5774e-10
   2.5780e-10
   2.5786e-10
   2.5792e-10
   2.5798e-10
   2.5804e-10
   2.5810e-10
   2.5815e-10
   2.5821e-10
   2.5827e-10
   2.5833e-10
   2.5838e-10
   2.5844e-10
   2.5850e-10
   2.5856e-10
   2.5861e-10
   2.5867e-10
   2.5873e-10
   2.5878e-10
   2.5884e-10
   2.5889e-10
   2.5895e-10
   2.5901e-10
   2.5906e-10
   2.5912e-10
   2.5917e-10
   2.5923e-10
   2.5928e-10
   2.5934e-10
   2.5939e-10
   2.5945e-10
   2.5950e-10
   2.5956e-10
   2.5961e-10
   2.5967e-10
   2.5972e-10
   2.5977e-10
   2.5983e-10
   2.5988e-10
   2.5993e-10
   2.5999e-10
   2.6004e-10
   2.6009e-10
   2.6015e-10
   2.6020e-10
   2.6025e-10
   2.6030e-10
   2.6036e-10
   2.6041e-10
   2.6046e-10
   2.6051e-10
   2.6057e-10
   2.6062e-10
   2.6067e-10
   2.6072e-10
   2.6077e-10
   2.6082e-10
   2.6087e-10
   2.6093e-10
   2.6098e-10
   2.6103e-10
   2.6108e-10
   2.6113e-10
   2.6118e-10
   2.6123e-10
   2.6128e-10
   2.6133e-10
   2.6138e-10
   2.6143e-10
   2.6148e-10
   2.6153e-10
   2.6158e-10
   2.6163e-10
   2.6168e-10
   2.6173e-10
   2.6177e-10
   2.6182e-10
   2.6187e-10
   2.6192e-10
   2.6197e-10
   2.6202e-10
   2.6207e-10
   2.6212e-10
   2.6217e-10
   2.6222e-10
   2.6227e-10
   2.6232e-10
   2.6236e-10
   2.6241e-10
   2.6246e-10
   2.6251e-10
   2.6256e-10
   2.6261e-10
   2.6265e-10
   2.6270e-10
   2.6275e-10
   2.6280e-10
   2.6284e-10
   2.6289e-10
   2.6294e-10
   2.6299e-10
   2.6303e-10
   2.6308e-10
   2.6313e-10
   2.6317e-10
   2.6322e-10
   2.6327e-10
   2.6331e-10
   2.6336e-10
   2.6341e-10
   2.6345e-10
   2.6350e-10
   2.6355e-10
   2.6359e-10
   2.6364e-10
   2.6368e-10
   2.6373e-10
   2.6377e-10
   2.6382e-10
   2.6386e-10
   2.6391e-10
   2.6395e-10
   2.6400e-10
   2.6404e-10
   2.6409e-10
   2.6413e-10
   2.6418e-10
   2.6422e-10
   2.6427e-10
   2.6431e-10
   2.6435e-10
   2.6440e-10
   2.6444e-10
   2.6449e-10
   2.6453e-10
   2.6457e-10
   2.6462e-10
   2.6466e-10
   2.6470e-10
   2.6475e-10
   2.6479e-10
   2.6483e-10
   2.6488e-10
   2.6492e-10
   2.6496e-10
   2.6500e-10
   2.6505e-10
   2.6509e-10
   2.6513e-10
   2.6517e-10
   2.6522e-10
   2.6526e-10
   2.6530e-10
   2.6534e-10
   2.6538e-10
   2.6543e-10
   2.6547e-10
   2.6551e-10
   2.6555e-10
   2.6559e-10
   2.6563e-10
   2.6567e-10
   2.6572e-10
   2.6576e-10
   2.6580e-10
   2.6584e-10
   2.6588e-10
   2.6592e-10
   2.6596e-10
   2.6600e-10
   2.6604e-10
   2.6608e-10
   2.6612e-10
   2.6616e-10
   2.6620e-10
   2.6624e-10
   2.6628e-10
   2.6632e-10
   2.6636e-10
   2.6640e-10
   2.6644e-10
   2.6648e-10
   2.6652e-10
   2.6656e-10
   2.6660e-10
   2.6664e-10
   2.6668e-10
   2.6672e-10
   2.6675e-10
   2.6679e-10
   2.6683e-10
   2.6687e-10
   2.6691e-10
   2.6695e-10
   2.6699e-10
   2.6702e-10
   2.6706e-10
   2.6710e-10
   2.6714e-10
   2.6718e-10
   2.6721e-10
   2.6725e-10
   2.6729e-10
   2.6733e-10
   2.6737e-10
   2.6740e-10
   2.6744e-10
   2.6748e-10
   2.6752e-10
   2.6755e-10
   2.6759e-10
   2.6763e-10
   2.6767e-10
   2.6771e-10
   2.6774e-10
   2.6778e-10
   2.6782e-10
   2.6786e-10
   2.6789e-10
   2.6793e-10
   2.6797e-10
   2.6800e-10
   2.6804e-10
   2.6808e-10
   2.6811e-10
   2.6815e-10
   2.6819e-10
   2.6822e-10
   2.6826e-10
   2.6830e-10
   2.6833e-10
   2.6837e-10
   2.6841e-10
   2.6844e-10
   2.6848e-10
   2.6851e-10
   2.6855e-10
   2.6858e-10
   2.6862e-10
   2.6866e-10
   2.6869e-10
   2.6873e-10
   2.6876e-10
   2.6880e-10
   2.6883e-10
   2.6887e-10
   2.6890e-10
   2.6894e-10
   2.6897e-10
   2.6901e-10
   2.6904e-10
   2.6908e-10
   2.6911e-10
   2.6915e-10
   2.6918e-10
   2.6922e-10
   2.6925e-10
   2.6929e-10
   2.6932e-10
   2.6935e-10
   2.6939e-10
   2.6942e-10
   2.6946e-10
   2.6949e-10
   2.6952e-10
   2.6956e-10
   2.6959e-10
   2.6963e-10
   2.6966e-10
   2.6969e-10
   2.6973e-10
   2.6976e-10
   2.6979e-10
   2.6983e-10
   2.6986e-10
   2.6989e-10
   2.6993e-10
   2.6996e-10
   2.6999e-10
   2.7003e-10
   2.7006e-10
   2.7009e-10
   2.7012e-10
   2.7016e-10
   2.7019e-10
   2.7022e-10
   2.7025e-10
   2.7029e-10
   2.7032e-10
   2.7035e-10
   2.7038e-10
   2.7042e-10
   2.7045e-10
   2.7048e-10
   2.7051e-10
   2.7054e-10
   2.7058e-10
   2.7061e-10
   2.7064e-10
   2.7067e-10
   2.7070e-10
   2.7073e-10
   2.7077e-10
   2.7080e-10
   2.7083e-10
   2.7086e-10
   2.7089e-10
   2.7092e-10
   2.7095e-10
   2.7099e-10
   2.7102e-10
   2.7105e-10
   2.7108e-10
   2.7111e-10
   2.7114e-10
   2.7117e-10
   2.7120e-10
   2.7123e-10
   2.7126e-10
   2.7129e-10
   2.7132e-10
   2.7135e-10
   2.7138e-10
   2.7141e-10
   2.7144e-10
   2.7147e-10
   2.7151e-10
   2.7154e-10
   2.7157e-10
   2.7160e-10
   2.7162e-10
   2.7165e-10
   2.7168e-10
   2.7171e-10
   2.7174e-10
   2.7177e-10
   2.7180e-10
   2.7183e-10
   2.7186e-10
   2.7189e-10
   2.7192e-10
   2.7195e-10
   2.7198e-10
   2.7201e-10
   2.7204e-10
   2.7207e-10
   2.7210e-10
   2.7213e-10
   2.7216e-10
   2.7219e-10
   2.7222e-10
   2.7225e-10
   2.7228e-10
   2.7231e-10
   2.7234e-10
   2.7237e-10
   2.7239e-10
   2.7242e-10
   2.7245e-10
   2.7248e-10
   2.7251e-10
   2.7254e-10
   2.7257e-10
   2.7260e-10
   2.7262e-10
   2.7265e-10
   2.7268e-10
   2.7271e-10
   2.7274e-10
   2.7277e-10
   2.7279e-10
   2.7282e-10
   2.7285e-10
   2.7288e-10
   2.7291e-10
   2.7294e-10
   2.7296e-10
   2.7299e-10
   2.7302e-10
   2.7305e-10
   2.7307e-10
   2.7310e-10
   2.7313e-10
   2.7316e-10
   2.7319e-10
   2.7321e-10
   2.7324e-10
   2.7327e-10
   2.7329e-10
   2.7332e-10
   2.7335e-10
   2.7338e-10
   2.7340e-10
   2.7343e-10
   2.7346e-10
   2.7349e-10
   2.7351e-10
   2.7354e-10
   2.7357e-10
   2.7359e-10
   2.7362e-10
   2.7365e-10
   2.7367e-10
   2.7370e-10
   2.7373e-10
   2.7375e-10
   2.7378e-10
   2.7381e-10
   2.7383e-10
   2.7386e-10
   2.7389e-10
   2.7391e-10
   2.7394e-10
   2.7396e-10
   2.7399e-10
   2.7402e-10
   2.7404e-10
   2.7407e-10
   2.7409e-10
   2.7412e-10
   2.7415e-10
   2.7417e-10
   2.7420e-10
   2.7422e-10
   2.7425e-10
   2.7427e-10
   2.7430e-10
   2.7433e-10
   2.7435e-10
   2.7438e-10
   2.7440e-10
   2.7443e-10
   2.7445e-10
   2.7448e-10
   2.7450e-10
   2.7453e-10
   2.7455e-10
   2.7458e-10
   2.7460e-10
   2.7463e-10
   2.7465e-10
   2.7468e-10
   2.7470e-10
   2.7473e-10
   2.7475e-10
   2.7478e-10
   2.7480e-10
   2.7483e-10
   2.7485e-10
   2.7488e-10
   2.7490e-10
   2.7493e-10
   2.7495e-10
   2.7498e-10
   2.7500e-10
   2.7502e-10
   2.7505e-10
   2.7507e-10
   2.7510e-10
   2.7512e-10
   2.7515e-10
   2.7517e-10
   2.7519e-10
   2.7522e-10
   2.7524e-10
   2.7527e-10
   2.7529e-10
   2.7532e-10
   2.7534e-10
   2.7536e-10
   2.7539e-10
   2.7541e-10
   2.7544e-10
   2.7546e-10
   2.7549e-10
   2.7551e-10
   2.7553e-10
   2.7556e-10
   2.7558e-10
   2.7560e-10
   2.7563e-10
   2.7565e-10
   2.7568e-10
   2.7570e-10
   2.7572e-10
   2.7575e-10
   2.7577e-10
   2.7579e-10
   2.7582e-10
   2.7584e-10
   2.7586e-10
   2.7589e-10
   2.7591e-10
   2.7593e-10
   2.7596e-10
   2.7598e-10
   2.7600e-10
   2.7603e-10
   2.7605e-10
   2.7607e-10
   2.7610e-10
   2.7612e-10
   2.7614e-10
   2.7616e-10
   2.7619e-10
   2.7621e-10
   2.7623e-10
   2.7625e-10
   2.7628e-10
   2.7630e-10
   2.7632e-10
   2.7635e-10
   2.7637e-10
   2.7639e-10
   2.7641e-10
   2.7644e-10
   2.7646e-10
   2.7648e-10
   2.7650e-10
   2.7652e-10
   2.7655e-10
   2.7657e-10
   2.7659e-10
   2.7661e-10
   2.7664e-10
   2.7666e-10
   2.7668e-10
   2.7670e-10
   2.7672e-10
   2.7675e-10
   2.7677e-10
   2.7679e-10
   2.7681e-10
   2.7683e-10
   2.7686e-10
   2.7688e-10
   2.7690e-10
   2.7692e-10
   2.7694e-10
   2.7696e-10
   2.7699e-10
   2.7701e-10
   2.7703e-10
   2.7705e-10
   2.7707e-10
   2.7709e-10
   2.7711e-10
   2.7714e-10
   2.7716e-10
   2.7718e-10
   2.7720e-10
   2.7722e-10
   2.7724e-10
   2.7726e-10
   2.7728e-10
   2.7730e-10
   2.7733e-10
   2.7735e-10
   2.7737e-10
   2.7739e-10
   2.7741e-10
   2.7743e-10
   2.7745e-10
   2.7747e-10
   2.7749e-10
   2.7751e-10
   2.7753e-10
   2.7756e-10
   2.7758e-10
   2.7760e-10
   2.7762e-10
   2.7764e-10
   2.7766e-10
   2.7768e-10
   2.7770e-10
   2.7772e-10
   2.7774e-10
   2.7776e-10
   2.7778e-10
   2.7780e-10
   2.7782e-10
   2.7784e-10
   2.7786e-10
   2.7788e-10
   2.7790e-10
   2.7792e-10
   2.7794e-10
   2.7796e-10
   2.7798e-10
   2.7800e-10
   2.7802e-10
   2.7804e-10
   2.7806e-10
   2.7808e-10
   2.7810e-10
   2.7812e-10
   2.7814e-10
   2.7816e-10
   2.7818e-10
   2.7820e-10
   2.7822e-10
   2.7824e-10
   2.7826e-10
   2.7828e-10
   2.7830e-10
   2.7832e-10
   2.7834e-10
   2.7836e-10
   2.7838e-10
   2.7840e-10
   2.7842e-10
   2.7844e-10
   2.7846e-10
   2.7848e-10
   2.7850e-10
   2.7852e-10
   2.7854e-10
   2.7856e-10
   2.7858e-10
   2.7860e-10
   2.7862e-10
   2.7863e-10
   2.7865e-10
   2.7867e-10
   2.7869e-10
   2.7871e-10
   2.7873e-10
   2.7875e-10
   2.7877e-10
   2.7879e-10
   2.7881e-10
   2.7883e-10
   2.7885e-10
   2.7886e-10
   2.7888e-10
   2.7890e-10
   2.7892e-10
   2.7894e-10
   2.7896e-10
   2.7898e-10
   2.7900e-10
   2.7902e-10
   2.7903e-10
   2.7905e-10
   2.7907e-10
   2.7909e-10
   2.7911e-10
   2.7913e-10
   2.7915e-10
   2.7916e-10
   2.7918e-10
   2.7920e-10
   2.7922e-10
   2.7924e-10
   2.7926e-10
   2.7928e-10
   2.7929e-10
   2.7931e-10
   2.7933e-10
   2.7935e-10
   2.7937e-10
   2.7938e-10
   2.7940e-10
   2.7942e-10
   2.7944e-10
   2.7946e-10
   2.7948e-10
   2.7949e-10
   2.7951e-10
   2.7953e-10
   2.7955e-10
   2.7957e-10
   2.7958e-10
   2.7960e-10
   2.7962e-10
   2.7964e-10
   2.7966e-10
   2.7967e-10
   2.7969e-10
   2.7971e-10
   2.7973e-10
   2.7974e-10
   2.7976e-10
   2.7978e-10
   2.7980e-10
   2.7981e-10
   2.7983e-10
   2.7985e-10
   2.7987e-10
   2.7988e-10
   2.7990e-10
   2.7992e-10
   2.7994e-10
   2.7995e-10
   2.7997e-10
   2.7999e-10
   2.8001e-10
   2.8002e-10
   2.8004e-10
   2.8006e-10
   2.8008e-10
   2.8009e-10
   2.8011e-10
   2.8013e-10
   2.8014e-10
   2.8016e-10
   2.8018e-10
   2.8020e-10
   2.8021e-10
   2.8023e-10
   2.8025e-10
   2.8026e-10
   2.8028e-10
   2.8030e-10
   2.8031e-10
   2.8033e-10
   2.8035e-10
   2.8037e-10
   2.8038e-10
   2.8040e-10
   2.8042e-10
   2.8043e-10
   2.8045e-10
   2.8047e-10
   2.8048e-10
   2.8050e-10
   2.8052e-10
   2.8053e-10
   2.8055e-10
   2.8057e-10
   2.8058e-10
   2.8060e-10
   2.8062e-10
   2.8063e-10
   2.8065e-10
   2.8067e-10
   2.8068e-10
   2.8070e-10
   2.8072e-10
   2.8073e-10
   2.8075e-10
   2.8077e-10
   2.8078e-10
   2.8080e-10
   2.8082e-10
   2.8083e-10
   2.8085e-10
   2.8087e-10
   2.8088e-10
   2.8090e-10
   2.8091e-10
   2.8093e-10
   2.8095e-10
   2.8096e-10
   2.8098e-10
   2.8100e-10
   2.8101e-10
   2.8103e-10
   2.8104e-10
   2.8106e-10
   2.8108e-10
   2.8109e-10
   2.8111e-10
   2.8112e-10
   2.8114e-10
   2.8116e-10
   2.8117e-10
   2.8119e-10
   2.8120e-10
   2.8122e-10
   2.8124e-10
   2.8125e-10
   2.8127e-10
   2.8128e-10
   2.8130e-10
   2.8131e-10
   2.8133e-10
   2.8135e-10
   2.8136e-10
   2.8138e-10
   2.8139e-10
   2.8141e-10
   2.8142e-10
   2.8144e-10
   2.8146e-10
   2.8147e-10
   2.8149e-10
   2.8150e-10
   2.8152e-10
   2.8153e-10
   2.8155e-10
   2.8156e-10
   2.8158e-10
   2.8159e-10
   2.8161e-10
   2.8163e-10
   2.8164e-10
   2.8166e-10
   2.8167e-10
   2.8169e-10
   2.8170e-10
   2.8172e-10
   2.8173e-10
   2.8175e-10
   2.8176e-10
   2.8178e-10
   2.8179e-10
   2.8181e-10
   2.8182e-10
   2.8184e-10
   2.8185e-10
   2.8187e-10
   2.8188e-10
   2.8190e-10
   2.8191e-10
   2.8193e-10
   2.8194e-10
   2.8196e-10
   2.8197e-10
   2.8199e-10
   2.8200e-10
   2.8202e-10
   2.8203e-10
   2.8205e-10
   2.8206e-10
   2.8208e-10
   2.8209e-10
   2.8211e-10
   2.8212e-10
   2.8213e-10
   2.8215e-10
   2.8216e-10
   2.8218e-10
   2.8219e-10
   2.8221e-10
   2.8222e-10
   2.8224e-10
   2.8225e-10
   2.8227e-10
   2.8228e-10
   2.8229e-10
   2.8231e-10
   2.8232e-10
   2.8234e-10
   2.8235e-10
   2.8237e-10
   2.8238e-10
   2.8240e-10
   2.8241e-10
   2.8242e-10
   2.8244e-10
   2.8245e-10
   2.8247e-10
   2.8248e-10
   2.8250e-10
   2.8251e-10
   2.8253e-10
   2.8254e-10
   2.8255e-10
   2.8257e-10
   2.8258e-10
   2.8260e-10
   2.8261e-10
   2.8263e-10
   2.8264e-10
   2.8265e-10
   2.8267e-10
   2.8268e-10
   2.8270e-10
   2.8271e-10
   2.8272e-10
   2.8274e-10
   2.8275e-10
   2.8277e-10
   2.8278e-10
   2.8279e-10
   2.8281e-10
   2.8282e-10
   2.8284e-10
   2.8285e-10
   2.8286e-10
   2.8288e-10
   2.8289e-10
   2.8291e-10
   2.8292e-10
   2.8293e-10
   2.8295e-10
   2.8296e-10
   2.8297e-10
   2.8299e-10
   2.8300e-10
   2.8302e-10
   2.8303e-10
   2.8304e-10
   2.8306e-10
   2.8307e-10
   2.8308e-10
   2.8310e-10
   2.8311e-10
   2.8312e-10
   2.8314e-10
   2.8315e-10
   2.8317e-10
   2.8318e-10
   2.8319e-10
   2.8321e-10
   2.8322e-10
   2.8323e-10
   2.8325e-10
   2.8326e-10
   2.8327e-10
   2.8329e-10
   2.8330e-10
   2.8331e-10
   2.8333e-10
   2.8334e-10
   2.8335e-10
   2.8337e-10
   2.8338e-10
   2.8339e-10
   2.8341e-10
   2.8342e-10
   2.8343e-10
   2.8345e-10
   2.8346e-10
   2.8347e-10
   2.8348e-10
   2.8350e-10
   2.8351e-10
   2.8352e-10
   2.8354e-10
   2.8355e-10
   2.8356e-10
   2.8358e-10
   2.8359e-10
   2.8360e-10
   2.8361e-10
   2.8363e-10
   2.8364e-10
   2.8365e-10
   2.8367e-10
   2.8368e-10
   2.8369e-10
   2.8371e-10
   2.8372e-10
   2.8373e-10
   2.8374e-10
   2.8376e-10
   2.8377e-10
   2.8378e-10
   2.8379e-10
   2.8381e-10
   2.8382e-10
   2.8383e-10
   2.8385e-10
   2.8386e-10
   2.8387e-10
   2.8388e-10
   2.8390e-10
   2.8391e-10
   2.8392e-10
   2.8393e-10
   2.8395e-10
   2.8396e-10
   2.8397e-10
   2.8398e-10
   2.8400e-10
   2.8401e-10
   2.8402e-10
   2.8403e-10
   2.8405e-10
   2.8406e-10
   2.8407e-10
   2.8408e-10
   2.8410e-10
   2.8411e-10
   2.8412e-10
   2.8413e-10
   2.8415e-10
   2.8416e-10
   2.8417e-10
   2.8418e-10
   2.8420e-10
   2.8421e-10
   2.8422e-10
   2.8423e-10
   2.8425e-10
   2.8426e-10
   2.8427e-10
   2.8428e-10
   2.8429e-10
   2.8431e-10
   2.8432e-10
   2.8433e-10
   2.8434e-10
   2.8436e-10
   2.8437e-10
   2.8438e-10
   2.8439e-10
   2.8440e-10
   2.8442e-10
   2.8443e-10
   2.8444e-10
   2.8445e-10
   2.8447e-10
   2.8448e-10
   2.8449e-10
   2.8450e-10
   2.8451e-10
   2.8453e-10
   2.8454e-10
   2.8455e-10
   2.8456e-10
   2.8457e-10
   2.8459e-10
   2.8460e-10
   2.8461e-10
   2.8462e-10
   2.8463e-10
   2.8464e-10
   2.8466e-10
   2.8467e-10
   2.8468e-10
   2.8469e-10
   2.8470e-10
   2.8472e-10
   2.8473e-10
   2.8474e-10
   2.8475e-10
   2.8476e-10
   2.8477e-10
   2.8479e-10
   2.8480e-10
   2.8481e-10
   2.8482e-10
   2.8483e-10
   2.8484e-10
   2.8486e-10
   2.8487e-10
   2.8488e-10
   2.8489e-10
   2.8490e-10
   2.8491e-10
   2.8493e-10
   2.8494e-10
   2.8495e-10
   2.8496e-10
   2.8497e-10
   2.8498e-10
   2.8499e-10
   2.8501e-10
   2.8502e-10
   2.8503e-10
   2.8504e-10
   2.8505e-10
   2.8506e-10
   2.8507e-10
   2.8509e-10
   2.8510e-10
   2.8511e-10
   2.8512e-10
   2.8513e-10
   2.8514e-10
   2.8515e-10
   2.8516e-10
   2.8518e-10
   2.8519e-10
   2.8520e-10
   2.8521e-10
   2.8522e-10
   2.8523e-10
   2.8524e-10
   2.8525e-10
   2.8527e-10
   2.8528e-10
   2.8529e-10
   2.8530e-10
   2.8531e-10
   2.8532e-10
   2.8533e-10
   2.8534e-10
   2.8535e-10
   2.8537e-10
   2.8538e-10
   2.8539e-10
   2.8540e-10
   2.8541e-10
   2.8542e-10
   2.8543e-10
   2.8544e-10
   2.8545e-10
   2.8546e-10
   2.8548e-10
   2.8549e-10
   2.8550e-10
   2.8551e-10
   2.8552e-10
   2.8553e-10
   2.8554e-10
   2.8555e-10
   2.8556e-10
   2.8557e-10
   2.8558e-10
   2.8560e-10
   2.8561e-10
   2.8562e-10
   2.8563e-10
   2.8564e-10
   2.8565e-10
   2.8566e-10
   2.8567e-10
   2.8568e-10
   2.8569e-10
   2.8570e-10
   2.8571e-10
   2.8572e-10
   2.8574e-10
   2.8575e-10
   2.8576e-10
   2.8577e-10
   2.8578e-10
   2.8579e-10
   2.8580e-10
   2.8581e-10
   2.8582e-10
   2.8583e-10
   2.8584e-10
   2.8585e-10
   2.8586e-10
   2.8587e-10
   2.8588e-10
   2.8590e-10
   2.8591e-10
   2.8592e-10
   2.8593e-10
   2.8594e-10
   2.8595e-10
   2.8596e-10
   2.8597e-10
   2.8598e-10
   2.8599e-10
   2.8600e-10
   2.8601e-10
   2.8602e-10
   2.8603e-10
   2.8604e-10
   2.8605e-10
   2.8606e-10
   2.8607e-10
   2.8608e-10
   2.8609e-10
   2.8610e-10
   2.8611e-10
   2.8612e-10
   2.8614e-10
   2.8615e-10
   2.8616e-10
   2.8617e-10
   2.8618e-10
   2.8619e-10
   2.8620e-10
   2.8621e-10
   2.8622e-10
   2.8623e-10
   2.8624e-10
   2.8625e-10
   2.8626e-10
   2.8627e-10
   2.8628e-10
   2.8629e-10
   2.8630e-10
   2.8631e-10
   2.8632e-10
   2.8633e-10
   2.8634e-10
   2.8635e-10
   2.8636e-10
   2.8637e-10
   2.8638e-10
   2.8639e-10
   2.8640e-10
   2.8641e-10
   2.8642e-10
   2.8643e-10
   2.8644e-10
   2.8645e-10
   2.8646e-10
   2.8647e-10
   2.8648e-10
   2.8649e-10
   2.8650e-10
   2.8651e-10
   2.8652e-10
   2.8653e-10
   2.8654e-10
   2.8655e-10
   2.8656e-10
   2.8657e-10
   2.8658e-10
   2.8659e-10
   2.8660e-10
   2.8661e-10
   2.8662e-10
   2.8663e-10
   2.8664e-10
   2.8665e-10
   2.8666e-10
   2.8667e-10
   2.8668e-10
   2.8669e-10
   2.8670e-10
   2.8670e-10
   2.8671e-10
   2.8672e-10
   2.8673e-10
   2.8674e-10
   2.8675e-10
   2.8676e-10
   2.8677e-10
   2.8678e-10
   2.8679e-10
   2.8680e-10
   2.8681e-10
   2.8682e-10
   2.8683e-10
   2.8684e-10
   2.8685e-10
   2.8686e-10
   2.8687e-10
   2.8688e-10
   2.8689e-10
   2.8690e-10
   2.8691e-10
   2.8692e-10
   2.8693e-10
   2.8693e-10
   2.8694e-10
   2.8695e-10
   2.8696e-10
   2.8697e-10
   2.8698e-10
   2.8699e-10
   2.8700e-10
   2.8701e-10
   2.8702e-10
   2.8703e-10
   2.8704e-10
   2.8705e-10
   2.8706e-10
   2.8707e-10
   2.8708e-10
   2.8709e-10
   2.8710e-10
   2.8710e-10
   2.8711e-10
   2.8712e-10
   2.8713e-10
   2.8714e-10
   2.8715e-10
   2.8716e-10
   2.8717e-10
   2.8718e-10
   2.8719e-10
   2.8720e-10
   2.8721e-10
   2.8722e-10
   2.8723e-10
   2.8724e-10
   2.8724e-10
   2.8725e-10
   2.8726e-10
   2.8727e-10
   2.8728e-10
   2.8729e-10
   2.8730e-10
   2.8731e-10
   2.8732e-10
   2.8733e-10
   2.8734e-10
   2.8735e-10
   2.8735e-10
   2.8736e-10
   2.8737e-10
   2.8738e-10
   2.8739e-10
   2.8740e-10
   2.8741e-10
   2.8742e-10
   2.8743e-10
   2.8744e-10
   2.8744e-10
   2.8745e-10
   2.8746e-10
   2.8747e-10
   2.8748e-10
   2.8749e-10
   2.8750e-10
   2.8751e-10
   2.8752e-10
   2.8753e-10
   2.8753e-10
   2.8754e-10
   2.8755e-10
   2.8756e-10
   2.8757e-10
   2.8758e-10
   2.8759e-10
   2.8760e-10
   2.8761e-10
   2.8761e-10
   2.8762e-10
   2.8763e-10
   2.8764e-10
   2.8765e-10
   2.8766e-10
   2.8767e-10
   2.8768e-10
   2.8768e-10
   2.8769e-10
   2.8770e-10
   2.8771e-10
   2.8772e-10
   2.8773e-10
   2.8774e-10
   2.8775e-10
   2.8775e-10
   2.8776e-10
   2.8777e-10
   2.8778e-10
   2.8779e-10
   2.8780e-10
   2.8781e-10
   2.8782e-10
   2.8782e-10
   2.8783e-10
   2.8784e-10
   2.8785e-10
   2.8786e-10
   2.8787e-10
   2.8788e-10
   2.8788e-10
   2.8789e-10
   2.8790e-10
   2.8791e-10
   2.8792e-10
   2.8793e-10
   2.8794e-10
   2.8794e-10
   2.8795e-10
   2.8796e-10
   2.8797e-10
   2.8798e-10
   2.8799e-10
   2.8800e-10
   2.8800e-10
   2.8801e-10
   2.8802e-10
   2.8803e-10
   2.8804e-10
   2.8805e-10
   2.8805e-10
   2.8806e-10
   2.8807e-10
   2.8808e-10
   2.8809e-10
   2.8810e-10
   2.8811e-10
   2.8811e-10
   2.8812e-10
   2.8813e-10
   2.8814e-10
   2.8815e-10
   2.8816e-10
   2.8816e-10
   2.8817e-10
   2.8818e-10
   2.8819e-10
   2.8820e-10
   2.8821e-10
   2.8821e-10
   2.8822e-10
   2.8823e-10
   2.8824e-10
   2.8825e-10
   2.8826e-10
   2.8826e-10
   2.8827e-10
   2.8828e-10
   2.8829e-10
   2.8830e-10
   2.8831e-10
   2.8831e-10
   2.8832e-10
   2.8833e-10
   2.8834e-10
   2.8835e-10
   2.8835e-10
   2.8836e-10
   2.8837e-10
   2.8838e-10
   2.8839e-10
   2.8840e-10
   2.8840e-10
   2.8841e-10
   2.8842e-10
   2.8843e-10
   2.8844e-10
   2.8844e-10
   2.8845e-10
   2.8846e-10
   2.8847e-10
   2.8848e-10
   2.8848e-10
   2.8849e-10
   2.8850e-10
   2.8851e-10
   2.8852e-10
   2.8852e-10
   2.8853e-10
   2.8854e-10
   2.8855e-10
   2.8856e-10
   2.8856e-10
   2.8857e-10
   2.8858e-10
   2.8859e-10
   2.8860e-10
   2.8860e-10
   2.8861e-10
   2.8862e-10
   2.8863e-10
   2.8864e-10
   2.8864e-10
   2.8865e-10
   2.8866e-10
   2.8867e-10
   2.8868e-10
   2.8868e-10
   2.8869e-10
   2.8870e-10
   2.8871e-10
   2.8872e-10
   2.8872e-10
   2.8873e-10
   2.8874e-10
   2.8875e-10
   2.8875e-10
   2.8876e-10
   2.8877e-10
   2.8878e-10
   2.8879e-10
   2.8879e-10
   2.8880e-10
   2.8881e-10
   2.8882e-10
   2.8882e-10
   2.8883e-10
   2.8884e-10
   2.8885e-10
   2.8886e-10
   2.8886e-10
   2.8887e-10
   2.8888e-10
   2.8889e-10
   2.8889e-10
   2.8890e-10
   2.8891e-10
   2.8892e-10
   2.8892e-10
   2.8893e-10
   2.8894e-10
   2.8895e-10
   2.8895e-10
   2.8896e-10
   2.8897e-10
   2.8898e-10
   2.8899e-10
   2.8899e-10
   2.8900e-10
   2.8901e-10
   2.8902e-10
   2.8902e-10
   2.8903e-10
   2.8904e-10
   2.8905e-10
   2.8905e-10
   2.8906e-10
   2.8907e-10
   2.8908e-10
   2.8908e-10
   2.8909e-10
   2.8910e-10
   2.8911e-10
   2.8911e-10
   2.8912e-10
   2.8913e-10
   2.8914e-10
   2.8914e-10
   2.8915e-10
   2.8916e-10
   2.8917e-10
   2.8917e-10
   2.8918e-10
   2.8919e-10
   2.8920e-10
   2.8920e-10
   2.8921e-10
   2.8922e-10
   2.8923e-10
   2.8923e-10
   2.8924e-10
   2.8925e-10
   2.8926e-10
   2.8926e-10
   2.8927e-10
   2.8928e-10
   2.8928e-10
   2.8929e-10
   2.8930e-10
   2.8931e-10
   2.8931e-10
   2.8932e-10
   2.8933e-10
   2.8934e-10
   2.8934e-10
   2.8935e-10
   2.8936e-10
   2.8937e-10
   2.8937e-10
   2.8938e-10
   2.8939e-10
   2.8939e-10
   2.8940e-10
   2.8941e-10
   2.8942e-10
   2.8942e-10
   2.8943e-10
   2.8944e-10
   2.8945e-10
   2.8945e-10
   2.8946e-10
   2.8947e-10
   2.8947e-10
   2.8948e-10
   2.8949e-10
   2.8950e-10
   2.8950e-10
   2.8951e-10
   2.8952e-10
   2.8952e-10
   2.8953e-10
   2.8954e-10
   2.8955e-10
   2.8955e-10
   2.8956e-10
   2.8957e-10
   2.8957e-10
   2.8958e-10
   2.8959e-10
   2.8960e-10
   2.8960e-10
   2.8961e-10
   2.8962e-10
   2.8962e-10
   2.8963e-10
   2.8964e-10
   2.8965e-10
   2.8965e-10
   2.8966e-10
   2.8967e-10
   2.8967e-10
   2.8968e-10
   2.8969e-10
   2.8969e-10
   2.8970e-10
   2.8971e-10
   2.8972e-10
   2.8972e-10
   2.8973e-10
   2.8974e-10
   2.8974e-10
   2.8975e-10
   2.8976e-10
   2.8976e-10
   2.8977e-10
   2.8978e-10
   2.8979e-10
   2.8979e-10
   2.8980e-10
   2.8981e-10
   2.8981e-10
   2.8982e-10
   2.8983e-10
   2.8983e-10
   2.8984e-10
   2.8985e-10
   2.8985e-10
   2.8986e-10
   2.8987e-10
   2.8987e-10
   2.8988e-10
   2.8989e-10
   2.8990e-10
   2.8990e-10
   2.8991e-10
   2.8992e-10
   2.8992e-10
   2.8993e-10
   2.8994e-10
   2.8994e-10
   2.8995e-10
   2.8996e-10
   2.8996e-10
   2.8997e-10
   2.8998e-10
   2.8998e-10
   2.8999e-10
   2.9000e-10
   2.9000e-10
   2.9001e-10
   2.9002e-10
   2.9002e-10
   2.9003e-10
   2.9004e-10
   2.9004e-10
   2.9005e-10
   2.9006e-10
   2.9006e-10
   2.9007e-10
   2.9008e-10
   2.9008e-10
   2.9009e-10
   2.9010e-10
   2.9010e-10
   2.9011e-10
   2.9012e-10
   2.9012e-10
   2.9013e-10
   2.9014e-10
   2.9014e-10
   2.9015e-10
   2.9016e-10
   2.9016e-10
   2.9017e-10
   2.9018e-10
   2.9018e-10
   2.9019e-10
   2.9020e-10
   2.9020e-10
   2.9021e-10
   2.9022e-10
   2.9022e-10
   2.9023e-10
   2.9024e-10
   2.9024e-10
   2.9025e-10
   2.9026e-10
   2.9026e-10
   2.9027e-10
   2.9028e-10
   2.9028e-10
   2.9029e-10
   2.9030e-10
   2.9030e-10
   2.9031e-10
   2.9032e-10
   2.9032e-10
   2.9033e-10
   2.9034e-10
   2.9034e-10
   2.9035e-10
   2.9036e-10
   2.9036e-10
   2.9037e-10
   2.9037e-10
   2.9038e-10
   2.9039e-10
   2.9039e-10
   2.9040e-10
   2.9041e-10
   2.9041e-10
   2.9042e-10
   2.9043e-10
   2.9043e-10
   2.9044e-10
   2.9045e-10
   2.9045e-10
   2.9046e-10
   2.9046e-10
   2.9047e-10
   2.9048e-10
   2.9048e-10
   2.9049e-10
   2.9050e-10
   2.9050e-10
   2.9051e-10
   2.9052e-10
   2.9052e-10
   2.9053e-10
   2.9053e-10
   2.9054e-10
   2.9055e-10
   2.9055e-10
   2.9056e-10
   2.9057e-10
   2.9057e-10
   2.9058e-10
   2.9058e-10
   2.9059e-10
   2.9060e-10
   2.9060e-10
   2.9061e-10
   2.9062e-10
   2.9062e-10
   2.9063e-10
   2.9063e-10
   2.9064e-10
   2.9065e-10
   2.9065e-10
   2.9066e-10
   2.9067e-10
   2.9067e-10
   2.9068e-10
   2.9068e-10
   2.9069e-10
   2.9070e-10
   2.9070e-10
   2.9071e-10
   2.9072e-10
   2.9072e-10
   2.9073e-10
   2.9073e-10
   2.9074e-10
   2.9075e-10
   2.9075e-10
   2.9076e-10
   2.9076e-10
   2.9077e-10
   2.9078e-10
   2.9078e-10
   2.9079e-10
   2.9080e-10
   2.9080e-10
   2.9081e-10
   2.9081e-10
   2.9082e-10
   2.9083e-10
   2.9083e-10
   2.9084e-10
   2.9084e-10
   2.9085e-10
   2.9086e-10
   2.9086e-10
   2.9087e-10
   2.9087e-10
   2.9088e-10
   2.9089e-10
   2.9089e-10
   2.9090e-10
   2.9091e-10
   2.9091e-10
   2.9092e-10
   2.9092e-10
   2.9093e-10
   2.9094e-10
   2.9094e-10
   2.9095e-10
   2.9095e-10
   2.9096e-10
   2.9097e-10
   2.9097e-10
   2.9098e-10
   2.9098e-10
   2.9099e-10
   2.9100e-10
   2.9100e-10
   2.9101e-10
   2.9101e-10
   2.9102e-10
   2.9103e-10
   2.9103e-10
   2.9104e-10
   2.9104e-10
   2.9105e-10
   2.9106e-10
   2.9106e-10
   2.9107e-10
   2.9107e-10
   2.9108e-10
   2.9108e-10
   2.9109e-10
   2.9110e-10
   2.9110e-10
   2.9111e-10
   2.9111e-10
   2.9112e-10
   2.9113e-10
   2.9113e-10
   2.9114e-10
   2.9114e-10
   2.9115e-10
   2.9116e-10
   2.9116e-10
   2.9117e-10
   2.9117e-10
   2.9118e-10
   2.9118e-10
   2.9119e-10
   2.9120e-10
   2.9120e-10
   2.9121e-10
   2.9121e-10
   2.9122e-10
   2.9123e-10
   2.9123e-10
   2.9124e-10
   2.9124e-10
   2.9125e-10
   2.9125e-10
   2.9126e-10
   2.9127e-10
   2.9127e-10
   2.9128e-10
   2.9128e-10
   2.9129e-10
   2.9129e-10
   2.9130e-10
   2.9131e-10
   2.9131e-10
   2.9132e-10
   2.9132e-10
   2.9133e-10
   2.9133e-10
   2.9134e-10
   2.9135e-10
   2.9135e-10
   2.9136e-10
   2.9136e-10
   2.9137e-10
   2.9137e-10
   2.9138e-10
   2.9139e-10
   2.9139e-10
   2.9140e-10
   2.9140e-10
   2.9141e-10
   2.9141e-10
   2.9142e-10
   2.9143e-10
   2.9143e-10
   2.9144e-10
   2.9144e-10
   2.9145e-10
   2.9145e-10
   2.9146e-10
   2.9146e-10
   2.9147e-10
   2.9148e-10
   2.9148e-10
   2.9149e-10
   2.9149e-10
   2.9150e-10
   2.9150e-10
   2.9151e-10
   2.9151e-10
   2.9152e-10
   2.9153e-10
   2.9153e-10
   2.9154e-10
   2.9154e-10
   2.9155e-10
   2.9155e-10
   2.9156e-10
   2.9156e-10
   2.9157e-10
   2.9158e-10
   2.9158e-10
   2.9159e-10
   2.9159e-10
   2.9160e-10
   2.9160e-10
   2.9161e-10
   2.9161e-10
   2.9162e-10
   2.9163e-10
   2.9163e-10
   2.9164e-10
   2.9164e-10
   2.9165e-10
   2.9165e-10
   2.9166e-10
   2.9166e-10
   2.9167e-10
   2.9168e-10
   2.9168e-10
   2.9169e-10
   2.9169e-10
   2.9170e-10
   2.9170e-10
   2.9171e-10
   2.9171e-10
   2.9172e-10
   2.9172e-10
   2.9173e-10
   2.9174e-10
   2.9174e-10
   2.9175e-10
   2.9175e-10
   2.9176e-10
   2.9176e-10
   2.9177e-10
   2.9177e-10
   2.9178e-10
   2.9178e-10
   2.9179e-10
   2.9179e-10
   2.9180e-10
   2.9181e-10
   2.9181e-10
   2.9182e-10
   2.9182e-10
   2.9183e-10
   2.9183e-10
   2.9184e-10
   2.9184e-10
   2.9185e-10
   2.9185e-10
   2.9186e-10
   2.9186e-10
   2.9187e-10
   2.9187e-10
   2.9188e-10
   2.9189e-10
   2.9189e-10
   2.9190e-10
   2.9190e-10
   2.9191e-10
   2.9191e-10
   2.9192e-10
   2.9192e-10
   2.9193e-10
   2.9193e-10
   2.9194e-10
   2.9194e-10
   2.9195e-10
   2.9195e-10
   2.9196e-10
   2.9196e-10
   2.9197e-10
   2.9197e-10
   2.9198e-10
   2.9199e-10
   2.9199e-10
   2.9200e-10
   2.9200e-10
   2.9201e-10
   2.9201e-10
   2.9202e-10
   2.9202e-10
   2.9203e-10
   2.9203e-10
   2.9204e-10
   2.9204e-10
   2.9205e-10
   2.9205e-10
   2.9206e-10
   2.9206e-10
   2.9207e-10
   2.9207e-10
   2.9208e-10
   2.9208e-10
   2.9209e-10
   2.9209e-10
   2.9210e-10
   2.9210e-10
   2.9211e-10
   2.9212e-10
   2.9212e-10
   2.9213e-10
   2.9213e-10
   2.9214e-10
   2.9214e-10
   2.9215e-10
   2.9215e-10
   2.9216e-10
   2.9216e-10
   2.9217e-10
   2.9217e-10
   2.9218e-10
   2.9218e-10
   2.9219e-10
   2.9219e-10
   2.9220e-10
   2.9220e-10
   2.9221e-10
   2.9221e-10
   2.9222e-10
   2.9222e-10
   2.9223e-10
   2.9223e-10
   2.9224e-10
   2.9224e-10
   2.9225e-10
   2.9225e-10
   2.9226e-10
   2.9226e-10
   2.9227e-10
   2.9227e-10
   2.9228e-10
   2.9228e-10
   2.9229e-10
   2.9229e-10
   2.9230e-10
   2.9230e-10
   2.9231e-10
   2.9231e-10
   2.9232e-10
   2.9232e-10
   2.9233e-10
   2.9233e-10
   2.9234e-10
   2.9234e-10
   2.9235e-10
   2.9235e-10
   2.9236e-10
   2.9236e-10
   2.9237e-10
   2.9237e-10
   2.9238e-10
   2.9238e-10
   2.9239e-10
   2.9239e-10
   2.9240e-10
   2.9240e-10
   2.9241e-10
   2.9241e-10
   2.9242e-10
   2.9242e-10
   2.9243e-10
   2.9243e-10
   2.9244e-10
   2.9244e-10
   2.9245e-10
   2.9245e-10
   2.9246e-10
   2.9246e-10
   2.9247e-10
   2.9247e-10
   2.9248e-10
   2.9248e-10
   2.9249e-10
   2.9249e-10
   2.9250e-10
   2.9250e-10
   2.9251e-10
   2.9251e-10
   2.9252e-10
   2.9252e-10
   2.9253e-10
   2.9253e-10
   2.9253e-10
   2.9254e-10
   2.9254e-10
   2.9255e-10
   2.9255e-10
   2.9256e-10
   2.9256e-10
   2.9257e-10
   2.9257e-10
   2.9258e-10
   2.9258e-10
   2.9259e-10
   2.9259e-10
   2.9260e-10
   2.9260e-10
   2.9261e-10
   2.9261e-10
   2.9262e-10
   2.9262e-10
   2.9263e-10
   2.9263e-10
   2.9264e-10
   2.9264e-10
   2.9265e-10
   2.9265e-10
   2.9265e-10
   2.9266e-10
   2.9266e-10
   2.9267e-10
   2.9267e-10
   2.9268e-10
   2.9268e-10
   2.9269e-10
   2.9269e-10
   2.9270e-10
   2.9270e-10
   2.9271e-10
   2.9271e-10
   2.9272e-10
   2.9272e-10
   2.9273e-10
   2.9273e-10
   2.9274e-10
   2.9274e-10
   2.9274e-10
   2.9275e-10
   2.9275e-10
   2.9276e-10
   2.9276e-10
   2.9277e-10
   2.9277e-10
   2.9278e-10
   2.9278e-10
   2.9279e-10
   2.9279e-10
   2.9280e-10
   2.9280e-10
   2.9281e-10
   2.9281e-10
   2.9281e-10
   2.9282e-10
   2.9282e-10
   2.9283e-10
   2.9283e-10
   2.9284e-10
   2.9284e-10
   2.9285e-10
   2.9285e-10
   2.9286e-10
   2.9286e-10
   2.9287e-10
   2.9287e-10
   2.9288e-10
   2.9288e-10
   2.9288e-10
   2.9289e-10
   2.9289e-10
   2.9290e-10
   2.9290e-10
   2.9291e-10
   2.9291e-10
   2.9292e-10
   2.9292e-10
   2.9293e-10
   2.9293e-10
   2.9293e-10
   2.9294e-10
   2.9294e-10
   2.9295e-10
   2.9295e-10
   2.9296e-10
   2.9296e-10
   2.9297e-10
   2.9297e-10
   2.9298e-10
   2.9298e-10
   2.9299e-10
   2.9299e-10
   2.9299e-10
   2.9300e-10
   2.9300e-10
   2.9301e-10
   2.9301e-10
   2.9302e-10
   2.9302e-10
   2.9303e-10
   2.9303e-10
   2.9304e-10
   2.9304e-10
   2.9304e-10
   2.9305e-10
   2.9305e-10
   2.9306e-10
   2.9306e-10
   2.9307e-10
   2.9307e-10
   2.9308e-10
   2.9308e-10
   2.9308e-10
   2.9309e-10
   2.9309e-10
   2.9310e-10
   2.9310e-10
   2.9311e-10
   2.9311e-10
   2.9312e-10
   2.9312e-10
   2.9312e-10
   2.9313e-10
   2.9313e-10
   2.9314e-10
   2.9314e-10
   2.9315e-10
   2.9315e-10
   2.9316e-10
   2.9316e-10
   2.9316e-10
   2.9317e-10
   2.9317e-10
   2.9318e-10
   2.9318e-10
   2.9319e-10
   2.9319e-10
   2.9320e-10
   2.9320e-10
   2.9320e-10
   2.9321e-10
   2.9321e-10
   2.9322e-10
   2.9322e-10
   2.9323e-10
   2.9323e-10
   2.9323e-10
   2.9324e-10
   2.9324e-10
   2.9325e-10
   2.9325e-10
   2.9326e-10
   2.9326e-10
   2.9327e-10
   2.9327e-10
   2.9327e-10
   2.9328e-10
   2.9328e-10
   2.9329e-10
   2.9329e-10
   2.9330e-10
   2.9330e-10
   2.9330e-10
   2.9331e-10
   2.9331e-10
   2.9332e-10
   2.9332e-10
   2.9333e-10
   2.9333e-10
   2.9333e-10
   2.9334e-10
   2.9334e-10
   2.9335e-10
   2.9335e-10
   2.9336e-10
   2.9336e-10
   2.9336e-10
   2.9337e-10
   2.9337e-10
   2.9338e-10
   2.9338e-10
   2.9339e-10
   2.9339e-10
   2.9339e-10
   2.9340e-10
   2.9340e-10
   2.9341e-10
   2.9341e-10
   2.9342e-10
   2.9342e-10
   2.9342e-10
   2.9343e-10
   2.9343e-10
   2.9344e-10
   2.9344e-10
   2.9345e-10
   2.9345e-10
   2.9345e-10
   2.9346e-10
   2.9346e-10
   2.9347e-10
   2.9347e-10
   2.9348e-10
   2.9348e-10
   2.9348e-10
   2.9349e-10
   2.9349e-10
   2.9350e-10
   2.9350e-10
   2.9350e-10
   2.9351e-10
   2.9351e-10
   2.9352e-10
   2.9352e-10
   2.9353e-10
   2.9353e-10
   2.9353e-10
   2.9354e-10
   2.9354e-10
   2.9355e-10
   2.9355e-10
   2.9356e-10
   2.9356e-10
   2.9356e-10
   2.9357e-10
   2.9357e-10
   2.9358e-10
   2.9358e-10
   2.9358e-10
   2.9359e-10
   2.9359e-10
   2.9360e-10
   2.9360e-10
   2.9361e-10
   2.9361e-10
   2.9361e-10
   2.9362e-10
   2.9362e-10
   2.9363e-10
   2.9363e-10
   2.9363e-10
   2.9364e-10
   2.9364e-10
   2.9365e-10
   2.9365e-10
   2.9365e-10
   2.9366e-10
   2.9366e-10
   2.9367e-10
   2.9367e-10
   2.9368e-10
   2.9368e-10
   2.9368e-10
   2.9369e-10
   2.9369e-10
   2.9370e-10
   2.9370e-10
   2.9370e-10
   2.9371e-10
   2.9371e-10
   2.9372e-10
   2.9372e-10
   2.9372e-10
   2.9373e-10
   2.9373e-10
   2.9374e-10
   2.9374e-10
   2.9374e-10
   2.9375e-10
   2.9375e-10
   2.9376e-10
   2.9376e-10
   2.9376e-10
   2.9377e-10
   2.9377e-10
   2.9378e-10
   2.9378e-10
   2.9378e-10
   2.9379e-10
   2.9379e-10
   2.9380e-10
   2.9380e-10
   2.9380e-10
   2.9381e-10
   2.9381e-10
   2.9382e-10
   2.9382e-10
   2.9382e-10
   2.9383e-10
   2.9383e-10
   2.9384e-10
   2.9384e-10
   2.9384e-10
   2.9385e-10
   2.9385e-10
   2.9386e-10
   2.9386e-10
   2.9386e-10
   2.9387e-10
   2.9387e-10
   2.9388e-10
   2.9388e-10
   2.9388e-10
   2.9389e-10
   2.9389e-10
   2.9390e-10
   2.9390e-10
   2.9390e-10
   2.9391e-10
   2.9391e-10
   2.9392e-10
   2.9392e-10
   2.9392e-10
   2.9393e-10
   2.9393e-10
   2.9394e-10
