  -3.1917e-10
  -3.1801e-10
  -3.1685e-10
  -3.1568e-10
  -3.1449e-10
  -3.1330e-10
  -3.1210e-10
  -3.1090e-10
  -3.0968e-10
  -3.0845e-10
  -3.0722e-10
  -3.0598e-10
  -3.0474e-10
  -3.0349e-10
  -3.0225e-10
  -3.0100e-10
  -2.9974e-10
  -2.9850e-10
  -2.9725e-10
  -2.9601e-10
  -2.9477e-10
  -2.9355e-10
  -2.9233e-10
  -2.9112e-10
  -2.8993e-10
  -2.8875e-10
  -2.8759e-10
  -2.8644e-10
  -2.8531e-10
  -2.8420e-10
  -2.8312e-10
  -2.8205e-10
  -2.8100e-10
  -2.7998e-10
  -2.7898e-10
  -2.7801e-10
  -2.7705e-10
  -2.7613e-10
  -2.7522e-10
  -2.7434e-10
  -2.7349e-10
  -2.7266e-10
  -2.7185e-10
  -2.7106e-10
  -2.7030e-10
  -2.6956e-10
  -2.6884e-10
  -2.6815e-10
  -2.6747e-10
  -2.6682e-10
  -2.6618e-10
  -2.6556e-10
  -2.6496e-10
  -2.6438e-10
  -2.6381e-10
  -2.6326e-10
  -2.6273e-10
  -2.6221e-10
  -2.6170e-10
  -2.6121e-10
  -2.6073e-10
  -2.6026e-10
  -2.5981e-10
  -2.5937e-10
  -2.5893e-10
  -2.5851e-10
  -2.5810e-10
  -2.5770e-10
  -2.5730e-10
  -2.5692e-10
  -2.5654e-10
  -2.5617e-10
  -2.5581e-10
  -2.5545e-10
  -2.5510e-10
  -2.5476e-10
  -2.5442e-10
  -2.5409e-10
  -2.5377e-10
  -2.5344e-10
  -2.5313e-10
  -2.5282e-10
  -2.5251e-10
  -2.5220e-10
  -2.5190e-10
  -2.5161e-10
  -2.5131e-10
  -2.5102e-10
  -2.5074e-10
  -2.5045e-10
  -2.5017e-10
  -2.4989e-10
  -2.4961e-10
  -2.4933e-10
  -2.4906e-10
  -2.4878e-10
  -2.4851e-10
  -2.4824e-10
  -2.4797e-10
  -2.4770e-10
  -2.4744e-10
  -2.4717e-10
  -2.4690e-10
  -2.4664e-10
  -2.4637e-10
  -2.4610e-10
  -2.4584e-10
  -2.4557e-10
  -2.4530e-10
  -2.4503e-10
  -2.4477e-10
  -2.4450e-10
  -2.4423e-10
  -2.4396e-10
  -2.4368e-10
  -2.4341e-10
  -2.4313e-10
  -2.4286e-10
  -2.4258e-10
  -2.4230e-10
  -2.4202e-10
  -2.4173e-10
  -2.4144e-10
  -2.4115e-10
  -2.4086e-10
  -2.4057e-10
  -2.4027e-10
  -2.3997e-10
  -2.3967e-10
  -2.3936e-10
  -2.3905e-10
  -2.3874e-10
  -2.3842e-10
  -2.3810e-10
  -2.3778e-10
  -2.3745e-10
  -2.3712e-10
  -2.3678e-10
  -2.3644e-10
  -2.3609e-10
  -2.3575e-10
  -2.3539e-10
  -2.3503e-10
  -2.3467e-10
  -2.3431e-10
  -2.3393e-10
  -2.3356e-10
  -2.3318e-10
  -2.3279e-10
  -2.3240e-10
  -2.3201e-10
  -2.3161e-10
  -2.3120e-10
  -2.3080e-10
  -2.3038e-10
  -2.2997e-10
  -2.2955e-10
  -2.2912e-10
  -2.2870e-10
  -2.2827e-10
  -2.2783e-10
  -2.2740e-10
  -2.2696e-10
  -2.2651e-10
  -2.2607e-10
  -2.2562e-10
  -2.2518e-10
  -2.2473e-10
  -2.2428e-10
  -2.2383e-10
  -2.2338e-10
  -2.2293e-10
  -2.2248e-10
  -2.2203e-10
  -2.2159e-10
  -2.2114e-10
  -2.2070e-10
  -2.2026e-10
  -2.1982e-10
  -2.1939e-10
  -2.1896e-10
  -2.1853e-10
  -2.1811e-10
  -2.1769e-10
  -2.1728e-10
  -2.1687e-10
  -2.1647e-10
  -2.1607e-10
  -2.1568e-10
  -2.1530e-10
  -2.1492e-10
  -2.1454e-10
  -2.1418e-10
  -2.1382e-10
  -2.1346e-10
  -2.1311e-10
  -2.1277e-10
  -2.1244e-10
  -2.1211e-10
  -2.1179e-10
  -2.1147e-10
