  -3.1917e-10
  -3.1916e-10
  -3.1916e-10
  -3.1915e-10
  -3.1913e-10
  -3.1921e-10
  -3.1917e-10
  -3.1899e-10
  -3.1870e-10
  -3.1827e-10
  -3.1773e-10
  -3.1705e-10
  -3.1626e-10
  -3.1535e-10
  -3.1431e-10
  -3.1316e-10
  -3.1190e-10
  -3.1052e-10
  -3.0903e-10
  -3.0743e-10
  -3.0573e-10
  -3.0393e-10
  -3.0202e-10
  -3.0002e-10
  -2.9793e-10
  -2.9575e-10
  -2.9348e-10
  -2.9113e-10
  -2.8871e-10
  -2.8620e-10
  -2.8363e-10
  -2.8098e-10
  -2.7827e-10
  -2.7550e-10
  -2.7267e-10
  -2.6979e-10
  -2.6686e-10
  -2.6387e-10
  -2.6085e-10
  -2.5778e-10
  -2.5468e-10
  -2.5154e-10
  -2.4837e-10
  -2.4518e-10
  -2.4195e-10
  -2.3871e-10
  -2.3544e-10
  -2.3216e-10
  -2.2886e-10
  -2.2556e-10
  -2.2224e-10
  -2.1891e-10
  -2.1558e-10
  -2.1224e-10
  -2.0891e-10
  -2.0557e-10
  -2.0224e-10
  -1.9891e-10
  -1.9559e-10
  -1.9227e-10
  -1.8897e-10
  -1.8567e-10
  -1.8239e-10
  -1.7912e-10
  -1.7586e-10
  -1.7262e-10
  -1.6939e-10
  -1.6618e-10
  -1.6299e-10
  -1.5981e-10
  -1.5666e-10
  -1.5353e-10
  -1.5041e-10
  -1.4732e-10
  -1.4425e-10
  -1.4121e-10
  -1.3818e-10
  -1.3518e-10
  -1.3220e-10
  -1.2925e-10
  -1.2632e-10
  -1.2342e-10
  -1.2054e-10
  -1.1768e-10
  -1.1485e-10
  -1.1205e-10
  -1.0927e-10
  -1.0651e-10
  -1.0379e-10
  -1.0108e-10
  -9.8405e-11
  -9.5753e-11
  -9.3127e-11
  -9.0526e-11
  -8.7950e-11
  -8.5400e-11
  -8.2875e-11
  -8.0375e-11
  -7.7900e-11
  -7.5450e-11
  -7.3025e-11
  -7.0624e-11
  -6.8248e-11
  -6.5896e-11
  -6.3568e-11
  -6.1264e-11
  -5.8984e-11
  -5.6728e-11
  -5.4494e-11
  -5.2284e-11
  -5.0097e-11
  -4.7933e-11
  -4.5791e-11
  -4.3672e-11
  -4.1575e-11
  -3.9499e-11
  -3.7446e-11
  -3.5413e-11
  -3.3402e-11
  -3.1412e-11
  -2.9443e-11
  -2.7495e-11
  -2.5567e-11
  -2.3659e-11
  -2.1770e-11
  -1.9902e-11
  -1.8053e-11
  -1.6223e-11
  -1.4412e-11
