  -3.1917e-10
  -3.1872e-10
  -3.1822e-10
  -3.1764e-10
  -3.1701e-10
  -3.1634e-10
  -3.1566e-10
  -3.1499e-10
  -3.1435e-10
  -3.1375e-10
  -3.1321e-10
  -3.1271e-10
  -3.1228e-10
  -3.1189e-10
  -3.1156e-10
  -3.1127e-10
  -3.1102e-10
  -3.1081e-10
  -3.1063e-10
  -3.1047e-10
  -3.1034e-10
  -3.1022e-10
  -3.1011e-10
  -3.1000e-10
  -3.0988e-10
  -3.0974e-10
  -3.0955e-10
  -3.0932e-10
  -3.0901e-10
  -3.0864e-10
  -3.0819e-10
  -3.0767e-10
  -3.0711e-10
  -3.0651e-10
  -3.0591e-10
  -3.0532e-10
  -3.0476e-10
  -3.0424e-10
  -3.0377e-10
  -3.0335e-10
  -3.0297e-10
  -3.0265e-10
  -3.0237e-10
  -3.0213e-10
  -3.0192e-10
  -3.0175e-10
  -3.0160e-10
  -3.0148e-10
  -3.0139e-10
  -3.0130e-10
  -3.0123e-10
