  -1.9989e-08
  -2.0000e-08
  -2.0000e-08
  -1.9984e-08
  -1.9949e-08
  -1.9955e-08
  -1.9950e-08
  -1.9931e-08
  -1.9893e-08
  -1.9899e-08
  -1.9893e-08
  -1.9874e-08
  -1.9837e-08
  -1.9842e-08
  -1.9836e-08
  -1.9818e-08
  -1.9781e-08
  -1.9785e-08
  -1.9780e-08
  -1.9761e-08
  -1.9725e-08
  -1.9729e-08
  -1.9723e-08
  -1.9705e-08
  -1.9670e-08
  -1.9672e-08
  -1.9666e-08
  -1.9648e-08
  -1.9614e-08
  -1.9616e-08
  -1.9610e-08
  -1.9592e-08
  -1.9559e-08
  -1.9560e-08
  -1.9553e-08
  -1.9536e-08
  -1.9503e-08
  -1.9504e-08
  -1.9497e-08
  -1.9480e-08
  -1.9448e-08
  -1.9448e-08
  -1.9441e-08
  -1.9424e-08
  -1.9392e-08
  -1.9392e-08
  -1.9384e-08
  -1.9368e-08
  -1.9337e-08
  -1.9336e-08
  -1.9328e-08
  -1.9311e-08
  -1.9281e-08
  -1.9279e-08
  -1.9272e-08
  -1.9255e-08
  -1.9225e-08
  -1.9223e-08
  -1.9216e-08
  -1.9199e-08
  -1.9170e-08
  -1.9167e-08
  -1.9159e-08
  -1.9143e-08
  -1.9114e-08
  -1.9111e-08
  -1.9103e-08
  -1.9087e-08
  -1.9058e-08
  -1.9055e-08
  -1.9046e-08
  -1.9030e-08
  -1.9002e-08
  -1.8998e-08
  -1.8989e-08
  -1.8973e-08
  -1.8946e-08
  -1.8941e-08
  -1.8933e-08
  -1.8917e-08
  -1.8889e-08
  -1.8885e-08
  -1.8876e-08
  -1.8860e-08
  -1.8833e-08
  -1.8828e-08
  -1.8819e-08
  -1.8803e-08
  -1.8776e-08
  -1.8771e-08
  -1.8762e-08
  -1.8746e-08
  -1.8720e-08
  -1.8714e-08
  -1.8704e-08
  -1.8689e-08
  -1.8663e-08
  -1.8657e-08
  -1.8647e-08
  -1.8632e-08
  -1.8606e-08
