  -1.9989e-08
  -1.9989e-08
  -1.9990e-08
  -1.9990e-08
  -1.9990e-08
  -1.9989e-08
  -1.9989e-08
  -1.9989e-08
  -1.9989e-08
  -1.9989e-08
  -1.9989e-08
  -1.9989e-08
  -1.9989e-08
  -1.9989e-08
  -1.9989e-08
  -1.9990e-08
  -1.9990e-08
  -1.9990e-08
  -1.9989e-08
  -1.9989e-08
  -1.9989e-08
  -1.9989e-08
  -1.9989e-08
  -1.9989e-08
  -1.9989e-08
  -1.9989e-08
  -1.9989e-08
  -1.9990e-08
  -1.9990e-08
  -1.9990e-08
  -1.9990e-08
  -1.9989e-08
  -1.9989e-08
  -1.9989e-08
  -1.9989e-08
  -1.9989e-08
  -1.9989e-08
  -1.9989e-08
  -1.9989e-08
  -1.9989e-08
  -1.9990e-08
  -1.9990e-08
  -1.9990e-08
  -1.9989e-08
  -1.9989e-08
  -1.9989e-08
  -1.9988e-08
  -1.9988e-08
  -1.9988e-08
  -1.9988e-08
  -1.9989e-08
  -1.9989e-08
  -1.9989e-08
  -1.9990e-08
  -1.9990e-08
  -1.9990e-08
  -1.9989e-08
  -1.9989e-08
  -1.9989e-08
  -1.9989e-08
  -1.9989e-08
  -1.9989e-08
  -1.9989e-08
  -1.9989e-08
  -1.9989e-08
  -1.9990e-08
  -1.9990e-08
  -1.9990e-08
  -1.9990e-08
  -1.9989e-08
  -1.9989e-08
  -1.9989e-08
  -1.9989e-08
  -1.9988e-08
  -1.9988e-08
  -1.9989e-08
  -1.9989e-08
  -1.9989e-08
  -1.9990e-08
  -1.9990e-08
  -1.9990e-08
  -1.9989e-08
  -1.9989e-08
  -1.9989e-08
  -1.9988e-08
  -1.9988e-08
  -1.9988e-08
  -1.9988e-08
  -1.9989e-08
  -1.9989e-08
  -1.9989e-08
  -1.9990e-08
  -1.9990e-08
  -1.9990e-08
  -1.9989e-08
  -1.9989e-08
  -1.9989e-08
  -1.9989e-08
  -1.9989e-08
  -1.9989e-08
  -1.9989e-08
  -1.9989e-08
