  -1.9989e-08
  -2.0002e-08
  -1.9998e-08
  -1.9993e-08
  -1.9988e-08
  -2.0002e-08
  -1.9998e-08
  -1.9993e-08
  -1.9988e-08
  -2.0002e-08
  -1.9998e-08
  -1.9993e-08
  -1.9988e-08
  -2.0002e-08
  -1.9998e-08
  -1.9993e-08
  -1.9988e-08
  -2.0002e-08
  -1.9998e-08
  -1.9993e-08
  -1.9988e-08
  -2.0002e-08
  -1.9997e-08
  -1.9993e-08
  -1.9988e-08
  -2.0002e-08
  -1.9997e-08
  -1.9993e-08
  -1.9988e-08
  -2.0002e-08
  -1.9997e-08
  -1.9992e-08
  -1.9988e-08
  -2.0001e-08
  -1.9997e-08
  -1.9992e-08
  -1.9987e-08
  -2.0001e-08
  -1.9997e-08
  -1.9992e-08
  -1.9987e-08
  -2.0001e-08
  -1.9997e-08
  -1.9992e-08
  -1.9987e-08
  -2.0001e-08
  -1.9997e-08
  -1.9992e-08
  -1.9987e-08
  -2.0001e-08
  -1.9997e-08
  -1.9992e-08
  -1.9987e-08
  -2.0001e-08
  -1.9997e-08
  -1.9992e-08
  -1.9987e-08
  -2.0001e-08
  -1.9996e-08
  -1.9992e-08
  -1.9987e-08
  -2.0001e-08
  -1.9996e-08
  -1.9992e-08
  -1.9987e-08
  -2.0001e-08
  -1.9996e-08
  -1.9992e-08
  -1.9987e-08
  -2.0000e-08
  -1.9996e-08
  -1.9992e-08
  -1.9987e-08
  -2.0000e-08
  -1.9996e-08
  -1.9992e-08
  -1.9987e-08
  -2.0000e-08
  -1.9996e-08
  -1.9991e-08
  -1.9987e-08
  -2.0000e-08
  -1.9996e-08
  -1.9991e-08
  -1.9987e-08
  -2.0000e-08
  -1.9996e-08
  -1.9991e-08
  -1.9987e-08
  -1.9999e-08
  -1.9995e-08
  -1.9991e-08
  -1.9987e-08
  -1.9999e-08
  -1.9995e-08
  -1.9991e-08
  -1.9987e-08
  -1.9999e-08
  -1.9995e-08
  -1.9991e-08
  -1.9987e-08
  -1.9999e-08
  -1.9995e-08
  -1.9991e-08
  -1.9987e-08
  -1.9999e-08
  -1.9995e-08
  -1.9991e-08
  -1.9987e-08
  -1.9999e-08
  -1.9995e-08
  -1.9991e-08
  -1.9987e-08
  -1.9999e-08
  -1.9995e-08
  -1.9991e-08
  -1.9986e-08
  -1.9999e-08
  -1.9995e-08
  -1.9991e-08
  -1.9986e-08
  -1.9998e-08
  -1.9994e-08
  -1.9990e-08
  -1.9986e-08
  -1.9998e-08
  -1.9994e-08
  -1.9990e-08
  -1.9986e-08
  -1.9998e-08
  -1.9994e-08
  -1.9990e-08
  -1.9986e-08
  -1.9998e-08
  -1.9994e-08
  -1.9990e-08
  -1.9986e-08
  -1.9998e-08
  -1.9994e-08
  -1.9990e-08
  -1.9986e-08
  -1.9997e-08
  -1.9994e-08
  -1.9990e-08
  -1.9986e-08
  -1.9997e-08
  -1.9994e-08
  -1.9990e-08
  -1.9986e-08
  -1.9997e-08
  -1.9994e-08
  -1.9990e-08
  -1.9986e-08
  -1.9997e-08
  -1.9993e-08
  -1.9990e-08
  -1.9986e-08
  -1.9997e-08
  -1.9993e-08
  -1.9990e-08
  -1.9986e-08
  -1.9997e-08
  -1.9993e-08
  -1.9990e-08
  -1.9986e-08
  -1.9997e-08
  -1.9993e-08
  -1.9989e-08
  -1.9986e-08
  -1.9996e-08
  -1.9993e-08
  -1.9989e-08
  -1.9985e-08
  -1.9996e-08
  -1.9993e-08
  -1.9989e-08
  -1.9985e-08
  -1.9996e-08
  -1.9993e-08
  -1.9989e-08
  -1.9985e-08
  -1.9996e-08
  -1.9992e-08
  -1.9989e-08
  -1.9985e-08
  -1.9996e-08
  -1.9992e-08
  -1.9989e-08
  -1.9985e-08
  -1.9995e-08
  -1.9992e-08
  -1.9989e-08
  -1.9985e-08
  -1.9995e-08
  -1.9992e-08
  -1.9989e-08
  -1.9985e-08
  -1.9995e-08
  -1.9992e-08
  -1.9988e-08
  -1.9985e-08
  -1.9995e-08
  -1.9992e-08
  -1.9988e-08
  -1.9985e-08
  -1.9995e-08
  -1.9992e-08
  -1.9988e-08
  -1.9985e-08
  -1.9995e-08
  -1.9991e-08
  -1.9988e-08
  -1.9985e-08
  -1.9994e-08
  -1.9991e-08
  -1.9988e-08
  -1.9985e-08
  -1.9994e-08
  -1.9991e-08
  -1.9988e-08
  -1.9985e-08
  -1.9994e-08
  -1.9991e-08
  -1.9988e-08
  -1.9984e-08
  -1.9994e-08
  -1.9991e-08
  -1.9988e-08
  -1.9984e-08
  -1.9994e-08
  -1.9991e-08
  -1.9988e-08
  -1.9984e-08
  -1.9993e-08
  -1.9990e-08
  -1.9987e-08
  -1.9984e-08
  -1.9993e-08
  -1.9990e-08
  -1.9987e-08
  -1.9984e-08
  -1.9993e-08
  -1.9990e-08
  -1.9987e-08
  -1.9984e-08
  -1.9993e-08
  -1.9990e-08
  -1.9987e-08
  -1.9984e-08
  -1.9993e-08
  -1.9990e-08
  -1.9987e-08
  -1.9984e-08
  -1.9992e-08
  -1.9990e-08
  -1.9987e-08
  -1.9984e-08
  -1.9992e-08
  -1.9990e-08
  -1.9987e-08
  -1.9984e-08
  -1.9992e-08
  -1.9990e-08
  -1.9987e-08
  -1.9984e-08
  -1.9992e-08
  -1.9989e-08
  -1.9987e-08
  -1.9984e-08
  -1.9992e-08
  -1.9989e-08
  -1.9986e-08
  -1.9984e-08
  -1.9991e-08
  -1.9989e-08
  -1.9986e-08
  -1.9983e-08
  -1.9991e-08
  -1.9989e-08
  -1.9986e-08
  -1.9983e-08
  -1.9991e-08
  -1.9989e-08
  -1.9986e-08
  -1.9983e-08
  -1.9991e-08
  -1.9988e-08
  -1.9986e-08
  -1.9983e-08
  -1.9991e-08
  -1.9988e-08
  -1.9986e-08
  -1.9983e-08
  -1.9990e-08
  -1.9988e-08
  -1.9986e-08
  -1.9983e-08
  -1.9990e-08
  -1.9988e-08
  -1.9986e-08
  -1.9983e-08
  -1.9990e-08
  -1.9988e-08
  -1.9985e-08
  -1.9983e-08
  -1.9990e-08
  -1.9988e-08
  -1.9985e-08
  -1.9983e-08
  -1.9990e-08
  -1.9988e-08
  -1.9985e-08
  -1.9983e-08
  -1.9990e-08
  -1.9988e-08
  -1.9985e-08
  -1.9983e-08
  -1.9989e-08
  -1.9987e-08
  -1.9985e-08
  -1.9983e-08
  -1.9989e-08
  -1.9987e-08
  -1.9985e-08
  -1.9982e-08
  -1.9989e-08
  -1.9987e-08
  -1.9985e-08
  -1.9982e-08
  -1.9989e-08
  -1.9987e-08
  -1.9985e-08
  -1.9982e-08
  -1.9988e-08
  -1.9987e-08
  -1.9984e-08
  -1.9982e-08
  -1.9988e-08
  -1.9986e-08
  -1.9984e-08
  -1.9982e-08
  -1.9988e-08
  -1.9986e-08
  -1.9984e-08
  -1.9982e-08
  -1.9988e-08
  -1.9986e-08
  -1.9984e-08
  -1.9982e-08
  -1.9988e-08
  -1.9986e-08
  -1.9984e-08
  -1.9982e-08
  -1.9987e-08
  -1.9986e-08
  -1.9984e-08
  -1.9982e-08
  -1.9987e-08
  -1.9986e-08
  -1.9984e-08
  -1.9982e-08
  -1.9987e-08
  -1.9985e-08
  -1.9984e-08
  -1.9982e-08
  -1.9987e-08
  -1.9985e-08
  -1.9984e-08
  -1.9982e-08
  -1.9987e-08
  -1.9985e-08
  -1.9983e-08
  -1.9982e-08
  -1.9986e-08
  -1.9985e-08
  -1.9983e-08
  -1.9981e-08
  -1.9986e-08
  -1.9985e-08
  -1.9983e-08
  -1.9981e-08
  -1.9986e-08
  -1.9985e-08
  -1.9983e-08
  -1.9981e-08
  -1.9986e-08
  -1.9984e-08
  -1.9983e-08
  -1.9981e-08
  -1.9985e-08
  -1.9984e-08
  -1.9983e-08
  -1.9981e-08
  -1.9985e-08
  -1.9984e-08
  -1.9983e-08
  -1.9981e-08
  -1.9985e-08
  -1.9984e-08
  -1.9982e-08
  -1.9981e-08
  -1.9985e-08
  -1.9984e-08
  -1.9982e-08
  -1.9981e-08
  -1.9985e-08
  -1.9984e-08
  -1.9982e-08
  -1.9981e-08
  -1.9985e-08
  -1.9983e-08
  -1.9982e-08
  -1.9981e-08
  -1.9984e-08
  -1.9983e-08
  -1.9982e-08
  -1.9981e-08
  -1.9984e-08
  -1.9983e-08
  -1.9982e-08
  -1.9981e-08
  -1.9984e-08
  -1.9983e-08
  -1.9982e-08
  -1.9980e-08
  -1.9984e-08
  -1.9983e-08
  -1.9982e-08
  -1.9980e-08
  -1.9983e-08
  -1.9983e-08
  -1.9981e-08
  -1.9980e-08
  -1.9983e-08
  -1.9982e-08
  -1.9981e-08
  -1.9980e-08
  -1.9983e-08
  -1.9982e-08
  -1.9981e-08
  -1.9980e-08
  -1.9983e-08
  -1.9982e-08
  -1.9981e-08
  -1.9980e-08
  -1.9983e-08
  -1.9982e-08
  -1.9981e-08
  -1.9980e-08
  -1.9982e-08
  -1.9982e-08
  -1.9981e-08
  -1.9980e-08
  -1.9982e-08
  -1.9982e-08
  -1.9981e-08
  -1.9980e-08
  -1.9982e-08
  -1.9981e-08
  -1.9981e-08
  -1.9980e-08
  -1.9982e-08
  -1.9981e-08
  -1.9981e-08
  -1.9980e-08
  -1.9982e-08
  -1.9981e-08
  -1.9980e-08
  -1.9980e-08
  -1.9981e-08
  -1.9981e-08
  -1.9980e-08
  -1.9979e-08
  -1.9981e-08
  -1.9981e-08
  -1.9980e-08
  -1.9979e-08
  -1.9981e-08
  -1.9980e-08
  -1.9980e-08
  -1.9979e-08
  -1.9981e-08
  -1.9980e-08
  -1.9980e-08
  -1.9979e-08
  -1.9980e-08
  -1.9980e-08
  -1.9980e-08
  -1.9979e-08
  -1.9980e-08
  -1.9980e-08
  -1.9979e-08
  -1.9979e-08
  -1.9980e-08
  -1.9980e-08
  -1.9979e-08
  -1.9979e-08
  -1.9980e-08
  -1.9980e-08
  -1.9979e-08
  -1.9979e-08
  -1.9979e-08
  -1.9979e-08
  -1.9979e-08
  -1.9979e-08
  -1.9979e-08
  -1.9979e-08
  -1.9979e-08
  -1.9979e-08
  -1.9979e-08
  -1.9979e-08
  -1.9979e-08
  -1.9979e-08
  -1.9979e-08
  -1.9979e-08
  -1.9979e-08
  -1.9979e-08
  -1.9979e-08
  -1.9979e-08
  -1.9979e-08
  -1.9978e-08
  -1.9978e-08
  -1.9979e-08
  -1.9979e-08
  -1.9978e-08
  -1.9978e-08
  -1.9978e-08
  -1.9978e-08
  -1.9978e-08
  -1.9978e-08
  -1.9978e-08
  -1.9978e-08
  -1.9978e-08
  -1.9978e-08
  -1.9978e-08
  -1.9978e-08
  -1.9978e-08
  -1.9978e-08
  -1.9978e-08
  -1.9978e-08
  -1.9978e-08
  -1.9977e-08
  -1.9978e-08
  -1.9978e-08
  -1.9978e-08
  -1.9977e-08
  -1.9978e-08
  -1.9978e-08
  -1.9978e-08
  -1.9977e-08
  -1.9977e-08
  -1.9978e-08
  -1.9978e-08
  -1.9977e-08
  -1.9977e-08
  -1.9977e-08
  -1.9978e-08
  -1.9977e-08
  -1.9977e-08
  -1.9977e-08
  -1.9978e-08
  -1.9976e-08
  -1.9977e-08
  -1.9977e-08
  -1.9978e-08
  -1.9976e-08
  -1.9977e-08
  -1.9977e-08
  -1.9977e-08
  -1.9976e-08
  -1.9977e-08
  -1.9977e-08
  -1.9977e-08
  -1.9976e-08
  -1.9976e-08
  -1.9977e-08
  -1.9977e-08
  -1.9976e-08
  -1.9976e-08
  -1.9977e-08
  -1.9977e-08
  -1.9975e-08
  -1.9976e-08
  -1.9977e-08
  -1.9977e-08
  -1.9975e-08
  -1.9976e-08
  -1.9976e-08
  -1.9977e-08
  -1.9975e-08
  -1.9976e-08
  -1.9976e-08
  -1.9977e-08
  -1.9975e-08
  -1.9976e-08
  -1.9976e-08
  -1.9977e-08
  -1.9974e-08
  -1.9975e-08
  -1.9976e-08
  -1.9977e-08
  -1.9974e-08
  -1.9975e-08
  -1.9976e-08
  -1.9977e-08
  -1.9974e-08
  -1.9975e-08
  -1.9976e-08
  -1.9976e-08
  -1.9974e-08
  -1.9975e-08
  -1.9976e-08
  -1.9976e-08
  -1.9974e-08
  -1.9975e-08
  -1.9976e-08
  -1.9976e-08
  -1.9974e-08
  -1.9975e-08
  -1.9976e-08
  -1.9976e-08
  -1.9973e-08
  -1.9974e-08
  -1.9975e-08
  -1.9976e-08
  -1.9973e-08
  -1.9974e-08
  -1.9975e-08
  -1.9976e-08
  -1.9973e-08
  -1.9974e-08
  -1.9975e-08
  -1.9976e-08
  -1.9972e-08
  -1.9974e-08
  -1.9975e-08
  -1.9976e-08
  -1.9972e-08
  -1.9974e-08
  -1.9975e-08
  -1.9976e-08
  -1.9972e-08
  -1.9973e-08
  -1.9975e-08
  -1.9976e-08
  -1.9972e-08
  -1.9973e-08
  -1.9975e-08
  -1.9976e-08
  -1.9972e-08
  -1.9973e-08
  -1.9974e-08
  -1.9975e-08
  -1.9971e-08
  -1.9973e-08
  -1.9974e-08
  -1.9975e-08
  -1.9971e-08
  -1.9973e-08
  -1.9974e-08
  -1.9975e-08
  -1.9971e-08
  -1.9973e-08
  -1.9974e-08
  -1.9975e-08
  -1.9971e-08
  -1.9973e-08
  -1.9974e-08
  -1.9975e-08
  -1.9971e-08
  -1.9972e-08
  -1.9974e-08
  -1.9975e-08
  -1.9970e-08
  -1.9972e-08
  -1.9974e-08
  -1.9975e-08
  -1.9970e-08
  -1.9972e-08
  -1.9974e-08
  -1.9975e-08
  -1.9970e-08
  -1.9972e-08
  -1.9973e-08
  -1.9975e-08
  -1.9970e-08
  -1.9972e-08
  -1.9973e-08
  -1.9975e-08
  -1.9970e-08
  -1.9971e-08
  -1.9973e-08
  -1.9975e-08
  -1.9969e-08
  -1.9971e-08
  -1.9973e-08
  -1.9975e-08
  -1.9969e-08
  -1.9971e-08
  -1.9973e-08
  -1.9975e-08
  -1.9969e-08
  -1.9971e-08
  -1.9973e-08
  -1.9974e-08
  -1.9969e-08
  -1.9971e-08
  -1.9973e-08
  -1.9974e-08
  -1.9969e-08
  -1.9971e-08
  -1.9973e-08
  -1.9974e-08
  -1.9969e-08
  -1.9971e-08
  -1.9973e-08
  -1.9974e-08
  -1.9968e-08
  -1.9971e-08
  -1.9973e-08
  -1.9974e-08
  -1.9968e-08
  -1.9970e-08
  -1.9972e-08
  -1.9974e-08
  -1.9968e-08
  -1.9970e-08
  -1.9972e-08
  -1.9974e-08
  -1.9968e-08
  -1.9970e-08
  -1.9972e-08
  -1.9974e-08
  -1.9967e-08
  -1.9970e-08
  -1.9972e-08
  -1.9974e-08
  -1.9967e-08
  -1.9970e-08
  -1.9972e-08
  -1.9974e-08
  -1.9967e-08
  -1.9969e-08
  -1.9972e-08
  -1.9974e-08
  -1.9967e-08
  -1.9969e-08
  -1.9971e-08
  -1.9974e-08
  -1.9967e-08
  -1.9969e-08
  -1.9971e-08
  -1.9973e-08
  -1.9966e-08
  -1.9969e-08
  -1.9971e-08
  -1.9973e-08
  -1.9966e-08
  -1.9969e-08
  -1.9971e-08
  -1.9973e-08
  -1.9966e-08
  -1.9969e-08
  -1.9971e-08
  -1.9973e-08
  -1.9966e-08
  -1.9969e-08
  -1.9971e-08
  -1.9973e-08
  -1.9966e-08
  -1.9968e-08
  -1.9971e-08
  -1.9973e-08
  -1.9965e-08
  -1.9968e-08
  -1.9971e-08
  -1.9973e-08
  -1.9965e-08
  -1.9968e-08
  -1.9971e-08
  -1.9973e-08
  -1.9965e-08
  -1.9968e-08
  -1.9970e-08
  -1.9973e-08
  -1.9965e-08
  -1.9968e-08
  -1.9970e-08
  -1.9973e-08
  -1.9965e-08
  -1.9968e-08
  -1.9970e-08
  -1.9973e-08
  -1.9964e-08
  -1.9967e-08
  -1.9970e-08
  -1.9973e-08
  -1.9964e-08
  -1.9967e-08
  -1.9970e-08
  -1.9973e-08
  -1.9964e-08
  -1.9967e-08
  -1.9970e-08
  -1.9973e-08
  -1.9964e-08
  -1.9967e-08
  -1.9970e-08
  -1.9972e-08
  -1.9964e-08
  -1.9967e-08
  -1.9970e-08
  -1.9972e-08
  -1.9964e-08
  -1.9967e-08
  -1.9970e-08
  -1.9972e-08
  -1.9964e-08
  -1.9967e-08
  -1.9970e-08
  -1.9972e-08
  -1.9963e-08
  -1.9967e-08
  -1.9970e-08
  -1.9972e-08
  -1.9963e-08
  -1.9966e-08
  -1.9969e-08
  -1.9972e-08
  -1.9963e-08
  -1.9966e-08
  -1.9969e-08
  -1.9972e-08
  -1.9963e-08
  -1.9966e-08
  -1.9969e-08
  -1.9972e-08
  -1.9963e-08
  -1.9966e-08
  -1.9969e-08
  -1.9972e-08
  -1.9962e-08
  -1.9966e-08
  -1.9969e-08
  -1.9972e-08
  -1.9962e-08
  -1.9966e-08
  -1.9969e-08
  -1.9972e-08
  -1.9962e-08
  -1.9965e-08
  -1.9969e-08
  -1.9972e-08
  -1.9962e-08
  -1.9965e-08
  -1.9969e-08
  -1.9972e-08
  -1.9962e-08
  -1.9965e-08
  -1.9968e-08
  -1.9972e-08
  -1.9962e-08
  -1.9965e-08
  -1.9968e-08
  -1.9972e-08
  -1.9961e-08
  -1.9965e-08
  -1.9968e-08
  -1.9972e-08
  -1.9961e-08
  -1.9965e-08
  -1.9968e-08
  -1.9971e-08
  -1.9961e-08
  -1.9965e-08
  -1.9968e-08
  -1.9971e-08
  -1.9961e-08
  -1.9964e-08
  -1.9968e-08
  -1.9971e-08
  -1.9961e-08
  -1.9964e-08
  -1.9968e-08
  -1.9971e-08
  -1.9960e-08
  -1.9964e-08
  -1.9968e-08
  -1.9971e-08
  -1.9960e-08
  -1.9964e-08
  -1.9968e-08
  -1.9971e-08
  -1.9960e-08
  -1.9964e-08
  -1.9967e-08
  -1.9971e-08
  -1.9960e-08
  -1.9964e-08
  -1.9967e-08
  -1.9971e-08
  -1.9960e-08
  -1.9964e-08
  -1.9967e-08
  -1.9971e-08
  -1.9959e-08
  -1.9963e-08
  -1.9967e-08
  -1.9971e-08
  -1.9959e-08
  -1.9963e-08
  -1.9967e-08
  -1.9971e-08
  -1.9959e-08
  -1.9963e-08
  -1.9967e-08
  -1.9971e-08
  -1.9959e-08
  -1.9963e-08
  -1.9967e-08
  -1.9971e-08
  -1.9959e-08
  -1.9963e-08
  -1.9967e-08
  -1.9971e-08
  -1.9959e-08
  -1.9963e-08
  -1.9967e-08
  -1.9970e-08
  -1.9959e-08
  -1.9963e-08
  -1.9967e-08
  -1.9970e-08
  -1.9958e-08
  -1.9963e-08
  -1.9967e-08
  -1.9970e-08
  -1.9958e-08
  -1.9962e-08
  -1.9966e-08
  -1.9970e-08
  -1.9958e-08
  -1.9962e-08
  -1.9966e-08
  -1.9970e-08
  -1.9958e-08
  -1.9962e-08
  -1.9966e-08
  -1.9970e-08
  -1.9958e-08
  -1.9962e-08
  -1.9966e-08
  -1.9970e-08
  -1.9958e-08
  -1.9962e-08
  -1.9966e-08
  -1.9970e-08
  -1.9958e-08
  -1.9962e-08
  -1.9966e-08
  -1.9970e-08
  -1.9958e-08
  -1.9962e-08
  -1.9966e-08
  -1.9970e-08
  -1.9958e-08
  -1.9962e-08
  -1.9966e-08
  -1.9970e-08
  -1.9957e-08
  -1.9962e-08
  -1.9966e-08
  -1.9970e-08
  -1.9957e-08
  -1.9962e-08
  -1.9966e-08
  -1.9970e-08
  -1.9957e-08
  -1.9961e-08
  -1.9966e-08
  -1.9970e-08
  -1.9957e-08
  -1.9961e-08
  -1.9966e-08
  -1.9970e-08
  -1.9957e-08
  -1.9961e-08
  -1.9966e-08
  -1.9970e-08
  -1.9957e-08
  -1.9961e-08
  -1.9965e-08
  -1.9970e-08
  -1.9956e-08
  -1.9961e-08
  -1.9965e-08
  -1.9969e-08
  -1.9956e-08
  -1.9961e-08
  -1.9965e-08
  -1.9969e-08
  -1.9956e-08
  -1.9961e-08
  -1.9965e-08
  -1.9969e-08
  -1.9956e-08
  -1.9961e-08
  -1.9965e-08
  -1.9969e-08
  -1.9956e-08
  -1.9961e-08
  -1.9965e-08
  -1.9969e-08
  -1.9956e-08
  -1.9961e-08
  -1.9965e-08
  -1.9969e-08
  -1.9956e-08
  -1.9961e-08
  -1.9965e-08
  -1.9969e-08
  -1.9956e-08
  -1.9960e-08
  -1.9965e-08
  -1.9969e-08
  -1.9956e-08
  -1.9960e-08
  -1.9965e-08
  -1.9969e-08
  -1.9955e-08
  -1.9960e-08
  -1.9965e-08
  -1.9969e-08
  -1.9955e-08
  -1.9960e-08
  -1.9965e-08
  -1.9969e-08
  -1.9955e-08
  -1.9960e-08
  -1.9965e-08
  -1.9969e-08
  -1.9955e-08
  -1.9960e-08
  -1.9964e-08
  -1.9969e-08
  -1.9955e-08
  -1.9960e-08
  -1.9964e-08
  -1.9969e-08
  -1.9955e-08
  -1.9960e-08
  -1.9964e-08
  -1.9969e-08
  -1.9955e-08
  -1.9960e-08
  -1.9964e-08
  -1.9969e-08
  -1.9955e-08
  -1.9960e-08
  -1.9964e-08
  -1.9969e-08
  -1.9955e-08
  -1.9960e-08
  -1.9964e-08
  -1.9969e-08
  -1.9955e-08
  -1.9960e-08
  -1.9964e-08
  -1.9969e-08
  -1.9955e-08
  -1.9960e-08
  -1.9964e-08
  -1.9969e-08
  -1.9954e-08
  -1.9959e-08
  -1.9964e-08
  -1.9969e-08
  -1.9954e-08
  -1.9959e-08
  -1.9964e-08
  -1.9969e-08
  -1.9954e-08
  -1.9959e-08
  -1.9964e-08
  -1.9969e-08
  -1.9954e-08
  -1.9959e-08
  -1.9964e-08
  -1.9969e-08
  -1.9954e-08
  -1.9959e-08
  -1.9964e-08
  -1.9969e-08
  -1.9954e-08
  -1.9959e-08
  -1.9964e-08
  -1.9968e-08
  -1.9954e-08
  -1.9959e-08
  -1.9964e-08
  -1.9968e-08
  -1.9954e-08
  -1.9959e-08
  -1.9964e-08
  -1.9968e-08
  -1.9954e-08
  -1.9959e-08
  -1.9964e-08
  -1.9968e-08
  -1.9954e-08
  -1.9959e-08
  -1.9964e-08
  -1.9968e-08
  -1.9954e-08
  -1.9959e-08
  -1.9964e-08
  -1.9968e-08
  -1.9954e-08
  -1.9959e-08
  -1.9964e-08
  -1.9969e-08
  -1.9954e-08
  -1.9959e-08
  -1.9964e-08
  -1.9968e-08
  -1.9953e-08
  -1.9959e-08
  -1.9964e-08
  -1.9968e-08
  -1.9953e-08
  -1.9958e-08
  -1.9963e-08
  -1.9968e-08
  -1.9953e-08
  -1.9958e-08
  -1.9963e-08
  -1.9968e-08
  -1.9953e-08
  -1.9958e-08
  -1.9963e-08
  -1.9968e-08
  -1.9953e-08
  -1.9958e-08
  -1.9963e-08
  -1.9968e-08
  -1.9953e-08
  -1.9958e-08
  -1.9963e-08
  -1.9968e-08
  -1.9953e-08
  -1.9958e-08
  -1.9963e-08
  -1.9968e-08
  -1.9953e-08
  -1.9958e-08
  -1.9963e-08
  -1.9968e-08
  -1.9953e-08
  -1.9958e-08
  -1.9963e-08
  -1.9968e-08
  -1.9953e-08
  -1.9958e-08
  -1.9963e-08
  -1.9968e-08
  -1.9953e-08
  -1.9958e-08
  -1.9963e-08
  -1.9968e-08
  -1.9953e-08
  -1.9958e-08
  -1.9963e-08
  -1.9968e-08
  -1.9953e-08
  -1.9958e-08
  -1.9963e-08
  -1.9968e-08
  -1.9953e-08
  -1.9958e-08
  -1.9963e-08
  -1.9968e-08
  -1.9953e-08
  -1.9958e-08
  -1.9963e-08
  -1.9968e-08
  -1.9953e-08
  -1.9958e-08
  -1.9963e-08
  -1.9968e-08
  -1.9953e-08
  -1.9958e-08
  -1.9963e-08
  -1.9968e-08
  -1.9953e-08
  -1.9958e-08
  -1.9963e-08
  -1.9968e-08
  -1.9953e-08
  -1.9958e-08
  -1.9963e-08
  -1.9968e-08
  -1.9953e-08
  -1.9958e-08
  -1.9963e-08
  -1.9968e-08
  -1.9953e-08
  -1.9958e-08
  -1.9963e-08
  -1.9968e-08
  -1.9953e-08
  -1.9958e-08
  -1.9963e-08
  -1.9968e-08
  -1.9953e-08
  -1.9958e-08
  -1.9963e-08
  -1.9968e-08
  -1.9953e-08
  -1.9958e-08
  -1.9963e-08
  -1.9968e-08
  -1.9953e-08
  -1.9958e-08
  -1.9963e-08
  -1.9968e-08
  -1.9953e-08
  -1.9958e-08
  -1.9963e-08
  -1.9968e-08
  -1.9953e-08
  -1.9958e-08
  -1.9963e-08
  -1.9968e-08
  -1.9953e-08
  -1.9958e-08
  -1.9963e-08
  -1.9968e-08
  -1.9953e-08
  -1.9958e-08
  -1.9963e-08
  -1.9968e-08
  -1.9953e-08
  -1.9958e-08
  -1.9963e-08
  -1.9968e-08
  -1.9953e-08
  -1.9958e-08
  -1.9963e-08
  -1.9968e-08
  -1.9953e-08
  -1.9958e-08
  -1.9963e-08
  -1.9968e-08
  -1.9953e-08
  -1.9958e-08
  -1.9963e-08
  -1.9968e-08
  -1.9953e-08
  -1.9958e-08
  -1.9963e-08
  -1.9968e-08
  -1.9953e-08
  -1.9958e-08
  -1.9963e-08
  -1.9968e-08
  -1.9953e-08
  -1.9958e-08
  -1.9963e-08
  -1.9968e-08
  -1.9953e-08
  -1.9958e-08
  -1.9964e-08
  -1.9968e-08
  -1.9953e-08
  -1.9958e-08
  -1.9964e-08
  -1.9968e-08
  -1.9953e-08
  -1.9958e-08
  -1.9963e-08
  -1.9968e-08
  -1.9953e-08
  -1.9958e-08
  -1.9963e-08
  -1.9968e-08
  -1.9953e-08
  -1.9958e-08
  -1.9963e-08
  -1.9968e-08
  -1.9953e-08
  -1.9958e-08
  -1.9963e-08
  -1.9968e-08
  -1.9953e-08
  -1.9958e-08
  -1.9963e-08
  -1.9968e-08
  -1.9953e-08
  -1.9958e-08
  -1.9963e-08
  -1.9968e-08
  -1.9953e-08
  -1.9958e-08
  -1.9964e-08
  -1.9968e-08
  -1.9953e-08
  -1.9959e-08
  -1.9964e-08
  -1.9968e-08
  -1.9953e-08
  -1.9959e-08
  -1.9964e-08
  -1.9968e-08
  -1.9953e-08
  -1.9959e-08
  -1.9964e-08
  -1.9968e-08
  -1.9954e-08
  -1.9959e-08
  -1.9964e-08
  -1.9969e-08
  -1.9954e-08
  -1.9959e-08
  -1.9964e-08
  -1.9969e-08
  -1.9954e-08
  -1.9959e-08
  -1.9964e-08
  -1.9969e-08
  -1.9954e-08
  -1.9959e-08
  -1.9964e-08
  -1.9969e-08
  -1.9954e-08
  -1.9959e-08
  -1.9964e-08
  -1.9969e-08
  -1.9954e-08
  -1.9959e-08
  -1.9964e-08
  -1.9969e-08
  -1.9954e-08
  -1.9959e-08
  -1.9964e-08
  -1.9969e-08
  -1.9954e-08
  -1.9959e-08
  -1.9964e-08
  -1.9969e-08
  -1.9954e-08
  -1.9959e-08
  -1.9964e-08
  -1.9969e-08
  -1.9954e-08
  -1.9959e-08
  -1.9964e-08
  -1.9969e-08
  -1.9955e-08
  -1.9960e-08
  -1.9964e-08
  -1.9969e-08
  -1.9955e-08
  -1.9960e-08
  -1.9964e-08
  -1.9969e-08
  -1.9955e-08
  -1.9960e-08
  -1.9965e-08
  -1.9969e-08
  -1.9955e-08
  -1.9960e-08
  -1.9965e-08
  -1.9969e-08
  -1.9955e-08
  -1.9960e-08
  -1.9965e-08
  -1.9969e-08
  -1.9955e-08
  -1.9960e-08
  -1.9965e-08
  -1.9969e-08
  -1.9955e-08
  -1.9960e-08
  -1.9965e-08
  -1.9969e-08
  -1.9955e-08
  -1.9960e-08
  -1.9965e-08
  -1.9969e-08
  -1.9955e-08
  -1.9960e-08
  -1.9965e-08
  -1.9969e-08
  -1.9956e-08
  -1.9960e-08
  -1.9965e-08
  -1.9969e-08
  -1.9956e-08
  -1.9961e-08
  -1.9965e-08
  -1.9969e-08
  -1.9956e-08
  -1.9961e-08
  -1.9965e-08
  -1.9969e-08
  -1.9956e-08
  -1.9961e-08
  -1.9965e-08
  -1.9969e-08
  -1.9956e-08
  -1.9961e-08
  -1.9965e-08
  -1.9970e-08
  -1.9956e-08
  -1.9961e-08
  -1.9965e-08
  -1.9970e-08
  -1.9957e-08
  -1.9961e-08
  -1.9966e-08
  -1.9970e-08
  -1.9957e-08
  -1.9961e-08
  -1.9966e-08
  -1.9970e-08
  -1.9957e-08
  -1.9962e-08
  -1.9966e-08
  -1.9970e-08
  -1.9957e-08
  -1.9962e-08
  -1.9966e-08
  -1.9970e-08
  -1.9957e-08
  -1.9962e-08
  -1.9966e-08
  -1.9970e-08
  -1.9957e-08
  -1.9962e-08
  -1.9966e-08
  -1.9970e-08
  -1.9957e-08
  -1.9962e-08
  -1.9966e-08
  -1.9970e-08
  -1.9958e-08
  -1.9962e-08
  -1.9966e-08
  -1.9970e-08
  -1.9958e-08
  -1.9962e-08
  -1.9966e-08
  -1.9970e-08
  -1.9958e-08
  -1.9962e-08
  -1.9967e-08
  -1.9970e-08
  -1.9958e-08
  -1.9963e-08
  -1.9967e-08
  -1.9970e-08
  -1.9958e-08
  -1.9963e-08
  -1.9967e-08
  -1.9971e-08
  -1.9959e-08
  -1.9963e-08
  -1.9967e-08
  -1.9971e-08
  -1.9959e-08
  -1.9963e-08
  -1.9967e-08
  -1.9971e-08
  -1.9959e-08
  -1.9963e-08
  -1.9967e-08
  -1.9971e-08
  -1.9959e-08
  -1.9964e-08
  -1.9967e-08
  -1.9971e-08
  -1.9960e-08
  -1.9964e-08
  -1.9967e-08
  -1.9971e-08
  -1.9960e-08
  -1.9964e-08
  -1.9968e-08
  -1.9971e-08
  -1.9960e-08
  -1.9964e-08
  -1.9968e-08
  -1.9971e-08
  -1.9960e-08
  -1.9964e-08
  -1.9968e-08
  -1.9971e-08
  -1.9960e-08
  -1.9964e-08
  -1.9968e-08
  -1.9971e-08
  -1.9961e-08
  -1.9965e-08
  -1.9968e-08
  -1.9971e-08
  -1.9961e-08
  -1.9965e-08
  -1.9968e-08
  -1.9971e-08
  -1.9961e-08
  -1.9965e-08
  -1.9968e-08
  -1.9972e-08
  -1.9961e-08
  -1.9965e-08
  -1.9969e-08
  -1.9972e-08
  -1.9962e-08
  -1.9965e-08
  -1.9969e-08
  -1.9972e-08
  -1.9962e-08
  -1.9966e-08
  -1.9969e-08
  -1.9972e-08
  -1.9962e-08
  -1.9966e-08
  -1.9969e-08
  -1.9972e-08
  -1.9962e-08
  -1.9966e-08
  -1.9969e-08
  -1.9972e-08
  -1.9962e-08
  -1.9966e-08
  -1.9969e-08
  -1.9972e-08
  -1.9963e-08
  -1.9966e-08
  -1.9969e-08
  -1.9972e-08
  -1.9963e-08
  -1.9966e-08
  -1.9969e-08
  -1.9972e-08
  -1.9963e-08
  -1.9966e-08
  -1.9970e-08
  -1.9972e-08
  -1.9963e-08
  -1.9967e-08
  -1.9970e-08
  -1.9972e-08
  -1.9964e-08
  -1.9967e-08
  -1.9970e-08
  -1.9973e-08
  -1.9964e-08
  -1.9967e-08
  -1.9970e-08
  -1.9973e-08
  -1.9964e-08
  -1.9967e-08
  -1.9970e-08
  -1.9973e-08
  -1.9964e-08
  -1.9968e-08
  -1.9970e-08
  -1.9973e-08
  -1.9965e-08
  -1.9968e-08
  -1.9971e-08
  -1.9973e-08
  -1.9965e-08
  -1.9968e-08
  -1.9971e-08
  -1.9973e-08
  -1.9965e-08
  -1.9968e-08
  -1.9971e-08
  -1.9973e-08
  -1.9966e-08
  -1.9968e-08
  -1.9971e-08
  -1.9973e-08
  -1.9966e-08
  -1.9969e-08
  -1.9971e-08
  -1.9973e-08
  -1.9966e-08
  -1.9969e-08
  -1.9971e-08
  -1.9974e-08
  -1.9966e-08
  -1.9969e-08
  -1.9972e-08
  -1.9974e-08
  -1.9967e-08
  -1.9969e-08
  -1.9972e-08
  -1.9974e-08
  -1.9967e-08
  -1.9970e-08
  -1.9972e-08
  -1.9974e-08
  -1.9967e-08
  -1.9970e-08
  -1.9972e-08
  -1.9974e-08
  -1.9968e-08
  -1.9970e-08
  -1.9972e-08
  -1.9974e-08
  -1.9968e-08
  -1.9970e-08
  -1.9972e-08
  -1.9974e-08
  -1.9968e-08
  -1.9971e-08
  -1.9973e-08
  -1.9975e-08
  -1.9969e-08
  -1.9971e-08
  -1.9973e-08
  -1.9975e-08
  -1.9969e-08
  -1.9971e-08
  -1.9973e-08
  -1.9975e-08
  -1.9969e-08
  -1.9971e-08
  -1.9973e-08
  -1.9975e-08
  -1.9969e-08
  -1.9972e-08
  -1.9973e-08
  -1.9975e-08
  -1.9970e-08
  -1.9972e-08
  -1.9974e-08
  -1.9975e-08
  -1.9970e-08
  -1.9972e-08
  -1.9974e-08
  -1.9975e-08
  -1.9970e-08
  -1.9972e-08
  -1.9974e-08
  -1.9975e-08
  -1.9971e-08
  -1.9973e-08
  -1.9974e-08
  -1.9975e-08
  -1.9971e-08
  -1.9973e-08
  -1.9974e-08
  -1.9975e-08
  -1.9971e-08
  -1.9973e-08
  -1.9974e-08
  -1.9976e-08
  -1.9972e-08
  -1.9973e-08
  -1.9975e-08
  -1.9976e-08
  -1.9972e-08
  -1.9974e-08
  -1.9975e-08
  -1.9976e-08
  -1.9972e-08
  -1.9974e-08
  -1.9975e-08
  -1.9976e-08
  -1.9973e-08
  -1.9974e-08
  -1.9975e-08
  -1.9976e-08
  -1.9973e-08
  -1.9974e-08
  -1.9976e-08
  -1.9976e-08
  -1.9973e-08
  -1.9975e-08
  -1.9976e-08
  -1.9976e-08
  -1.9973e-08
  -1.9975e-08
  -1.9976e-08
  -1.9977e-08
  -1.9974e-08
  -1.9975e-08
  -1.9976e-08
  -1.9977e-08
  -1.9974e-08
  -1.9975e-08
  -1.9976e-08
  -1.9977e-08
  -1.9974e-08
  -1.9975e-08
  -1.9976e-08
  -1.9977e-08
  -1.9975e-08
  -1.9976e-08
  -1.9977e-08
  -1.9977e-08
  -1.9975e-08
  -1.9976e-08
  -1.9977e-08
  -1.9977e-08
  -1.9975e-08
  -1.9976e-08
  -1.9977e-08
  -1.9977e-08
  -1.9976e-08
  -1.9977e-08
  -1.9977e-08
  -1.9977e-08
  -1.9976e-08
  -1.9977e-08
  -1.9977e-08
  -1.9978e-08
  -1.9976e-08
  -1.9977e-08
  -1.9978e-08
  -1.9978e-08
  -1.9977e-08
  -1.9978e-08
  -1.9978e-08
  -1.9978e-08
  -1.9977e-08
  -1.9978e-08
  -1.9978e-08
  -1.9978e-08
  -1.9977e-08
  -1.9978e-08
  -1.9978e-08
  -1.9978e-08
  -1.9978e-08
  -1.9978e-08
  -1.9978e-08
  -1.9978e-08
  -1.9978e-08
  -1.9978e-08
  -1.9979e-08
  -1.9978e-08
  -1.9978e-08
  -1.9979e-08
  -1.9979e-08
  -1.9978e-08
  -1.9979e-08
  -1.9979e-08
  -1.9979e-08
  -1.9979e-08
  -1.9979e-08
  -1.9979e-08
  -1.9979e-08
  -1.9979e-08
  -1.9979e-08
  -1.9979e-08
  -1.9979e-08
  -1.9979e-08
  -1.9980e-08
  -1.9980e-08
  -1.9980e-08
  -1.9979e-08
  -1.9980e-08
  -1.9980e-08
  -1.9980e-08
  -1.9979e-08
  -1.9980e-08
  -1.9980e-08
  -1.9980e-08
  -1.9979e-08
  -1.9981e-08
  -1.9981e-08
  -1.9980e-08
  -1.9980e-08
  -1.9981e-08
  -1.9981e-08
  -1.9980e-08
  -1.9980e-08
  -1.9981e-08
  -1.9981e-08
  -1.9981e-08
  -1.9980e-08
  -1.9982e-08
  -1.9981e-08
  -1.9981e-08
  -1.9980e-08
  -1.9982e-08
  -1.9982e-08
  -1.9981e-08
  -1.9980e-08
  -1.9982e-08
  -1.9982e-08
  -1.9981e-08
  -1.9980e-08
  -1.9982e-08
  -1.9982e-08
  -1.9981e-08
  -1.9980e-08
  -1.9983e-08
  -1.9982e-08
  -1.9981e-08
  -1.9980e-08
  -1.9983e-08
  -1.9982e-08
  -1.9982e-08
  -1.9980e-08
  -1.9983e-08
  -1.9983e-08
  -1.9982e-08
  -1.9981e-08
  -1.9984e-08
  -1.9983e-08
  -1.9982e-08
  -1.9981e-08
  -1.9984e-08
  -1.9983e-08
  -1.9982e-08
  -1.9981e-08
  -1.9984e-08
  -1.9984e-08
  -1.9983e-08
  -1.9981e-08
  -1.9985e-08
  -1.9984e-08
  -1.9983e-08
  -1.9981e-08
  -1.9985e-08
  -1.9984e-08
  -1.9983e-08
  -1.9981e-08
  -1.9985e-08
  -1.9984e-08
  -1.9983e-08
  -1.9981e-08
  -1.9986e-08
  -1.9985e-08
  -1.9983e-08
  -1.9981e-08
  -1.9986e-08
  -1.9985e-08
  -1.9983e-08
  -1.9982e-08
  -1.9986e-08
  -1.9985e-08
  -1.9984e-08
  -1.9982e-08
  -1.9987e-08
  -1.9985e-08
  -1.9984e-08
  -1.9982e-08
  -1.9987e-08
  -1.9986e-08
  -1.9984e-08
  -1.9982e-08
  -1.9987e-08
  -1.9986e-08
  -1.9984e-08
  -1.9982e-08
  -1.9988e-08
  -1.9986e-08
  -1.9984e-08
  -1.9982e-08
  -1.9988e-08
  -1.9986e-08
  -1.9985e-08
  -1.9982e-08
  -1.9988e-08
  -1.9987e-08
  -1.9985e-08
  -1.9983e-08
  -1.9989e-08
  -1.9987e-08
  -1.9985e-08
  -1.9983e-08
  -1.9989e-08
  -1.9987e-08
  -1.9985e-08
  -1.9983e-08
  -1.9989e-08
  -1.9987e-08
  -1.9985e-08
  -1.9983e-08
  -1.9990e-08
  -1.9988e-08
  -1.9985e-08
  -1.9983e-08
  -1.9990e-08
  -1.9988e-08
  -1.9986e-08
  -1.9983e-08
  -1.9990e-08
  -1.9988e-08
  -1.9986e-08
  -1.9983e-08
  -1.9990e-08
  -1.9988e-08
  -1.9986e-08
  -1.9983e-08
  -1.9991e-08
  -1.9989e-08
  -1.9986e-08
  -1.9983e-08
  -1.9991e-08
  -1.9989e-08
  -1.9986e-08
  -1.9984e-08
  -1.9991e-08
  -1.9989e-08
  -1.9986e-08
  -1.9984e-08
  -1.9992e-08
  -1.9989e-08
  -1.9987e-08
  -1.9984e-08
  -1.9992e-08
  -1.9990e-08
  -1.9987e-08
  -1.9984e-08
  -1.9992e-08
  -1.9990e-08
  -1.9987e-08
  -1.9984e-08
  -1.9993e-08
  -1.9990e-08
  -1.9987e-08
  -1.9984e-08
  -1.9993e-08
  -1.9990e-08
  -1.9987e-08
  -1.9984e-08
  -1.9993e-08
  -1.9990e-08
  -1.9987e-08
  -1.9984e-08
  -1.9993e-08
  -1.9991e-08
  -1.9988e-08
  -1.9984e-08
  -1.9993e-08
  -1.9991e-08
  -1.9988e-08
  -1.9984e-08
  -1.9994e-08
  -1.9991e-08
  -1.9988e-08
  -1.9985e-08
  -1.9994e-08
  -1.9991e-08
  -1.9988e-08
  -1.9985e-08
  -1.9994e-08
  -1.9991e-08
  -1.9988e-08
  -1.9985e-08
  -1.9994e-08
  -1.9992e-08
  -1.9988e-08
  -1.9985e-08
  -1.9995e-08
  -1.9992e-08
  -1.9989e-08
  -1.9985e-08
  -1.9995e-08
  -1.9992e-08
  -1.9989e-08
  -1.9985e-08
  -1.9995e-08
  -1.9992e-08
  -1.9989e-08
  -1.9985e-08
  -1.9996e-08
  -1.9992e-08
  -1.9989e-08
  -1.9985e-08
  -1.9996e-08
  -1.9993e-08
  -1.9989e-08
  -1.9985e-08
  -1.9996e-08
  -1.9993e-08
  -1.9989e-08
  -1.9986e-08
  -1.9996e-08
  -1.9993e-08
  -1.9989e-08
  -1.9986e-08
  -1.9996e-08
  -1.9993e-08
  -1.9990e-08
  -1.9986e-08
  -1.9997e-08
  -1.9993e-08
  -1.9990e-08
  -1.9986e-08
  -1.9997e-08
  -1.9993e-08
  -1.9990e-08
  -1.9986e-08
  -1.9997e-08
  -1.9994e-08
  -1.9990e-08
  -1.9986e-08
  -1.9997e-08
  -1.9994e-08
  -1.9990e-08
  -1.9986e-08
  -1.9998e-08
  -1.9994e-08
  -1.9990e-08
  -1.9986e-08
  -1.9998e-08
  -1.9994e-08
  -1.9990e-08
  -1.9986e-08
  -1.9998e-08
  -1.9994e-08
  -1.9991e-08
  -1.9986e-08
  -1.9998e-08
  -1.9995e-08
  -1.9991e-08
  -1.9987e-08
  -1.9999e-08
  -1.9995e-08
  -1.9991e-08
  -1.9987e-08
  -1.9999e-08
  -1.9995e-08
  -1.9991e-08
  -1.9987e-08
  -1.9999e-08
  -1.9995e-08
  -1.9991e-08
  -1.9987e-08
  -1.9999e-08
  -1.9995e-08
  -1.9991e-08
  -1.9987e-08
  -1.9999e-08
  -1.9995e-08
  -1.9991e-08
  -1.9987e-08
  -1.9999e-08
  -1.9996e-08
  -1.9991e-08
  -1.9987e-08
  -2.0000e-08
  -1.9996e-08
  -1.9991e-08
  -1.9987e-08
  -2.0000e-08
  -1.9996e-08
  -1.9992e-08
  -1.9987e-08
  -2.0000e-08
  -1.9996e-08
  -1.9992e-08
  -1.9987e-08
  -2.0000e-08
  -1.9996e-08
  -1.9992e-08
  -1.9987e-08
  -2.0000e-08
  -1.9996e-08
  -1.9992e-08
  -1.9987e-08
  -2.0001e-08
  -1.9996e-08
  -1.9992e-08
  -1.9987e-08
  -2.0001e-08
  -1.9997e-08
  -1.9992e-08
  -1.9988e-08
  -2.0001e-08
  -1.9997e-08
  -1.9992e-08
  -1.9988e-08
  -2.0001e-08
  -1.9997e-08
  -1.9992e-08
  -1.9988e-08
  -2.0001e-08
  -1.9997e-08
  -1.9992e-08
  -1.9988e-08
  -2.0001e-08
  -1.9997e-08
  -1.9992e-08
  -1.9988e-08
  -2.0001e-08
  -1.9997e-08
  -1.9993e-08
  -1.9988e-08
  -2.0002e-08
  -1.9997e-08
  -1.9993e-08
  -1.9988e-08
  -2.0002e-08
  -1.9997e-08
  -1.9993e-08
  -1.9988e-08
  -2.0002e-08
  -1.9998e-08
  -1.9993e-08
  -1.9988e-08
  -2.0002e-08
  -1.9998e-08
  -1.9993e-08
  -1.9988e-08
  -2.0002e-08
  -1.9998e-08
  -1.9993e-08
  -1.9988e-08
  -2.0002e-08
  -1.9998e-08
  -1.9993e-08
  -1.9988e-08
  -2.0003e-08
  -1.9998e-08
  -1.9993e-08
  -1.9988e-08
  -2.0003e-08
  -1.9998e-08
  -1.9993e-08
  -1.9988e-08
  -2.0003e-08
  -1.9998e-08
  -1.9993e-08
  -1.9988e-08
  -2.0003e-08
  -1.9998e-08
  -1.9993e-08
  -1.9988e-08
  -2.0003e-08
  -1.9998e-08
  -1.9994e-08
  -1.9988e-08
  -2.0003e-08
  -1.9999e-08
  -1.9994e-08
  -1.9988e-08
  -2.0003e-08
  -1.9999e-08
  -1.9994e-08
  -1.9988e-08
  -2.0003e-08
  -1.9999e-08
  -1.9994e-08
  -1.9988e-08
  -2.0004e-08
  -1.9999e-08
  -1.9994e-08
  -1.9988e-08
  -2.0004e-08
  -1.9999e-08
  -1.9994e-08
  -1.9988e-08
  -2.0004e-08
  -1.9999e-08
  -1.9994e-08
  -1.9989e-08
  -2.0004e-08
  -1.9999e-08
  -1.9994e-08
  -1.9989e-08
  -2.0004e-08
  -1.9999e-08
  -1.9994e-08
  -1.9989e-08
  -2.0004e-08
  -1.9999e-08
  -1.9994e-08
  -1.9989e-08
  -2.0004e-08
  -1.9999e-08
  -1.9994e-08
  -1.9989e-08
  -2.0004e-08
  -1.9999e-08
  -1.9994e-08
  -1.9989e-08
  -2.0004e-08
  -1.9999e-08
  -1.9994e-08
  -1.9989e-08
  -2.0004e-08
  -1.9999e-08
  -1.9994e-08
  -1.9989e-08
  -2.0004e-08
  -1.9999e-08
  -1.9994e-08
  -1.9989e-08
  -2.0004e-08
  -2.0000e-08
  -1.9994e-08
  -1.9989e-08
  -2.0005e-08
  -2.0000e-08
  -1.9994e-08
  -1.9989e-08
  -2.0005e-08
  -2.0000e-08
  -1.9994e-08
  -1.9989e-08
  -2.0005e-08
  -2.0000e-08
  -1.9994e-08
  -1.9989e-08
  -2.0005e-08
  -2.0000e-08
  -1.9994e-08
  -1.9989e-08
  -2.0005e-08
  -2.0000e-08
  -1.9994e-08
  -1.9989e-08
  -2.0005e-08
  -2.0000e-08
  -1.9995e-08
  -1.9989e-08
  -2.0005e-08
  -2.0000e-08
  -1.9995e-08
  -1.9989e-08
  -2.0005e-08
  -2.0000e-08
  -1.9995e-08
  -1.9989e-08
  -2.0005e-08
  -2.0000e-08
  -1.9995e-08
  -1.9989e-08
  -2.0005e-08
  -2.0000e-08
  -1.9995e-08
  -1.9989e-08
  -2.0005e-08
  -2.0000e-08
  -1.9995e-08
  -1.9989e-08
  -2.0005e-08
  -2.0000e-08
  -1.9995e-08
  -1.9989e-08
  -2.0005e-08
  -2.0000e-08
  -1.9995e-08
  -1.9989e-08
  -2.0005e-08
  -2.0000e-08
  -1.9995e-08
  -1.9989e-08
  -2.0005e-08
  -2.0000e-08
  -1.9995e-08
  -1.9989e-08
  -2.0005e-08
  -2.0000e-08
  -1.9995e-08
  -1.9989e-08
  -2.0005e-08
  -2.0000e-08
  -1.9995e-08
  -1.9989e-08
  -2.0005e-08
  -2.0000e-08
  -1.9995e-08
  -1.9989e-08
  -2.0005e-08
  -2.0000e-08
  -1.9995e-08
  -1.9989e-08
  -2.0005e-08
  -2.0000e-08
  -1.9995e-08
  -1.9989e-08
  -2.0005e-08
  -2.0000e-08
  -1.9995e-08
  -1.9989e-08
  -2.0005e-08
  -2.0000e-08
  -1.9995e-08
  -1.9989e-08
  -2.0005e-08
  -2.0000e-08
  -1.9995e-08
  -1.9989e-08
  -2.0005e-08
  -2.0000e-08
  -1.9995e-08
  -1.9989e-08
  -2.0005e-08
  -2.0000e-08
  -1.9995e-08
  -1.9989e-08
  -2.0005e-08
  -2.0000e-08
  -1.9995e-08
  -1.9989e-08
  -2.0005e-08
  -2.0000e-08
  -1.9995e-08
  -1.9989e-08
  -2.0005e-08
  -2.0000e-08
  -1.9995e-08
  -1.9989e-08
  -2.0005e-08
  -2.0000e-08
  -1.9995e-08
  -1.9989e-08
  -2.0005e-08
  -2.0000e-08
  -1.9995e-08
  -1.9989e-08
  -2.0005e-08
  -2.0000e-08
  -1.9995e-08
  -1.9989e-08
  -2.0005e-08
  -2.0000e-08
  -1.9995e-08
  -1.9989e-08
  -2.0005e-08
  -2.0000e-08
  -1.9995e-08
  -1.9989e-08
  -2.0005e-08
  -2.0000e-08
  -1.9995e-08
  -1.9989e-08
  -2.0005e-08
  -2.0000e-08
  -1.9995e-08
  -1.9989e-08
  -2.0005e-08
  -2.0000e-08
  -1.9995e-08
  -1.9989e-08
  -2.0005e-08
  -2.0000e-08
  -1.9995e-08
  -1.9989e-08
  -2.0005e-08
  -2.0000e-08
  -1.9995e-08
  -1.9989e-08
  -2.0005e-08
  -2.0000e-08
  -1.9994e-08
  -1.9989e-08
  -2.0005e-08
  -2.0000e-08
  -1.9994e-08
  -1.9989e-08
  -2.0005e-08
  -2.0000e-08
  -1.9994e-08
  -1.9989e-08
  -2.0005e-08
  -2.0000e-08
  -1.9994e-08
  -1.9989e-08
  -2.0005e-08
  -2.0000e-08
  -1.9994e-08
  -1.9989e-08
  -2.0005e-08
  -2.0000e-08
  -1.9994e-08
  -1.9989e-08
  -2.0005e-08
  -2.0000e-08
  -1.9994e-08
  -1.9989e-08
  -2.0005e-08
  -2.0000e-08
  -1.9994e-08
  -1.9989e-08
  -2.0005e-08
  -2.0000e-08
  -1.9994e-08
  -1.9989e-08
  -2.0004e-08
  -1.9999e-08
  -1.9994e-08
  -1.9989e-08
  -2.0004e-08
  -1.9999e-08
  -1.9994e-08
  -1.9989e-08
  -2.0004e-08
  -1.9999e-08
  -1.9994e-08
  -1.9989e-08
  -2.0004e-08
  -1.9999e-08
  -1.9994e-08
  -1.9989e-08
  -2.0004e-08
  -1.9999e-08
  -1.9994e-08
  -1.9989e-08
  -2.0004e-08
  -1.9999e-08
  -1.9994e-08
  -1.9989e-08
  -2.0004e-08
  -1.9999e-08
  -1.9994e-08
  -1.9989e-08
  -2.0004e-08
  -1.9999e-08
  -1.9994e-08
  -1.9989e-08
  -2.0004e-08
  -1.9999e-08
  -1.9994e-08
  -1.9989e-08
  -2.0004e-08
  -1.9999e-08
  -1.9994e-08
  -1.9989e-08
  -2.0004e-08
  -1.9999e-08
  -1.9994e-08
  -1.9989e-08
  -2.0004e-08
  -1.9999e-08
  -1.9994e-08
  -1.9988e-08
  -2.0004e-08
  -1.9999e-08
  -1.9994e-08
  -1.9988e-08
  -2.0003e-08
  -1.9999e-08
  -1.9994e-08
  -1.9988e-08
  -2.0003e-08
  -1.9998e-08
  -1.9993e-08
  -1.9988e-08
  -2.0003e-08
  -1.9998e-08
  -1.9993e-08
  -1.9988e-08
  -2.0003e-08
  -1.9998e-08
  -1.9993e-08
  -1.9988e-08
  -2.0003e-08
  -1.9998e-08
  -1.9993e-08
  -1.9988e-08
  -2.0003e-08
  -1.9998e-08
  -1.9993e-08
  -1.9988e-08
  -2.0003e-08
  -1.9998e-08
  -1.9993e-08
  -1.9988e-08
  -2.0003e-08
  -1.9998e-08
  -1.9993e-08
  -1.9988e-08
  -2.0003e-08
  -1.9998e-08
  -1.9993e-08
  -1.9988e-08
