  -1.9989e-08
  -2.0021e-08
  -2.0011e-08
  -2.0000e-08
  -1.9989e-08
  -2.0028e-08
  -2.0018e-08
  -2.0008e-08
  -1.9996e-08
  -2.0035e-08
  -2.0025e-08
  -2.0014e-08
  -2.0002e-08
  -2.0041e-08
  -2.0031e-08
  -2.0021e-08
  -2.0009e-08
  -2.0047e-08
  -2.0038e-08
  -2.0027e-08
  -2.0016e-08
  -2.0054e-08
  -2.0044e-08
  -2.0034e-08
  -2.0023e-08
  -2.0060e-08
  -2.0051e-08
  -2.0041e-08
  -2.0030e-08
  -2.0067e-08
  -2.0058e-08
  -2.0048e-08
  -2.0037e-08
  -2.0073e-08
  -2.0064e-08
  -2.0054e-08
  -2.0043e-08
  -2.0079e-08
  -2.0070e-08
  -2.0060e-08
  -2.0049e-08
  -2.0085e-08
  -2.0076e-08
  -2.0066e-08
  -2.0056e-08
  -2.0091e-08
  -2.0082e-08
  -2.0073e-08
  -2.0062e-08
  -2.0097e-08
  -2.0088e-08
  -2.0079e-08
  -2.0069e-08
  -2.0103e-08
  -2.0095e-08
  -2.0086e-08
  -2.0076e-08
  -2.0109e-08
  -2.0101e-08
  -2.0092e-08
  -2.0082e-08
  -2.0115e-08
  -2.0107e-08
  -2.0098e-08
  -2.0088e-08
  -2.0120e-08
  -2.0112e-08
  -2.0104e-08
  -2.0094e-08
  -2.0126e-08
  -2.0118e-08
  -2.0110e-08
  -2.0100e-08
  -2.0132e-08
  -2.0124e-08
  -2.0116e-08
  -2.0106e-08
  -2.0138e-08
  -2.0130e-08
  -2.0122e-08
  -2.0113e-08
  -2.0144e-08
  -2.0137e-08
  -2.0128e-08
  -2.0119e-08
  -2.0149e-08
  -2.0142e-08
  -2.0134e-08
  -2.0125e-08
  -2.0155e-08
  -2.0147e-08
  -2.0140e-08
  -2.0131e-08
  -2.0160e-08
  -2.0153e-08
  -2.0145e-08
  -2.0137e-08
  -2.0166e-08
  -2.0159e-08
  -2.0151e-08
  -2.0143e-08
  -2.0171e-08
  -2.0165e-08
  -2.0157e-08
  -2.0149e-08
  -2.0177e-08
  -2.0171e-08
  -2.0163e-08
  -2.0155e-08
  -2.0182e-08
  -2.0176e-08
  -2.0169e-08
  -2.0161e-08
  -2.0187e-08
  -2.0181e-08
  -2.0174e-08
  -2.0167e-08
  -2.0192e-08
  -2.0187e-08
  -2.0180e-08
  -2.0172e-08
  -2.0198e-08
  -2.0192e-08
  -2.0186e-08
  -2.0178e-08
  -2.0203e-08
  -2.0197e-08
  -2.0191e-08
  -2.0184e-08
  -2.0208e-08
  -2.0203e-08
  -2.0197e-08
  -2.0190e-08
  -2.0214e-08
  -2.0209e-08
  -2.0203e-08
  -2.0196e-08
  -2.0219e-08
  -2.0214e-08
  -2.0208e-08
  -2.0201e-08
  -2.0224e-08
  -2.0219e-08
  -2.0213e-08
  -2.0207e-08
  -2.0229e-08
  -2.0224e-08
  -2.0219e-08
  -2.0213e-08
  -2.0234e-08
  -2.0229e-08
  -2.0224e-08
  -2.0219e-08
  -2.0239e-08
  -2.0235e-08
  -2.0230e-08
  -2.0225e-08
  -2.0244e-08
  -2.0241e-08
  -2.0236e-08
  -2.0230e-08
  -2.0249e-08
  -2.0245e-08
  -2.0241e-08
  -2.0236e-08
  -2.0254e-08
  -2.0250e-08
  -2.0246e-08
  -2.0241e-08
  -2.0259e-08
  -2.0256e-08
  -2.0251e-08
  -2.0247e-08
  -2.0264e-08
  -2.0261e-08
  -2.0257e-08
  -2.0252e-08
  -2.0269e-08
  -2.0266e-08
  -2.0262e-08
  -2.0258e-08
  -2.0274e-08
  -2.0271e-08
  -2.0268e-08
  -2.0264e-08
  -2.0279e-08
  -2.0276e-08
  -2.0273e-08
  -2.0269e-08
  -2.0283e-08
  -2.0281e-08
  -2.0278e-08
  -2.0274e-08
  -2.0288e-08
  -2.0286e-08
  -2.0283e-08
  -2.0280e-08
  -2.0293e-08
  -2.0291e-08
  -2.0289e-08
  -2.0285e-08
  -2.0298e-08
  -2.0296e-08
  -2.0294e-08
  -2.0291e-08
  -2.0303e-08
  -2.0302e-08
  -2.0300e-08
  -2.0297e-08
  -2.0308e-08
  -2.0307e-08
  -2.0305e-08
  -2.0302e-08
  -2.0312e-08
  -2.0312e-08
  -2.0310e-08
  -2.0307e-08
  -2.0317e-08
  -2.0316e-08
  -2.0315e-08
  -2.0313e-08
  -2.0322e-08
  -2.0321e-08
  -2.0320e-08
  -2.0318e-08
  -2.0327e-08
  -2.0326e-08
  -2.0326e-08
  -2.0324e-08
  -2.0332e-08
  -2.0332e-08
  -2.0331e-08
  -2.0330e-08
  -2.0337e-08
  -2.0337e-08
  -2.0336e-08
  -2.0335e-08
  -2.0341e-08
  -2.0341e-08
  -2.0341e-08
  -2.0340e-08
  -2.0345e-08
  -2.0346e-08
  -2.0346e-08
  -2.0345e-08
  -2.0350e-08
  -2.0351e-08
  -2.0351e-08
  -2.0351e-08
  -2.0355e-08
  -2.0356e-08
  -2.0357e-08
  -2.0356e-08
  -2.0360e-08
  -2.0361e-08
  -2.0362e-08
  -2.0362e-08
  -2.0365e-08
  -2.0367e-08
  -2.0368e-08
  -2.0368e-08
  -2.0369e-08
  -2.0371e-08
  -2.0372e-08
  -2.0373e-08
  -2.0374e-08
  -2.0376e-08
  -2.0377e-08
  -2.0378e-08
  -2.0378e-08
  -2.0381e-08
  -2.0383e-08
  -2.0384e-08
  -2.0383e-08
  -2.0386e-08
  -2.0388e-08
  -2.0389e-08
  -2.0388e-08
  -2.0391e-08
  -2.0393e-08
  -2.0395e-08
  -2.0393e-08
  -2.0397e-08
  -2.0399e-08
  -2.0401e-08
  -2.0398e-08
  -2.0401e-08
  -2.0404e-08
  -2.0406e-08
  -2.0403e-08
  -2.0406e-08
  -2.0409e-08
  -2.0411e-08
  -2.0407e-08
  -2.0411e-08
  -2.0414e-08
  -2.0417e-08
  -2.0412e-08
  -2.0416e-08
  -2.0419e-08
  -2.0422e-08
  -2.0417e-08
  -2.0421e-08
  -2.0425e-08
  -2.0428e-08
  -2.0422e-08
  -2.0426e-08
  -2.0430e-08
  -2.0434e-08
  -2.0427e-08
  -2.0432e-08
  -2.0436e-08
  -2.0439e-08
  -2.0431e-08
  -2.0436e-08
  -2.0440e-08
  -2.0444e-08
  -2.0436e-08
  -2.0441e-08
  -2.0446e-08
  -2.0450e-08
  -2.0440e-08
  -2.0446e-08
  -2.0451e-08
  -2.0455e-08
  -2.0445e-08
  -2.0451e-08
  -2.0456e-08
  -2.0461e-08
  -2.0450e-08
  -2.0456e-08
  -2.0462e-08
  -2.0467e-08
  -2.0456e-08
  -2.0462e-08
  -2.0468e-08
  -2.0472e-08
  -2.0460e-08
  -2.0467e-08
  -2.0473e-08
  -2.0478e-08
  -2.0465e-08
  -2.0472e-08
  -2.0478e-08
  -2.0483e-08
  -2.0470e-08
  -2.0477e-08
  -2.0483e-08
  -2.0489e-08
  -2.0475e-08
  -2.0482e-08
  -2.0489e-08
  -2.0495e-08
  -2.0480e-08
  -2.0487e-08
  -2.0494e-08
  -2.0501e-08
  -2.0485e-08
  -2.0493e-08
  -2.0500e-08
  -2.0507e-08
  -2.0490e-08
  -2.0498e-08
  -2.0505e-08
  -2.0512e-08
  -2.0495e-08
  -2.0503e-08
  -2.0511e-08
  -2.0518e-08
  -2.0499e-08
  -2.0508e-08
  -2.0516e-08
  -2.0523e-08
  -2.0504e-08
  -2.0513e-08
  -2.0522e-08
  -2.0529e-08
  -2.0510e-08
  -2.0519e-08
  -2.0527e-08
  -2.0535e-08
  -2.0515e-08
  -2.0525e-08
  -2.0534e-08
  -2.0542e-08
  -2.0520e-08
  -2.0530e-08
  -2.0539e-08
  -2.0547e-08
  -2.0525e-08
  -2.0535e-08
  -2.0544e-08
  -2.0553e-08
  -2.0530e-08
  -2.0541e-08
  -2.0550e-08
  -2.0559e-08
  -2.0536e-08
  -2.0546e-08
  -2.0556e-08
  -2.0565e-08
  -2.0541e-08
  -2.0552e-08
  -2.0562e-08
  -2.0571e-08
  -2.0546e-08
  -2.0558e-08
  -2.0568e-08
  -2.0578e-08
  -2.0552e-08
  -2.0564e-08
  -2.0574e-08
  -2.0584e-08
  -2.0558e-08
  -2.0569e-08
  -2.0580e-08
  -2.0590e-08
  -2.0563e-08
  -2.0575e-08
  -2.0586e-08
  -2.0596e-08
  -2.0568e-08
  -2.0580e-08
  -2.0591e-08
  -2.0602e-08
  -2.0574e-08
  -2.0586e-08
  -2.0598e-08
  -2.0608e-08
  -2.0579e-08
  -2.0592e-08
  -2.0604e-08
  -2.0615e-08
  -2.0585e-08
  -2.0598e-08
  -2.0610e-08
  -2.0621e-08
  -2.0591e-08
  -2.0604e-08
  -2.0616e-08
  -2.0627e-08
  -2.0596e-08
  -2.0609e-08
  -2.0622e-08
  -2.0633e-08
  -2.0601e-08
  -2.0615e-08
  -2.0628e-08
  -2.0640e-08
  -2.0607e-08
  -2.0621e-08
  -2.0634e-08
  -2.0646e-08
  -2.0613e-08
  -2.0627e-08
  -2.0641e-08
  -2.0653e-08
  -2.0619e-08
  -2.0634e-08
  -2.0648e-08
  -2.0660e-08
  -2.0626e-08
  -2.0640e-08
  -2.0654e-08
  -2.0667e-08
  -2.0631e-08
  -2.0646e-08
  -2.0660e-08
  -2.0673e-08
  -2.0637e-08
  -2.0652e-08
  -2.0667e-08
  -2.0680e-08
  -2.0643e-08
  -2.0659e-08
  -2.0673e-08
  -2.0687e-08
  -2.0649e-08
  -2.0665e-08
  -2.0680e-08
  -2.0694e-08
  -2.0656e-08
  -2.0672e-08
  -2.0687e-08
  -2.0701e-08
  -2.0663e-08
  -2.0679e-08
  -2.0694e-08
  -2.0708e-08
  -2.0669e-08
  -2.0685e-08
  -2.0701e-08
  -2.0715e-08
  -2.0675e-08
  -2.0692e-08
  -2.0707e-08
  -2.0722e-08
  -2.0682e-08
  -2.0698e-08
  -2.0714e-08
  -2.0729e-08
  -2.0688e-08
  -2.0705e-08
  -2.0721e-08
  -2.0737e-08
  -2.0695e-08
  -2.0712e-08
  -2.0729e-08
  -2.0744e-08
  -2.0702e-08
  -2.0720e-08
  -2.0736e-08
  -2.0752e-08
  -2.0709e-08
  -2.0726e-08
  -2.0743e-08
  -2.0759e-08
  -2.0715e-08
  -2.0733e-08
  -2.0750e-08
  -2.0766e-08
  -2.0722e-08
  -2.0740e-08
  -2.0758e-08
  -2.0774e-08
  -2.0729e-08
  -2.0748e-08
  -2.0765e-08
  -2.0782e-08
  -2.0737e-08
  -2.0755e-08
  -2.0773e-08
  -2.0790e-08
  -2.0744e-08
  -2.0763e-08
  -2.0781e-08
  -2.0798e-08
  -2.0752e-08
  -2.0771e-08
  -2.0789e-08
  -2.0806e-08
  -2.0759e-08
  -2.0778e-08
  -2.0796e-08
  -2.0814e-08
  -2.0766e-08
  -2.0786e-08
  -2.0804e-08
  -2.0822e-08
  -2.0774e-08
  -2.0794e-08
  -2.0812e-08
  -2.0830e-08
  -2.0782e-08
  -2.0802e-08
  -2.0821e-08
  -2.0838e-08
  -2.0790e-08
  -2.0810e-08
  -2.0829e-08
  -2.0847e-08
  -2.0798e-08
  -2.0818e-08
  -2.0837e-08
  -2.0855e-08
  -2.0806e-08
  -2.0826e-08
  -2.0845e-08
  -2.0864e-08
  -2.0814e-08
  -2.0834e-08
  -2.0854e-08
  -2.0872e-08
  -2.0822e-08
  -2.0843e-08
  -2.0862e-08
  -2.0881e-08
  -2.0830e-08
  -2.0851e-08
  -2.0871e-08
  -2.0890e-08
  -2.0838e-08
  -2.0860e-08
  -2.0880e-08
  -2.0899e-08
  -2.0848e-08
  -2.0869e-08
  -2.0889e-08
  -2.0908e-08
  -2.0856e-08
  -2.0878e-08
  -2.0898e-08
  -2.0917e-08
  -2.0865e-08
  -2.0887e-08
  -2.0907e-08
  -2.0926e-08
  -2.0874e-08
  -2.0896e-08
  -2.0916e-08
  -2.0936e-08
  -2.0883e-08
  -2.0905e-08
  -2.0926e-08
  -2.0945e-08
  -2.0893e-08
  -2.0915e-08
  -2.0936e-08
  -2.0955e-08
  -2.0903e-08
  -2.0925e-08
  -2.0946e-08
  -2.0965e-08
  -2.0912e-08
  -2.0934e-08
  -2.0955e-08
  -2.0975e-08
  -2.0922e-08
  -2.0944e-08
  -2.0965e-08
  -2.0985e-08
  -2.0932e-08
  -2.0954e-08
  -2.0975e-08
  -2.0995e-08
  -2.0941e-08
  -2.0964e-08
  -2.0985e-08
  -2.1005e-08
  -2.0952e-08
  -2.0974e-08
  -2.0995e-08
  -2.1015e-08
  -2.0962e-08
  -2.0985e-08
  -2.1006e-08
  -2.1026e-08
  -2.0973e-08
  -2.0995e-08
  -2.1017e-08
  -2.1037e-08
  -2.0983e-08
  -2.1006e-08
  -2.1027e-08
  -2.1047e-08
  -2.0993e-08
  -2.1016e-08
  -2.1038e-08
  -2.1058e-08
  -2.1004e-08
  -2.1027e-08
  -2.1049e-08
  -2.1069e-08
  -2.1015e-08
  -2.1038e-08
  -2.1060e-08
  -2.1080e-08
  -2.1026e-08
  -2.1049e-08
  -2.1071e-08
  -2.1092e-08
  -2.1038e-08
  -2.1061e-08
  -2.1083e-08
  -2.1103e-08
  -2.1050e-08
  -2.1073e-08
  -2.1094e-08
  -2.1114e-08
  -2.1061e-08
  -2.1084e-08
  -2.1106e-08
  -2.1126e-08
  -2.1073e-08
  -2.1096e-08
  -2.1117e-08
  -2.1138e-08
  -2.1085e-08
  -2.1108e-08
  -2.1130e-08
  -2.1149e-08
  -2.1098e-08
  -2.1120e-08
  -2.1142e-08
  -2.1162e-08
  -2.1110e-08
  -2.1133e-08
  -2.1155e-08
  -2.1174e-08
  -2.1123e-08
  -2.1146e-08
  -2.1167e-08
  -2.1186e-08
  -2.1135e-08
  -2.1158e-08
  -2.1179e-08
  -2.1199e-08
  -2.1148e-08
  -2.1171e-08
  -2.1192e-08
  -2.1211e-08
  -2.1161e-08
  -2.1184e-08
  -2.1205e-08
  -2.1224e-08
  -2.1175e-08
  -2.1197e-08
  -2.1218e-08
  -2.1237e-08
  -2.1220e-08
  -2.1244e-08
  -2.1220e-08
  -2.1244e-08
  -2.1220e-08
  -2.1244e-08
  -2.1220e-08
  -2.1243e-08
  -2.1220e-08
  -2.1243e-08
  -2.1220e-08
  -2.1243e-08
  -2.1220e-08
  -2.1243e-08
  -2.1220e-08
  -2.1243e-08
  -2.1220e-08
  -2.1244e-08
  -2.1220e-08
  -2.1243e-08
  -2.1221e-08
  -2.1244e-08
  -2.1221e-08
  -2.1244e-08
  -2.1221e-08
  -2.1244e-08
  -2.1221e-08
  -2.1244e-08
  -2.1222e-08
  -2.1244e-08
  -2.1222e-08
  -2.1244e-08
  -2.1222e-08
  -2.1244e-08
  -2.1222e-08
  -2.1244e-08
  -2.1222e-08
  -2.1244e-08
  -2.1222e-08
  -2.1244e-08
  -2.1223e-08
  -2.1244e-08
  -2.1222e-08
  -2.1244e-08
  -2.1223e-08
  -2.1244e-08
  -2.1223e-08
  -2.1244e-08
  -2.1223e-08
  -2.1244e-08
  -2.1223e-08
  -2.1244e-08
  -2.1224e-08
  -2.1245e-08
  -2.1224e-08
  -2.1244e-08
  -2.1224e-08
  -2.1244e-08
  -2.1224e-08
  -2.1244e-08
  -2.1224e-08
  -2.1244e-08
  -2.1224e-08
  -2.1244e-08
  -2.1225e-08
  -2.1244e-08
  -2.1225e-08
  -2.1244e-08
  -2.1225e-08
  -2.1244e-08
  -2.1225e-08
  -2.1244e-08
  -2.1225e-08
  -2.1244e-08
  -2.1226e-08
  -2.1244e-08
  -2.1226e-08
  -2.1244e-08
  -2.1227e-08
  -2.1244e-08
  -2.1227e-08
  -2.1244e-08
  -2.1227e-08
  -2.1244e-08
  -2.1227e-08
  -2.1244e-08
  -2.1227e-08
  -2.1244e-08
  -2.1228e-08
  -2.1244e-08
  -2.1228e-08
  -2.1244e-08
  -2.1228e-08
  -2.1244e-08
  -2.1228e-08
  -2.1244e-08
  -2.1229e-08
  -2.1244e-08
  -2.1229e-08
  -2.1244e-08
  -2.1230e-08
  -2.1245e-08
  -2.1230e-08
  -2.1245e-08
  -2.1231e-08
  -2.1245e-08
  -2.1231e-08
  -2.1244e-08
  -2.1231e-08
  -2.1245e-08
  -2.1231e-08
  -2.1244e-08
  -2.1232e-08
  -2.1245e-08
  -2.1232e-08
  -2.1244e-08
  -2.1233e-08
  -2.1245e-08
  -2.1233e-08
  -2.1244e-08
  -2.1233e-08
  -2.1245e-08
  -2.1233e-08
  -2.1244e-08
  -2.1234e-08
  -2.1245e-08
  -2.1234e-08
  -2.1245e-08
  -2.1235e-08
  -2.1245e-08
  -2.1235e-08
  -2.1245e-08
  -2.1236e-08
  -2.1245e-08
  -2.1236e-08
  -2.1244e-08
  -2.1236e-08
  -2.1245e-08
  -2.1236e-08
  -2.1244e-08
  -2.1237e-08
  -2.1245e-08
  -2.1237e-08
  -2.1244e-08
  -2.1238e-08
  -2.1245e-08
  -2.1238e-08
  -2.1244e-08
  -2.1239e-08
  -2.1245e-08
  -2.1239e-08
  -2.1245e-08
  -2.1240e-08
  -2.1245e-08
  -2.1240e-08
  -2.1245e-08
  -2.1241e-08
  -2.1245e-08
  -2.1240e-08
  -2.1244e-08
  -2.1241e-08
  -2.1245e-08
  -2.1241e-08
  -2.1244e-08
  -2.1242e-08
  -2.1245e-08
  -2.1242e-08
  -2.1244e-08
  -2.1243e-08
  -2.1245e-08
  -2.1243e-08
  -2.1244e-08
  -2.1244e-08
  -2.1245e-08
  -2.1244e-08
  -2.1245e-08
  -2.1245e-08
  -2.1245e-08
  -2.1245e-08
  -2.1245e-08
  -2.1246e-08
  -2.1245e-08
  -2.1246e-08
  -2.1245e-08
  -2.1246e-08
  -2.1245e-08
  -2.1246e-08
  -2.1244e-08
  -2.1247e-08
  -2.1245e-08
  -2.1247e-08
  -2.1244e-08
  -2.1248e-08
  -2.1245e-08
  -2.1248e-08
  -2.1244e-08
  -2.1248e-08
  -2.1245e-08
  -2.1248e-08
  -2.1244e-08
  -2.1249e-08
  -2.1245e-08
  -2.1249e-08
  -2.1245e-08
  -2.1250e-08
  -2.1245e-08
  -2.1250e-08
  -2.1245e-08
  -2.1251e-08
  -2.1245e-08
  -2.1251e-08
  -2.1244e-08
  -2.1252e-08
  -2.1245e-08
  -2.1251e-08
  -2.1244e-08
  -2.1252e-08
  -2.1245e-08
  -2.1252e-08
  -2.1244e-08
  -2.1253e-08
  -2.1245e-08
  -2.1253e-08
  -2.1244e-08
  -2.1254e-08
  -2.1245e-08
  -2.1254e-08
  -2.1245e-08
  -2.1255e-08
  -2.1246e-08
  -2.1255e-08
  -2.1245e-08
  -2.1256e-08
  -2.1245e-08
  -2.1256e-08
  -2.1245e-08
  -2.1257e-08
  -2.1245e-08
  -2.1256e-08
  -2.1245e-08
  -2.1257e-08
  -2.1245e-08
  -2.1257e-08
  -2.1245e-08
  -2.1258e-08
  -2.1245e-08
  -2.1258e-08
  -2.1245e-08
  -2.1259e-08
  -2.1245e-08
  -2.1259e-08
  -2.1245e-08
  -2.1260e-08
  -2.1246e-08
  -2.1260e-08
  -2.1245e-08
  -2.1260e-08
  -2.1245e-08
  -2.1260e-08
  -2.1245e-08
  -2.1260e-08
  -2.1245e-08
  -2.1260e-08
  -2.1244e-08
  -2.1261e-08
  -2.1245e-08
  -2.1261e-08
  -2.1244e-08
  -2.1261e-08
  -2.1245e-08
  -2.1261e-08
  -2.1244e-08
  -2.1262e-08
  -2.1245e-08
  -2.1262e-08
  -2.1244e-08
  -2.1263e-08
  -2.1245e-08
  -2.1263e-08
  -2.1245e-08
  -2.1264e-08
  -2.1245e-08
  -2.1263e-08
  -2.1245e-08
  -2.1264e-08
  -2.1245e-08
  -2.1264e-08
  -2.1244e-08
  -2.1264e-08
  -2.1245e-08
  -2.1264e-08
  -2.1244e-08
  -2.1265e-08
  -2.1245e-08
  -2.1264e-08
  -2.1244e-08
  -2.1265e-08
  -2.1245e-08
  -2.1265e-08
  -2.1244e-08
  -2.1266e-08
  -2.1245e-08
  -2.1266e-08
  -2.1245e-08
  -2.1267e-08
  -2.1245e-08
  -2.1266e-08
  -2.1245e-08
  -2.1267e-08
  -2.1245e-08
  -2.1266e-08
  -2.1244e-08
  -2.1267e-08
  -2.1245e-08
  -2.1267e-08
  -2.1244e-08
  -2.1267e-08
  -2.1245e-08
  -2.1267e-08
  -2.1244e-08
  -2.1267e-08
  -2.1245e-08
  -2.1267e-08
  -2.1244e-08
  -2.1268e-08
  -2.1245e-08
  -2.1268e-08
  -2.1244e-08
  -2.1268e-08
  -2.1245e-08
  -2.1268e-08
  -2.1245e-08
  -2.1269e-08
  -2.1245e-08
  -2.1268e-08
  -2.1244e-08
  -2.1268e-08
  -2.1244e-08
  -2.1268e-08
  -2.1244e-08
  -2.1269e-08
  -2.1244e-08
  -2.1268e-08
  -2.1244e-08
  -2.1269e-08
  -2.1244e-08
  -2.1269e-08
  -2.1244e-08
  -2.1269e-08
  -2.1244e-08
  -2.1269e-08
  -2.1244e-08
  -2.1269e-08
  -2.1245e-08
  -2.1270e-08
  -2.1245e-08
  -2.1270e-08
  -2.1245e-08
  -2.1270e-08
  -2.1244e-08
  -2.1270e-08
  -2.1244e-08
  -2.1269e-08
  -2.1244e-08
  -2.1270e-08
  -2.1244e-08
  -2.1269e-08
  -2.1244e-08
  -2.1329e-08
  -2.1302e-08
  -2.1274e-08
  -2.1244e-08
  -2.1341e-08
  -2.1315e-08
  -2.1286e-08
  -2.1256e-08
  -2.1354e-08
  -2.1327e-08
  -2.1298e-08
  -2.1268e-08
  -2.1366e-08
  -2.1339e-08
  -2.1310e-08
  -2.1280e-08
  -2.1377e-08
  -2.1350e-08
  -2.1321e-08
  -2.1291e-08
  -2.1388e-08
  -2.1361e-08
  -2.1332e-08
  -2.1302e-08
  -2.1399e-08
  -2.1372e-08
  -2.1343e-08
  -2.1313e-08
  -2.1409e-08
  -2.1382e-08
  -2.1354e-08
  -2.1324e-08
  -2.1420e-08
  -2.1393e-08
  -2.1365e-08
  -2.1335e-08
  -2.1430e-08
  -2.1404e-08
  -2.1375e-08
  -2.1346e-08
  -2.1440e-08
  -2.1413e-08
  -2.1385e-08
  -2.1355e-08
  -2.1450e-08
  -2.1423e-08
  -2.1395e-08
  -2.1365e-08
  -2.1459e-08
  -2.1433e-08
  -2.1405e-08
  -2.1375e-08
  -2.1468e-08
  -2.1442e-08
  -2.1414e-08
  -2.1385e-08
  -2.1478e-08
  -2.1451e-08
  -2.1424e-08
  -2.1395e-08
  -2.1487e-08
  -2.1461e-08
  -2.1433e-08
  -2.1405e-08
  -2.1496e-08
  -2.1470e-08
  -2.1442e-08
  -2.1414e-08
  -2.1504e-08
  -2.1478e-08
  -2.1451e-08
  -2.1423e-08
  -2.1512e-08
  -2.1486e-08
  -2.1459e-08
  -2.1431e-08
  -2.1520e-08
  -2.1495e-08
  -2.1468e-08
  -2.1440e-08
  -2.1528e-08
  -2.1503e-08
  -2.1477e-08
  -2.1449e-08
  -2.1536e-08
  -2.1511e-08
  -2.1485e-08
  -2.1458e-08
  -2.1544e-08
  -2.1519e-08
  -2.1493e-08
  -2.1466e-08
  -2.1551e-08
  -2.1526e-08
  -2.1501e-08
  -2.1474e-08
  -2.1558e-08
  -2.1534e-08
  -2.1509e-08
  -2.1482e-08
  -2.1565e-08
  -2.1541e-08
  -2.1516e-08
  -2.1490e-08
  -2.1572e-08
  -2.1549e-08
  -2.1524e-08
  -2.1498e-08
  -2.1579e-08
  -2.1556e-08
  -2.1532e-08
  -2.1506e-08
  -2.1586e-08
  -2.1563e-08
  -2.1539e-08
  -2.1514e-08
  -2.1593e-08
  -2.1570e-08
  -2.1546e-08
  -2.1521e-08
  -2.1599e-08
  -2.1576e-08
  -2.1553e-08
  -2.1529e-08
  -2.1605e-08
  -2.1583e-08
  -2.1560e-08
  -2.1536e-08
  -2.1611e-08
  -2.1590e-08
  -2.1567e-08
  -2.1543e-08
  -2.1617e-08
  -2.1596e-08
  -2.1574e-08
  -2.1551e-08
  -2.1624e-08
  -2.1603e-08
  -2.1581e-08
  -2.1558e-08
  -2.1630e-08
  -2.1609e-08
  -2.1587e-08
  -2.1565e-08
  -2.1635e-08
  -2.1615e-08
  -2.1594e-08
  -2.1571e-08
  -2.1640e-08
  -2.1621e-08
  -2.1600e-08
  -2.1578e-08
  -2.1646e-08
  -2.1627e-08
  -2.1606e-08
  -2.1585e-08
  -2.1652e-08
  -2.1633e-08
  -2.1613e-08
  -2.1592e-08
  -2.1657e-08
  -2.1639e-08
  -2.1619e-08
  -2.1599e-08
