  -1.9989e-08
  -2.0000e-08
  -2.0007e-08
  -2.0010e-08
  -2.0009e-08
  -2.0014e-08
  -2.0015e-08
  -2.0012e-08
  -2.0005e-08
  -2.0005e-08
  -2.0000e-08
  -1.9991e-08
  -1.9978e-08
  -1.9972e-08
  -1.9962e-08
  -1.9947e-08
  -1.9928e-08
  -1.9916e-08
  -1.9900e-08
  -1.9879e-08
  -1.9854e-08
  -1.9836e-08
  -1.9814e-08
  -1.9788e-08
  -1.9757e-08
  -1.9733e-08
  -1.9705e-08
  -1.9672e-08
  -1.9636e-08
  -1.9606e-08
  -1.9572e-08
  -1.9533e-08
  -1.9491e-08
  -1.9455e-08
  -1.9414e-08
  -1.9370e-08
  -1.9321e-08
  -1.9279e-08
  -1.9232e-08
  -1.9182e-08
  -1.9126e-08
  -1.9078e-08
  -1.9025e-08
  -1.8968e-08
  -1.8907e-08
  -1.8852e-08
  -1.8793e-08
  -1.8729e-08
  -1.8661e-08
  -1.8600e-08
  -1.8534e-08
  -1.8464e-08
  -1.8389e-08
  -1.8321e-08
  -1.8248e-08
  -1.8171e-08
  -1.8089e-08
  -1.8014e-08
  -1.7935e-08
  -1.7851e-08
  -1.7762e-08
  -1.7680e-08
  -1.7593e-08
  -1.7501e-08
  -1.7405e-08
  -1.7316e-08
  -1.7221e-08
  -1.7122e-08
  -1.7019e-08
  -1.6921e-08
  -1.6819e-08
  -1.6712e-08
  -1.6601e-08
  -1.6495e-08
  -1.6385e-08
  -1.6270e-08
  -1.6150e-08
  -1.6037e-08
  -1.5918e-08
  -1.5794e-08
  -1.5666e-08
  -1.5544e-08
  -1.5416e-08
  -1.5284e-08
  -1.5146e-08
  -1.5015e-08
  -1.4878e-08
  -1.4736e-08
  -1.4589e-08
  -1.4448e-08
  -1.4302e-08
  -1.4150e-08
  -1.3993e-08
  -1.3843e-08
  -1.3686e-08
  -1.3524e-08
  -1.3356e-08
  -1.3195e-08
  -1.3028e-08
  -1.2855e-08
  -1.2676e-08
  -1.2503e-08
  -1.2325e-08
  -1.2140e-08
  -1.1950e-08
  -1.1765e-08
  -1.1575e-08
  -1.1378e-08
  -1.1175e-08
  -1.0978e-08
  -1.0774e-08
  -1.0565e-08
  -1.0348e-08
  -1.0138e-08
  -9.9206e-09
  -9.6968e-09
  -9.4663e-09
  -9.2414e-09
  -9.0096e-09
  -8.7709e-09
  -8.5252e-09
  -8.2849e-09
  -8.0375e-09
  -7.7828e-09
  -7.5209e-09
  -7.2642e-09
  -7.0000e-09
  -6.7281e-09
  -6.4487e-09
  -6.1743e-09
  -5.8920e-09
  -5.6017e-09
  -5.3034e-09
  -5.0100e-09
  -4.7082e-09
  -4.3979e-09
  -4.0792e-09
  -3.7651e-09
  -3.4421e-09
  -3.1103e-09
  -2.7695e-09
  -2.4330e-09
  -2.0871e-09
  -1.7317e-09
  -1.3670e-09
  -1.0060e-09
  -6.3512e-10
  -2.5420e-10
   1.3678e-10
   5.2433e-10
   9.2251e-10
   1.3314e-09
   1.7510e-09
   2.1677e-09
   2.5958e-09
   3.0353e-09
   3.4864e-09
   3.9350e-09
   4.3960e-09
   4.8692e-09
   5.3549e-09
   5.8388e-09
   6.3359e-09
   6.8465e-09
   7.3704e-09
   7.8932e-09
   8.4305e-09
   8.9823e-09
   9.5488e-09
   1.0115e-08
   1.0697e-08
   1.1294e-08
   1.1908e-08
   1.2522e-08
   1.3153e-08
   1.3802e-08
   1.4469e-08
   1.5136e-08
   1.5823e-08
   1.6529e-08
   1.7255e-08
   1.7983e-08
   1.8732e-08
   1.9503e-08
   2.0295e-08
   2.1090e-08
   2.1910e-08
   2.2753e-08
   2.3621e-08
   2.3965e-08
   2.4315e-08
   2.4668e-08
   2.5027e-08
   2.5388e-08
   2.5757e-08
   2.6128e-08
   2.6505e-08
   2.6886e-08
   2.7274e-08
   2.7664e-08
   2.8062e-08
   2.8462e-08
   2.8871e-08
   2.9281e-08
   2.9701e-08
   3.0123e-08
   3.0554e-08
   3.0986e-08
   3.1429e-08
