  -1.9989e-08
  -1.9989e-08
  -1.9989e-08
  -1.9989e-08
  -1.9989e-08
  -1.9989e-08
  -1.9990e-08
  -1.9990e-08
  -1.9990e-08
  -1.9990e-08
  -1.9990e-08
  -1.9990e-08
  -1.9990e-08
  -1.9990e-08
  -1.9990e-08
  -1.9990e-08
  -1.9990e-08
  -1.9990e-08
  -1.9990e-08
  -1.9990e-08
  -1.9990e-08
  -1.9991e-08
  -1.9991e-08
  -1.9991e-08
  -1.9991e-08
  -1.9991e-08
  -1.9991e-08
  -1.9991e-08
  -1.9991e-08
  -1.9991e-08
  -1.9991e-08
  -1.9991e-08
  -1.9991e-08
  -1.9991e-08
  -1.9991e-08
  -1.9991e-08
  -1.9991e-08
  -1.9991e-08
  -1.9991e-08
  -1.9992e-08
  -1.9992e-08
  -1.9992e-08
  -1.9992e-08
  -1.9992e-08
  -1.9992e-08
  -1.9992e-08
  -1.9992e-08
  -1.9992e-08
  -1.9992e-08
  -1.9992e-08
  -1.9993e-08
  -1.9993e-08
  -1.9993e-08
  -1.9993e-08
  -1.9993e-08
  -1.9993e-08
  -1.9993e-08
  -1.9993e-08
  -1.9993e-08
  -1.9993e-08
  -1.9994e-08
  -1.9994e-08
  -1.9994e-08
  -1.9994e-08
  -1.9994e-08
  -1.9995e-08
  -1.9995e-08
  -1.9995e-08
  -1.9995e-08
  -1.9995e-08
  -1.9995e-08
  -1.9995e-08
  -1.9995e-08
  -1.9995e-08
  -1.9996e-08
  -1.9996e-08
  -1.9996e-08
  -1.9996e-08
  -1.9996e-08
  -1.9996e-08
  -1.9996e-08
  -1.9996e-08
  -1.9996e-08
  -1.9997e-08
  -1.9997e-08
  -1.9997e-08
  -1.9997e-08
  -1.9997e-08
  -1.9997e-08
  -1.9997e-08
  -1.9998e-08
  -1.9998e-08
  -1.9998e-08
  -1.9999e-08
  -1.9999e-08
  -1.9999e-08
  -1.9999e-08
  -1.9999e-08
  -1.9999e-08
  -1.9999e-08
  -1.9999e-08
  -2.0000e-08
  -2.0000e-08
  -2.0001e-08
  -2.0001e-08
  -2.0001e-08
  -2.0001e-08
  -2.0002e-08
  -2.0002e-08
  -2.0002e-08
  -2.0003e-08
  -2.0003e-08
  -2.0004e-08
  -2.0004e-08
  -2.0004e-08
  -2.0005e-08
  -2.0005e-08
  -2.0005e-08
  -2.0006e-08
  -2.0007e-08
  -2.0008e-08
  -2.0009e-08
  -2.0009e-08
  -2.0010e-08
  -2.0011e-08
  -2.0013e-08
  -2.0015e-08
  -2.0018e-08
  -2.0021e-08
  -2.0024e-08
  -2.0032e-08
  -2.0051e-08
  -2.0116e-08
  -2.0128e-08
  -1.9355e-08
  -1.9356e-08
  -1.9356e-08
  -1.9356e-08
  -1.9356e-08
  -1.9356e-08
  -1.9356e-08
  -1.9356e-08
  -1.9356e-08
  -1.9356e-08
  -1.9356e-08
  -1.9356e-08
  -1.9356e-08
  -1.9356e-08
  -1.9356e-08
  -1.9356e-08
  -1.9356e-08
  -1.9356e-08
  -1.9356e-08
  -1.9356e-08
  -1.9356e-08
  -1.9356e-08
  -1.9356e-08
  -1.9356e-08
  -1.9356e-08
  -1.9356e-08
  -1.9356e-08
  -1.9356e-08
  -1.9356e-08
  -1.9356e-08
  -1.9356e-08
  -1.9356e-08
  -1.9356e-08
  -1.9356e-08
  -1.9356e-08
  -1.9356e-08
  -1.9356e-08
  -1.9356e-08
  -1.9356e-08
  -1.9356e-08
  -1.9356e-08
  -1.9356e-08
  -1.9356e-08
  -1.9356e-08
  -1.9356e-08
  -1.9356e-08
  -1.9356e-08
  -1.9356e-08
  -1.9356e-08
  -1.9356e-08
  -1.9356e-08
  -1.9356e-08
  -1.9356e-08
  -1.9356e-08
  -1.9356e-08
  -1.9356e-08
  -1.9356e-08
  -1.9356e-08
  -1.9356e-08
  -1.9356e-08
  -1.9356e-08
  -1.9356e-08
  -1.9356e-08
  -1.9356e-08
  -1.9356e-08
  -1.9356e-08
  -1.9356e-08
  -1.9356e-08
  -1.9356e-08
  -1.9356e-08
  -1.9356e-08
  -1.9356e-08
  -1.9356e-08
  -1.9356e-08
  -1.9356e-08
  -1.9356e-08
  -1.9356e-08
  -1.9356e-08
  -1.9356e-08
  -1.9356e-08
  -1.9356e-08
  -1.9356e-08
  -1.9356e-08
  -1.9356e-08
  -1.9356e-08
  -1.9356e-08
  -1.9356e-08
  -1.9356e-08
  -1.9356e-08
  -1.9356e-08
  -1.9356e-08
  -1.9356e-08
  -1.9356e-08
  -1.9356e-08
  -1.9356e-08
  -1.9356e-08
  -1.9356e-08
  -1.9356e-08
  -1.9356e-08
  -1.9356e-08
  -1.9356e-08
  -1.9356e-08
  -1.9356e-08
  -1.9356e-08
  -1.9356e-08
  -1.9356e-08
  -1.9356e-08
  -1.9356e-08
  -1.9356e-08
  -1.9356e-08
  -1.9356e-08
  -1.9356e-08
  -1.9356e-08
  -1.9356e-08
  -1.9356e-08
  -1.9356e-08
  -1.9356e-08
  -1.9356e-08
  -1.9356e-08
  -1.9356e-08
  -1.9356e-08
  -1.9356e-08
  -1.9356e-08
  -1.9356e-08
  -1.9356e-08
  -1.9356e-08
  -1.9356e-08
  -1.9356e-08
  -1.9356e-08
  -1.9356e-08
  -1.9356e-08
  -1.9356e-08
  -1.9356e-08
  -1.9356e-08
  -1.9356e-08
  -1.9356e-08
  -1.9356e-08
  -1.9356e-08
  -1.9356e-08
  -1.9356e-08
  -1.9356e-08
  -1.9356e-08
  -1.9356e-08
  -1.9356e-08
  -1.9356e-08
  -1.9356e-08
  -1.9356e-08
  -1.9356e-08
  -1.9356e-08
  -1.9356e-08
  -1.9356e-08
  -1.9356e-08
  -1.9356e-08
  -1.9356e-08
  -1.9356e-08
  -1.9356e-08
  -1.9356e-08
  -1.9356e-08
  -1.9356e-08
  -1.9356e-08
  -1.9356e-08
  -1.9356e-08
  -1.9356e-08
  -1.9356e-08
  -1.9356e-08
  -1.9356e-08
  -1.9356e-08
  -1.9356e-08
  -1.9356e-08
  -1.9356e-08
  -1.9356e-08
  -1.9356e-08
  -1.9356e-08
  -1.9356e-08
  -1.9356e-08
  -1.9356e-08
  -1.9356e-08
  -1.9356e-08
  -1.9356e-08
  -1.9356e-08
  -1.9356e-08
  -1.9356e-08
  -1.9356e-08
  -1.9356e-08
  -1.9356e-08
  -1.9356e-08
  -1.9356e-08
  -1.9356e-08
  -1.9356e-08
  -1.9356e-08
  -1.9356e-08
  -1.9356e-08
  -1.9356e-08
  -1.9356e-08
  -1.9356e-08
  -1.9356e-08
  -1.9356e-08
  -1.9356e-08
  -1.9356e-08
  -1.9356e-08
  -1.9356e-08
  -1.9356e-08
  -1.9356e-08
  -1.9356e-08
  -1.9356e-08
  -1.9356e-08
  -1.9356e-08
  -1.9356e-08
  -1.9356e-08
  -1.9356e-08
  -1.9356e-08
  -1.9356e-08
  -1.9356e-08
  -1.9356e-08
  -1.9356e-08
  -1.9356e-08
  -1.9356e-08
  -1.9356e-08
  -1.9356e-08
  -1.9356e-08
  -1.9356e-08
  -1.9356e-08
  -1.9356e-08
  -1.9356e-08
  -1.9356e-08
  -1.9356e-08
  -1.9356e-08
  -1.9356e-08
  -1.9356e-08
  -1.9356e-08
  -1.9356e-08
  -1.9356e-08
  -1.9356e-08
  -1.9356e-08
  -1.9356e-08
  -1.9356e-08
  -1.9356e-08
  -1.9356e-08
  -1.9356e-08
  -1.9356e-08
  -1.9356e-08
  -1.9356e-08
  -1.9356e-08
  -1.9356e-08
  -1.9356e-08
  -1.9356e-08
  -1.9356e-08
  -1.9356e-08
  -1.9356e-08
  -1.9356e-08
  -1.9356e-08
  -1.9356e-08
  -1.9356e-08
  -1.9356e-08
  -1.9356e-08
  -1.9356e-08
  -1.9356e-08
  -1.9356e-08
  -1.9356e-08
  -1.9356e-08
  -1.9356e-08
  -1.9356e-08
  -1.9356e-08
  -1.9356e-08
  -1.9356e-08
  -1.9356e-08
  -1.9356e-08
  -1.9356e-08
  -1.9356e-08
  -1.9356e-08
  -1.9356e-08
  -1.9356e-08
  -1.9356e-08
  -1.9356e-08
  -1.9356e-08
  -1.9356e-08
  -1.9356e-08
  -1.9356e-08
  -1.9356e-08
  -1.9356e-08
  -1.9356e-08
  -1.9356e-08
  -1.9356e-08
  -1.9356e-08
  -1.9356e-08
  -1.9356e-08
  -1.9356e-08
  -1.9356e-08
  -1.9356e-08
  -1.9356e-08
  -1.9356e-08
  -1.9356e-08
  -1.9356e-08
  -1.9356e-08
  -1.9356e-08
  -1.9356e-08
  -1.9356e-08
  -1.9356e-08
  -1.9356e-08
  -1.9356e-08
  -1.9356e-08
  -1.9356e-08
  -1.9356e-08
  -1.9356e-08
  -1.9356e-08
  -1.9356e-08
  -1.9356e-08
  -1.9356e-08
  -1.9356e-08
  -1.9356e-08
  -1.9356e-08
  -1.9356e-08
  -1.9356e-08
  -1.9356e-08
  -1.9356e-08
  -1.9356e-08
  -1.9356e-08
  -1.9356e-08
  -1.9356e-08
  -1.9356e-08
  -1.9356e-08
  -1.9356e-08
  -1.9356e-08
  -1.9356e-08
  -1.9356e-08
  -1.9356e-08
  -1.9356e-08
  -1.9356e-08
  -1.9356e-08
  -1.9356e-08
  -1.9356e-08
  -1.9356e-08
  -1.9356e-08
  -1.9356e-08
  -1.9356e-08
  -1.9356e-08
  -1.9356e-08
  -1.9356e-08
  -1.9356e-08
  -1.9356e-08
  -1.9356e-08
  -1.9356e-08
  -1.9356e-08
  -1.9356e-08
  -1.9356e-08
  -1.9356e-08
  -1.9356e-08
  -1.9356e-08
  -1.9356e-08
  -1.9356e-08
  -1.9356e-08
  -1.9356e-08
  -1.9356e-08
  -1.9356e-08
  -1.9356e-08
  -1.9356e-08
  -1.9356e-08
  -1.9356e-08
  -1.9356e-08
  -1.9356e-08
  -1.9356e-08
  -1.9356e-08
  -1.9356e-08
  -1.9356e-08
  -1.9356e-08
  -1.9356e-08
  -1.9356e-08
  -1.9356e-08
  -1.9356e-08
  -1.9356e-08
  -1.9356e-08
  -1.9356e-08
  -1.9356e-08
  -1.9356e-08
  -1.9356e-08
  -1.9356e-08
  -1.9356e-08
  -1.9356e-08
  -1.9356e-08
  -1.9356e-08
  -1.9356e-08
  -1.9356e-08
  -1.9356e-08
  -1.9356e-08
  -1.9356e-08
  -1.9356e-08
  -1.9357e-08
  -1.9357e-08
  -1.9357e-08
  -1.9357e-08
  -1.9357e-08
  -1.9357e-08
  -1.9357e-08
  -1.9357e-08
  -1.9357e-08
  -1.9357e-08
  -1.9357e-08
  -1.9357e-08
  -1.9357e-08
  -1.9357e-08
  -1.9357e-08
  -1.9357e-08
  -1.9357e-08
  -1.9357e-08
  -1.9357e-08
  -1.9357e-08
  -1.9357e-08
  -1.9357e-08
  -1.9357e-08
  -1.9357e-08
  -1.9357e-08
  -1.9357e-08
  -1.9357e-08
  -1.9357e-08
  -1.9357e-08
  -1.9357e-08
  -1.9357e-08
  -1.9357e-08
  -1.9357e-08
  -1.9357e-08
  -1.9357e-08
  -1.9357e-08
  -1.9357e-08
  -1.9357e-08
  -1.9357e-08
  -1.9357e-08
  -1.9357e-08
  -1.9357e-08
  -1.9357e-08
  -1.9357e-08
  -1.9357e-08
  -1.9357e-08
  -1.9357e-08
  -1.9357e-08
  -1.9357e-08
  -1.9357e-08
  -1.9357e-08
  -1.9357e-08
  -1.9357e-08
  -1.9357e-08
  -1.9357e-08
  -1.9357e-08
  -1.9357e-08
  -1.9357e-08
  -1.9357e-08
  -1.9357e-08
  -1.9357e-08
  -1.9357e-08
  -1.9357e-08
  -1.9357e-08
  -1.9357e-08
  -1.9357e-08
  -1.9357e-08
  -1.9357e-08
  -1.9357e-08
  -1.9357e-08
  -1.9357e-08
  -1.9357e-08
  -1.9357e-08
  -1.9357e-08
  -1.9357e-08
  -1.9357e-08
  -1.9357e-08
  -1.9357e-08
  -1.9357e-08
  -1.9357e-08
  -1.9357e-08
  -1.9357e-08
  -1.9357e-08
  -1.9357e-08
  -1.9357e-08
  -1.9357e-08
  -1.9357e-08
  -1.9357e-08
  -1.9357e-08
  -1.9357e-08
  -1.9357e-08
  -1.9357e-08
  -1.9357e-08
  -1.9357e-08
  -1.9357e-08
  -1.9357e-08
  -1.9357e-08
  -1.9357e-08
  -1.9357e-08
  -1.9357e-08
  -1.9357e-08
