  -2.4507e-10
  -4.5379e-10
  -6.9724e-10
  -6.9330e-10
  -6.8898e-10
  -7.2919e-10
  -7.1946e-10
  -7.0647e-10
  -6.9151e-10
  -7.3107e-10
  -7.2392e-10
  -7.1596e-10
  -7.0755e-10
  -7.4509e-10
  -7.3758e-10
  -7.2963e-10
  -7.2122e-10
  -7.5827e-10
  -7.5063e-10
  -7.4254e-10
  -7.3402e-10
  -7.7055e-10
  -7.6288e-10
  -7.5481e-10
  -7.4636e-10
  -7.8257e-10
  -7.7507e-10
  -7.6721e-10
  -7.5900e-10
  -7.9502e-10
  -7.8780e-10
  -7.8026e-10
  -4.3338e-10
  -4.6072e-10
  -4.5941e-10
  -4.5774e-10
  -4.5571e-10
  -4.8239e-10
  -4.8075e-10
  -4.7876e-10
  -4.7643e-10
  -5.0248e-10
  -3.0715e-10
  -3.0649e-10
  -3.0556e-10
  -3.2566e-10
  -3.2502e-10
  -3.2412e-10
  -3.2295e-10
  -3.4255e-10
  -3.4167e-10
  -3.4054e-10
  -3.3915e-10
  -3.5824e-10
  -3.5715e-10
  -3.5580e-10
  -3.5418e-10
  -3.7279e-10
  -3.7149e-10
  -3.6992e-10
  -3.6810e-10
  -3.8622e-10
  -3.8471e-10
  -3.8294e-10
  -3.8092e-10
  -3.9856e-10
  -3.9684e-10
  -3.9488e-10
  -3.0990e-10
  -3.2366e-10
  -3.2217e-10
  -3.2048e-10
  -3.1859e-10
  -3.3195e-10
  -3.3030e-10
  -3.2844e-10
  -3.2638e-10
  -3.3933e-10
  -3.3750e-10
  -3.3547e-10
  -3.3323e-10
  -3.4576e-10
  -3.4375e-10
  -3.4153e-10
  -3.3910e-10
  -3.5118e-10
  -3.4897e-10
  -3.4655e-10
  -3.4392e-10
  -3.5553e-10
  -3.5310e-10
  -3.5046e-10
  -3.4760e-10
  -3.5872e-10
  -3.5605e-10
  -3.5317e-10
  -3.5005e-10
  -3.6066e-10
  -3.5773e-10
  -3.5458e-10
  -3.5120e-10
  -5.1500e-10
  -5.1377e-10
  -5.1237e-10
  -5.1081e-10
  -5.2583e-10
  -5.2471e-10
  -5.2341e-10
  -5.2194e-10
  -5.3671e-10
  -5.3566e-10
  -5.3443e-10
  -8.0358e-10
  -8.2426e-10
  -8.2427e-10
  -8.2399e-10
  -8.2341e-10
  -8.4347e-10
  -8.4324e-10
  -8.4264e-10
  -8.4164e-10
  -8.6074e-10
  -8.5992e-10
  -8.5865e-10
  -8.5691e-10
  -8.7476e-10
  -8.7311e-10
  -8.7101e-10
  -8.6844e-10
  -8.8502e-10
  -8.8261e-10
  -8.7980e-10
  -8.7660e-10
  -8.9214e-10
  -8.8925e-10
  -8.8604e-10
  -8.8251e-10
  -8.9730e-10
  -8.9423e-10
  -8.9088e-10
  -8.8727e-10
  -9.0153e-10
  -8.9845e-10
  -8.9513e-10
  -8.9158e-10
  -9.0541e-10
  -9.0242e-10
  -8.9921e-10
  -8.9577e-10
  -6.2212e-10
  -6.2248e-10
  -6.2256e-10
  -6.2238e-10
  -6.3437e-10
  -6.3441e-10
  -6.3418e-10
  -6.3369e-10
  -6.4501e-10
  -6.4478e-10
  -6.4429e-10
  -6.4356e-10
  -6.5426e-10
  -6.5381e-10
  -6.5311e-10
  -6.5218e-10
  -6.6231e-10
  -6.6168e-10
  -6.6083e-10
  -6.5975e-10
  -6.6935e-10
  -6.6859e-10
  -6.6761e-10
  -6.6641e-10
  -4.8535e-10
  -4.8548e-10
  -4.8544e-10
  -4.8521e-10
  -4.9289e-10
  -4.9290e-10
  -4.9272e-10
  -4.9236e-10
  -4.9959e-10
  -4.9946e-10
  -4.9915e-10
  -4.9865e-10
  -5.0541e-10
  -5.0514e-10
  -5.0468e-10
  -6.3539e-10
  -6.4332e-10
  -6.4285e-10
  -6.4215e-10
  -6.4121e-10
  -6.4855e-10
  -6.4788e-10
  -6.4698e-10
  -6.4585e-10
  -6.5257e-10
  -6.5170e-10
  -6.5058e-10
  -6.4922e-10
  -6.5531e-10
  -6.5421e-10
  -6.5286e-10
  -6.5126e-10
  -6.5669e-10
  -6.5534e-10
  -6.5372e-10
  -6.5185e-10
  -6.5660e-10
  -6.5496e-10
  -6.5305e-10
  -6.5089e-10
  -6.5491e-10
  -6.5295e-10
  -6.5073e-10
  -6.4824e-10
  -9.5152e-10
  -9.5209e-10
  -9.5245e-10
  -9.5259e-10
  -9.6001e-10
  -9.6072e-10
  -9.6121e-10
  -9.6147e-10
  -9.6843e-10
  -9.6923e-10
  -9.6978e-10
  -9.7008e-10
  -9.7648e-10
  -9.7722e-10
  -9.7767e-10
  -9.7781e-10
  -9.8342e-10
  -9.8387e-10
  -9.8393e-10
  -9.8360e-10
  -9.8812e-10
  -9.8794e-10
  -9.8731e-10
  -9.8621e-10
  -9.8938e-10
  -9.8835e-10
  -9.8687e-10
  -1.6177e-09
  -1.6226e-09
  -1.6221e-09
  -1.6210e-09
  -1.6194e-09
  -1.6227e-09
  -1.6216e-09
  -1.6200e-09
  -1.6180e-09
  -1.6202e-09
  -1.6190e-09
  -1.6173e-09
  -1.6154e-09
  -1.6168e-09
  -1.6156e-09
  -1.6142e-09
  -1.6124e-09
  -1.6132e-09
  -1.6123e-09
  -1.6111e-09
  -1.6096e-09
  -9.9181e-10
  -9.9479e-10
  -9.9741e-10
  -9.9968e-10
  -1.0023e-09
  -1.0049e-09
  -1.0070e-09
  -1.0089e-09
  -1.0105e-09
  -1.0126e-09
  -1.0144e-09
  -1.0158e-09
  -1.0165e-09
  -1.0182e-09
  -1.0197e-09
  -1.0207e-09
  -1.0204e-09
  -1.0219e-09
  -1.0230e-09
  -1.0238e-09
  -1.0226e-09
  -1.0237e-09
  -1.0246e-09
  -7.6356e-10
  -7.6211e-10
  -7.6286e-10
  -7.6340e-10
  -7.6371e-10
  -7.6167e-10
  -7.6229e-10
  -7.6270e-10
  -7.6289e-10
  -7.6029e-10
  -7.6081e-10
  -7.6112e-10
  -7.6121e-10
  -7.5807e-10
  -7.5850e-10
  -7.5873e-10
  -7.5874e-10
  -5.4936e-10
  -5.5047e-10
  -5.5140e-10
  -5.5214e-10
  -5.4957e-10
  -5.5055e-10
  -5.5134e-10
  -5.5195e-10
  -5.4887e-10
  -5.4970e-10
  -5.5034e-10
  -5.5079e-10
  -5.4719e-10
  -5.4785e-10
  -5.4831e-10
  -5.4858e-10
  -5.4443e-10
  -5.4489e-10
  -5.4516e-10
  -5.4521e-10
  -5.4049e-10
  -5.4074e-10
  -5.4078e-10
  -5.4061e-10
  -5.3528e-10
  -5.3529e-10
  -5.3508e-10
  -5.3465e-10
  -5.2871e-10
  -7.2413e-10
  -7.2631e-10
  -7.2833e-10
  -7.2310e-10
  -7.2555e-10
  -7.2784e-10
  -7.2995e-10
  -7.2436e-10
  -7.2689e-10
  -7.2923e-10
  -7.3138e-10
  -7.2535e-10
  -7.2786e-10
  -7.3014e-10
  -7.3220e-10
  -7.2557e-10
  -7.2787e-10
  -7.2990e-10
  -7.3162e-10
  -7.2417e-10
  -7.2602e-10
  -7.2753e-10
  -7.2869e-10
  -7.2020e-10
  -7.2141e-10
  -7.2226e-10
  -7.2275e-10
  -7.1318e-10
  -7.1376e-10
  -7.1402e-10
  -7.1397e-10
  -7.0349e-10
  -7.0365e-10
  -7.0356e-10
  -7.0323e-10
  -6.9208e-10
  -6.9209e-10
  -6.9189e-10
  -6.9150e-10
  -6.7991e-10
  -6.7994e-10
  -9.9911e-10
  -1.0001e-09
  -9.8569e-10
  -9.8737e-10
  -9.8886e-10
  -9.9016e-10
  -9.7539e-10
  -6.7338e-10
  -6.7720e-10
  -6.8077e-10
  -6.7172e-10
  -6.7555e-10
  -6.7912e-10
  -6.8243e-10
  -6.7269e-10
  -6.7628e-10
  -6.7960e-10
  -6.8267e-10
  -6.7224e-10
  -6.7559e-10
  -6.7868e-10
  -6.8151e-10
  -6.7039e-10
  -6.7351e-10
  -6.7637e-10
  -6.7898e-10
  -6.6718e-10
  -6.7007e-10
  -6.7271e-10
  -6.7509e-10
  -6.6261e-10
  -6.6529e-10
  -8.9735e-10
  -9.0032e-10
  -8.8288e-10
  -8.8626e-10
  -8.8930e-10
  -8.9201e-10
  -8.7372e-10
  -8.7685e-10
  -8.7966e-10
  -8.8214e-10
  -8.6302e-10
  -8.6593e-10
  -8.6853e-10
  -8.7080e-10
  -8.5088e-10
  -8.5360e-10
  -8.5601e-10
  -8.5810e-10
  -8.3740e-10
  -8.3995e-10
  -8.4219e-10
  -8.4412e-10
  -8.2266e-10
  -8.2505e-10
  -8.2713e-10
  -8.2889e-10
  -8.0667e-10
  -8.0890e-10
  -8.1081e-10
  -5.4028e-10
  -5.2409e-10
  -5.2666e-10
  -5.2896e-10
  -5.3099e-10
  -5.1413e-10
  -5.1646e-10
  -5.1851e-10
  -5.2028e-10
  -5.0270e-10
  -5.0475e-10
  -5.0650e-10
  -5.0797e-10
  -4.8964e-10
  -7.3815e-10
  -7.4369e-10
  -7.4898e-10
  -7.2743e-10
  -7.3336e-10
  -7.3904e-10
  -7.4447e-10
  -7.2247e-10
  -7.2851e-10
  -7.3428e-10
  -7.3977e-10
  -7.1722e-10
  -7.2326e-10
  -7.2898e-10
  -7.3436e-10
  -7.1107e-10
  -7.1687e-10
  -7.2228e-10
  -7.2727e-10
  -7.0295e-10
  -7.0819e-10
  -7.1295e-10
  -7.1721e-10
  -6.9156e-10
  -6.9596e-10
  -6.9985e-10
  -7.0321e-10
  -6.7616e-10
  -6.7969e-10
  -6.8275e-10
  -6.8535e-10
  -6.5708e-10
  -6.6000e-10
  -6.6252e-10
  -6.6467e-10
  -6.3552e-10
  -6.3816e-10
  -6.4048e-10
  -6.4249e-10
  -6.1274e-10
  -6.1535e-10
  -6.1768e-10
  -6.1974e-10
  -5.8954e-10
  -5.9226e-10
  -5.9472e-10
  -5.9692e-10
  -5.6635e-10
  -3.6601e-10
  -3.7054e-10
  -3.7476e-10
  -3.5391e-10
  -3.5843e-10
  -3.6265e-10
  -3.6657e-10
  -3.4506e-10
  -3.4930e-10
  -5.6432e-10
  -4.2273e-10
  -4.0174e-10
  -4.0692e-10
  -4.1182e-10
  -4.1645e-10
  -3.9493e-10
  -3.9994e-10
  -4.0468e-10
  -4.0916e-10
  -3.8711e-10
  -3.9196e-10
  -3.9655e-10
  -4.0086e-10
  -3.7829e-10
  -3.8299e-10
  -3.8741e-10
  -3.9156e-10
  -3.6845e-10
  -3.7298e-10
  -3.7723e-10
  -3.8120e-10
  -3.5755e-10
  -3.6190e-10
  -3.6596e-10
  -3.6974e-10
  -3.4553e-10
  -3.4968e-10
  -3.5354e-10
  -3.5711e-10
  -3.3234e-10
  -3.3629e-10
  -3.3994e-10
  -3.4330e-10
  -3.1796e-10
  -3.2169e-10
  -3.2513e-10
  -3.2827e-10
  -3.0237e-10
  -3.0589e-10
  -3.0912e-10
  -3.1205e-10
  -2.8559e-10
  -2.8890e-10
  -2.9191e-10
  -2.9463e-10
  -2.6762e-10
  -2.7072e-10
  -2.7352e-10
  -2.7602e-10
  -2.4846e-10
  -2.5135e-10
  -2.5393e-10
  -2.5620e-10
  -2.2809e-10
  -2.3075e-10
  -2.3310e-10
  -2.3514e-10
  -2.0648e-10
  -2.0890e-10
  -3.6618e-10
  -2.1066e-10
  -1.8536e-10
  -1.9156e-10
  -1.9753e-10
  -2.0327e-10
  -1.7779e-10
  -1.8409e-10
  -1.9014e-10
  -1.9595e-10
  -1.7021e-10
  -1.7652e-10
  -1.8256e-10
  -1.8830e-10
  -1.6217e-10
  -1.6832e-10
  -1.7415e-10
  -1.7962e-10
  -1.5287e-10
  -1.5863e-10
  -1.6398e-10
  -1.6892e-10
  -1.4136e-10
  -1.4648e-10
  -1.5117e-10
  -1.5543e-10
  -1.2695e-10
  -1.3140e-10
  -1.3544e-10
  -1.3907e-10
  -1.0982e-10
  -1.1376e-10
  -1.1734e-10
  -1.2058e-10
  -9.0800e-11
  -9.4478e-11
  -9.7856e-11
  -1.0094e-10
  -7.0858e-11
  -7.4472e-11
  -7.7817e-11
  -8.0899e-11
  -5.0647e-11
  -5.4301e-11
  -5.7701e-11
  -6.0847e-11
  -6.7572e-09
  -6.7589e-09
   1.7503e-11
   1.2918e-11
  -5.0180e-09
  -5.0216e-09
  -5.0250e-09
  -5.0282e-09
  -5.0316e-09
  -5.0349e-09
  -5.0379e-09
  -5.0408e-09
  -5.0439e-09
  -5.0468e-09
  -6.7398e-09
  -6.7433e-09
  -6.7471e-09
  -6.7508e-09
  -6.7541e-09
  -6.7572e-09
  -6.7607e-09
  -6.7641e-09
  -6.7671e-09
  -6.7699e-09
  -6.7731e-09
  -1.0303e-08
  -1.0309e-08
  -1.0315e-08
  -1.0322e-08
  -1.0328e-08
  -1.0334e-08
  -1.0340e-08
  -1.0346e-08
  -1.0353e-08
  -1.0358e-08
  -1.0364e-08
  -1.0370e-08
  -1.0376e-08
  -1.0381e-08
  -1.0386e-08
  -1.0392e-08
  -1.0397e-08
  -1.0402e-08
  -1.0407e-08
  -1.0412e-08
  -1.0417e-08
  -1.0422e-08
  -1.0426e-08
  -1.0431e-08
  -1.0436e-08
  -1.0440e-08
  -1.0443e-08
  -1.0448e-08
  -1.0452e-08
  -1.0455e-08
  -1.0458e-08
  -1.0462e-08
  -1.0466e-08
  -1.0468e-08
  -1.0471e-08
  -1.0474e-08
  -1.0477e-08
  -1.0479e-08
  -1.0481e-08
  -1.0483e-08
  -1.0485e-08
  -1.0487e-08
  -1.0488e-08
  -1.0490e-08
  -1.0491e-08
  -2.1232e-08
  -2.1244e-08
  -2.1257e-08
  -2.1270e-08
  -2.1283e-08
  -2.1295e-08
  -2.1309e-08
  -2.1322e-08
  -2.1335e-08
  -2.1347e-08
  -2.1361e-08
  -2.1375e-08
  -2.1387e-08
  -2.1400e-08
  -2.1414e-08
  -2.1427e-08
  -1.0581e-08
  -1.0589e-08
  -1.0598e-08
  -1.0606e-08
  -1.0613e-08
  -1.0620e-08
  -1.0627e-08
  -1.0634e-08
  -1.0640e-08
  -1.0645e-08
  -1.0651e-08
  -1.0657e-08
  -1.0661e-08
  -1.0665e-08
  -1.0670e-08
  -1.0674e-08
  -1.0678e-08
  -1.0681e-08
  -1.0685e-08
  -1.0689e-08
  -1.0692e-08
  -1.0695e-08
  -1.0698e-08
  -1.0702e-08
  -1.0705e-08
  -1.0707e-08
  -1.0711e-08
  -1.0714e-08
  -7.1377e-09
  -7.1396e-09
  -7.1422e-09
  -7.1445e-09
  -5.2990e-09
  -5.3030e-09
  -5.3075e-09
  -5.3116e-09
  -5.3155e-09
  -5.3191e-09
  -5.3232e-09
  -5.3269e-09
  -5.3304e-09
  -5.3336e-09
  -5.3373e-09
  -5.3407e-09
  -5.3438e-09
  -5.3467e-09
  -5.3501e-09
  -5.3532e-09
  -5.3560e-09
  -5.3585e-09
  -5.3616e-09
  -5.3644e-09
  -5.3669e-09
  -5.3691e-09
  -5.3720e-09
  -5.3744e-09
  -5.3766e-09
  -5.3786e-09
  -5.3812e-09
  -5.3834e-09
  -5.3853e-09
  -5.3870e-09
  -5.3894e-09
  -5.3913e-09
  -5.3930e-09
  -5.3944e-09
  -5.3966e-09
  -5.3983e-09
  -5.3997e-09
  -5.4009e-09
  -5.4029e-09
  -7.2990e-09
  -7.3021e-09
  -7.3048e-09
  -7.3086e-09
  -7.3117e-09
  -7.3146e-09
  -7.3171e-09
  -7.3206e-09
  -7.3235e-09
  -7.3260e-09
  -7.3282e-09
  -7.3315e-09
  -7.3341e-09
  -7.3363e-09
  -7.3381e-09
  -7.3411e-09
  -7.3433e-09
  -7.3451e-09
  -7.3466e-09
  -7.3492e-09
  -7.3509e-09
  -7.3523e-09
  -7.3533e-09
  -7.3554e-09
  -7.3566e-09
  -7.3575e-09
  -7.3579e-09
  -7.3598e-09
  -7.3607e-09
  -7.3617e-09
  -1.1171e-08
  -1.1178e-08
  -1.1184e-08
  -1.1191e-08
  -1.1197e-08
  -1.1205e-08
  -1.1211e-08
  -1.1218e-08
  -1.1224e-08
  -1.1231e-08
  -1.1238e-08
  -1.1244e-08
  -1.1250e-08
  -1.1257e-08
  -1.1263e-08
  -1.1269e-08
  -1.1275e-08
  -1.1281e-08
  -1.1286e-08
  -1.1291e-08
  -1.1296e-08
  -1.1301e-08
  -1.1305e-08
  -1.1309e-08
  -1.1312e-08
  -1.1316e-08
  -1.1318e-08
  -1.1321e-08
  -1.1323e-08
  -1.1326e-08
  -1.1327e-08
  -7.4611e-09
  -7.4632e-09
  -7.4659e-09
  -7.4677e-09
  -7.4698e-09
  -7.4715e-09
  -7.4739e-09
  -7.4756e-09
  -7.4775e-09
  -7.4791e-09
  -7.4814e-09
  -7.4830e-09
  -7.4848e-09
  -7.4864e-09
  -7.4888e-09
  -1.1246e-08
  -1.1249e-08
  -7.4215e-09
  -7.4273e-09
  -7.4321e-09
  -7.4371e-09
  -7.4417e-09
  -7.4469e-09
  -7.4512e-09
  -7.4557e-09
  -7.4597e-09
  -7.4644e-09
  -7.4681e-09
  -7.4720e-09
  -7.4755e-09
  -7.4797e-09
  -7.4830e-09
  -7.4864e-09
  -7.4894e-09
  -7.4931e-09
  -7.4959e-09
  -7.4989e-09
  -7.5014e-09
  -7.5047e-09
  -7.5071e-09
  -7.5096e-09
  -7.5117e-09
  -7.5145e-09
  -7.5165e-09
  -7.5186e-09
  -7.5203e-09
  -7.5227e-09
  -7.5242e-09
  -7.5259e-09
  -7.5272e-09
  -7.5292e-09
  -7.5303e-09
  -7.5316e-09
  -7.5324e-09
  -7.5341e-09
  -7.5347e-09
  -7.5356e-09
  -7.5361e-09
  -7.5373e-09
  -7.5376e-09
  -7.5380e-09
  -7.5380e-09
  -7.5389e-09
  -7.5387e-09
  -7.5387e-09
  -7.5383e-09
  -7.5388e-09
  -7.5382e-09
  -7.5378e-09
  -7.5369e-09
  -1.1444e-08
  -1.1445e-08
  -1.1446e-08
  -1.1446e-08
  -1.1448e-08
  -1.1448e-08
  -1.1448e-08
  -1.1448e-08
  -1.1449e-08
  -1.1448e-08
  -1.1447e-08
  -1.1446e-08
  -1.1447e-08
  -1.1445e-08
  -1.1444e-08
  -2.3133e-08
  -2.3142e-08
  -2.3149e-08
  -2.3157e-08
  -2.3163e-08
  -2.3173e-08
  -2.3180e-08
  -2.3187e-08
  -2.3194e-08
  -2.3203e-08
  -2.3209e-08
  -2.3217e-08
  -2.3223e-08
  -2.3231e-08
  -2.3237e-08
  -2.3243e-08
  -2.3247e-08
  -2.3254e-08
  -2.3258e-08
  -2.3262e-08
  -2.3264e-08
  -2.3269e-08
  -2.3270e-08
  -2.3271e-08
  -2.3270e-08
  -2.3272e-08
  -2.3269e-08
  -2.3267e-08
  -2.3264e-08
  -2.3262e-08
  -2.3257e-08
  -1.1616e-08
  -1.1613e-08
  -1.1611e-08
  -1.1608e-08
  -1.1605e-08
  -1.1602e-08
  -1.1599e-08
  -1.1596e-08
  -1.1593e-08
  -1.1589e-08
  -1.1587e-08
  -1.1583e-08
  -1.1580e-08
  -1.1577e-08
  -1.1574e-08
  -7.6221e-09
  -7.6215e-09
  -5.6544e-09
  -5.6570e-09
  -5.6587e-09
  -5.6606e-09
  -5.6622e-09
  -5.6644e-09
  -5.6657e-09
  -5.6672e-09
  -5.6683e-09
  -5.6701e-09
  -5.6710e-09
  -5.6720e-09
  -5.6728e-09
  -5.6741e-09
  -5.6746e-09
  -5.6753e-09
  -5.6757e-09
  -5.6766e-09
  -5.6768e-09
  -5.6771e-09
  -5.6771e-09
  -5.6777e-09
  -5.6775e-09
  -5.6775e-09
  -5.6771e-09
  -5.6774e-09
  -5.6769e-09
  -5.6765e-09
  -5.6758e-09
  -5.6757e-09
  -5.6749e-09
  -5.6742e-09
  -5.6732e-09
  -5.6728e-09
  -5.6717e-09
  -5.6707e-09
  -5.6694e-09
  -5.6687e-09
  -5.6672e-09
  -5.6659e-09
  -5.6643e-09
  -5.6632e-09
  -5.6614e-09
  -5.6598e-09
  -5.6579e-09
  -5.6565e-09
  -5.6544e-09
  -5.6524e-09
  -5.6502e-09
  -5.6485e-09
  -5.6460e-09
  -5.6437e-09
  -5.6411e-09
  -5.6391e-09
  -5.6363e-09
  -5.6336e-09
  -5.6306e-09
  -5.6282e-09
  -5.6251e-09
  -5.6220e-09
  -5.6187e-09
  -5.6159e-09
  -5.6123e-09
  -5.6089e-09
  -5.6052e-09
  -5.6019e-09
  -5.5980e-09
  -5.5941e-09
  -5.5900e-09
  -1.1440e-08
  -1.1439e-08
  -1.1438e-08
  -1.1437e-08
  -1.1437e-08
  -1.1437e-08
  -1.1436e-08
  -1.1435e-08
  -1.1436e-08
  -1.1435e-08
  -1.1435e-08
  -1.1434e-08
  -1.1434e-08
  -1.1433e-08
  -1.1432e-08
  -1.1431e-08
  -1.1431e-08
  -1.1429e-08
  -1.1428e-08
  -1.1425e-08
  -1.1424e-08
  -1.1421e-08
  -1.1418e-08
  -1.1415e-08
  -1.1412e-08
  -1.1407e-08
  -1.1403e-08
  -1.1398e-08
  -1.1393e-08
  -1.1388e-08
  -1.1382e-08
  -1.1375e-08
  -1.1370e-08
  -2.2747e-08
  -2.2735e-08
  -2.2721e-08
  -2.2709e-08
  -2.2694e-08
  -2.2681e-08
  -2.2666e-08
  -2.2654e-08
  -2.2639e-08
  -2.2625e-08
  -2.2611e-08
  -2.2598e-08
  -2.2584e-08
  -2.2570e-08
  -2.2556e-08
  -1.1152e-08
  -1.1150e-08
  -1.1148e-08
  -1.1146e-08
  -1.1144e-08
  -1.1141e-08
  -1.1139e-08
  -1.1136e-08
  -1.1133e-08
  -1.1130e-08
  -1.1127e-08
  -1.1123e-08
  -1.1120e-08
  -7.3200e-09
  -7.3190e-09
  -7.3176e-09
  -7.3165e-09
  -7.3147e-09
  -7.3125e-09
  -7.3100e-09
  -7.3085e-09
  -7.3063e-09
  -7.3038e-09
  -7.3009e-09
  -7.2990e-09
  -7.2964e-09
  -7.2935e-09
  -7.2903e-09
  -7.2880e-09
  -7.2851e-09
  -7.2819e-09
  -7.2783e-09
  -7.2756e-09
  -7.2724e-09
  -7.2688e-09
  -7.2649e-09
  -7.2619e-09
  -7.2582e-09
  -7.2543e-09
  -7.2501e-09
  -7.2467e-09
  -7.2427e-09
  -7.2384e-09
  -7.2338e-09
  -7.2301e-09
  -7.2258e-09
  -7.2211e-09
  -7.2162e-09
  -7.2120e-09
  -7.2073e-09
  -7.2023e-09
  -7.1970e-09
  -7.1924e-09
  -7.1874e-09
  -7.1820e-09
  -7.1762e-09
  -7.1713e-09
  -7.1658e-09
  -7.1599e-09
  -7.1537e-09
  -7.1483e-09
  -7.1424e-09
  -7.1361e-09
  -7.1294e-09
  -7.1235e-09
  -7.1171e-09
  -7.1103e-09
  -7.1031e-09
  -1.0769e-08
  -1.0764e-08
  -1.0759e-08
  -1.0753e-08
  -1.0749e-08
  -1.0744e-08
  -1.0739e-08
  -1.0733e-08
  -1.0729e-08
  -1.0724e-08
  -1.0719e-08
  -1.0714e-08
  -1.0709e-08
  -1.0704e-08
  -1.0699e-08
  -2.1665e-08
  -2.1660e-08
  -1.0816e-08
  -1.0813e-08
  -1.0809e-08
  -1.0805e-08
  -1.0801e-08
  -1.0797e-08
  -1.0792e-08
  -1.0787e-08
  -1.0782e-08
  -1.0776e-08
  -1.0770e-08
  -1.0764e-08
  -1.0758e-08
  -1.0751e-08
  -1.0743e-08
  -1.0736e-08
  -1.0729e-08
  -1.0722e-08
  -1.0714e-08
  -2.2731e-10
  -2.1846e-10
  -2.0918e-10
  -1.9948e-10
  -2.5871e-10
  -2.4984e-10
  -2.4057e-10
  -2.3090e-10
  -2.8971e-10
  -2.8091e-10
  -2.7173e-10
  -2.6216e-10
  -3.2057e-10
  -1.7525e-10
  -1.7090e-10
  -1.6617e-10
  -2.1190e-10
  -2.0760e-10
  -2.0292e-10
  -1.9786e-10
  -2.4285e-10
  -2.3825e-10
  -2.3329e-10
  -2.2796e-10
  -2.7225e-10
  -2.6740e-10
  -2.6221e-10
  -2.5666e-10
  -3.0029e-10
  -2.9524e-10
  -2.8986e-10
  -2.8415e-10
  -3.2714e-10
  -3.2195e-10
  -3.1643e-10
  -3.1059e-10
  -3.5297e-10
  -3.4766e-10
  -3.4204e-10
  -3.3611e-10
  -2.4728e-10
  -2.4379e-10
  -2.4005e-10
  -2.3605e-10
  -2.6977e-10
  -2.6616e-10
  -2.6230e-10
  -2.5818e-10
  -2.9135e-10
  -2.8761e-10
  -2.8362e-10
  -2.7937e-10
  -3.1197e-10
  -3.0810e-10
  -3.0397e-10
  -2.9959e-10
  -3.3158e-10
  -3.2757e-10
  -3.2330e-10
  -3.1877e-10
  -3.5015e-10
  -3.4598e-10
  -3.4155e-10
  -3.3686e-10
  -3.6760e-10
  -3.6326e-10
  -3.5866e-10
  -3.5380e-10
  -3.8387e-10
  -3.7935e-10
  -3.7455e-10
  -3.6949e-10
  -3.9887e-10
  -3.9413e-10
  -3.8913e-10
  -3.8385e-10
  -4.1250e-10
  -4.0753e-10
  -4.0229e-10
  -3.9677e-10
  -4.2467e-10
  -5.8761e-10
  -5.8352e-10
  -5.7919e-10
  -6.1608e-10
  -6.1234e-10
  -6.0837e-10
  -6.0416e-10
  -6.4051e-10
  -6.3687e-10
  -6.3298e-10
  -6.2884e-10
  -6.6456e-10
  -6.6093e-10
  -6.5701e-10
  -6.5280e-10
  -6.8773e-10
  -6.8393e-10
  -6.7978e-10
  -6.7528e-10
