  -1.9989e-08
  -1.9995e-08
  -1.9993e-08
  -1.9991e-08
  -1.9989e-08
  -1.9995e-08
  -1.9993e-08
  -1.9991e-08
  -1.9988e-08
  -1.9995e-08
  -1.9993e-08
  -1.9990e-08
  -1.9988e-08
  -1.9995e-08
  -1.9992e-08
  -1.9990e-08
  -1.9988e-08
  -1.9994e-08
  -1.9992e-08
  -1.9990e-08
  -1.9988e-08
  -1.9994e-08
  -1.9992e-08
  -1.9990e-08
  -1.9987e-08
  -1.9994e-08
  -1.9992e-08
  -1.9989e-08
  -1.9987e-08
  -1.9994e-08
  -1.9991e-08
  -1.9989e-08
  -1.9987e-08
  -1.9993e-08
  -1.9991e-08
  -1.9989e-08
  -1.9987e-08
  -1.9993e-08
  -1.9991e-08
  -1.9989e-08
  -1.9986e-08
  -1.9993e-08
  -1.9991e-08
  -1.9988e-08
  -1.9986e-08
  -1.9993e-08
  -1.9990e-08
  -1.9988e-08
  -1.9986e-08
  -1.9992e-08
  -1.9990e-08
  -1.9988e-08
  -1.9986e-08
  -1.9992e-08
  -1.9990e-08
  -1.9988e-08
  -1.9985e-08
  -1.9992e-08
  -1.9990e-08
  -1.9987e-08
  -1.9985e-08
  -1.9992e-08
  -1.9989e-08
  -1.9987e-08
  -1.9985e-08
  -1.9991e-08
  -1.9989e-08
  -1.9987e-08
  -1.9985e-08
  -1.9991e-08
  -1.9989e-08
  -1.9987e-08
  -1.9984e-08
  -1.9991e-08
  -1.9989e-08
  -1.9986e-08
  -1.9984e-08
  -1.9991e-08
  -1.9988e-08
  -1.9986e-08
  -1.9984e-08
  -1.9990e-08
  -1.9988e-08
  -1.9986e-08
  -1.9984e-08
  -1.9990e-08
  -1.9988e-08
  -1.9986e-08
  -1.9984e-08
  -1.9990e-08
  -1.9988e-08
  -1.9986e-08
  -1.9983e-08
  -1.9990e-08
  -1.9987e-08
  -1.9985e-08
  -1.9983e-08
  -1.9989e-08
  -1.9987e-08
  -1.9985e-08
  -1.9983e-08
  -1.9989e-08
  -1.9987e-08
  -1.9985e-08
  -1.9983e-08
  -1.9989e-08
  -1.9987e-08
  -1.9985e-08
  -1.9982e-08
  -1.9989e-08
  -1.9986e-08
  -1.9984e-08
  -1.9982e-08
  -1.9988e-08
  -1.9986e-08
  -1.9984e-08
  -1.9982e-08
  -1.9988e-08
  -1.9986e-08
  -1.9984e-08
  -1.9982e-08
  -1.9988e-08
  -1.9986e-08
  -1.9984e-08
  -1.9982e-08
  -1.9988e-08
  -1.9986e-08
  -1.9983e-08
  -1.9981e-08
  -1.9987e-08
  -1.9985e-08
  -1.9983e-08
  -1.9981e-08
  -1.9987e-08
  -1.9985e-08
  -1.9983e-08
  -1.9981e-08
  -1.9987e-08
  -1.9985e-08
  -1.9983e-08
  -1.9981e-08
  -1.9987e-08
  -1.9985e-08
  -1.9982e-08
  -1.9980e-08
  -1.9986e-08
  -1.9984e-08
  -1.9982e-08
  -1.9980e-08
  -1.9986e-08
  -1.9984e-08
  -1.9982e-08
  -1.9980e-08
  -1.9986e-08
  -1.9984e-08
  -1.9982e-08
  -1.9980e-08
  -1.9985e-08
  -1.9984e-08
  -1.9981e-08
  -1.9979e-08
  -1.9985e-08
  -1.9983e-08
  -1.9981e-08
  -1.9979e-08
  -1.9985e-08
  -1.9983e-08
  -1.9981e-08
  -1.9979e-08
  -1.9985e-08
  -1.9983e-08
  -1.9981e-08
  -1.9979e-08
  -1.9984e-08
  -1.9983e-08
  -1.9981e-08
  -1.9978e-08
  -1.9984e-08
  -1.9982e-08
  -1.9980e-08
  -1.9978e-08
  -1.9984e-08
  -1.9982e-08
  -1.9980e-08
  -1.9978e-08
  -1.9984e-08
  -1.9982e-08
  -1.9980e-08
  -1.9978e-08
  -1.9983e-08
  -1.9982e-08
  -1.9980e-08
  -1.9978e-08
  -1.9983e-08
  -1.9981e-08
  -1.9979e-08
  -1.9977e-08
  -1.9983e-08
  -1.9981e-08
  -1.9979e-08
  -1.9977e-08
  -1.9983e-08
  -1.9981e-08
  -1.9979e-08
  -1.9977e-08
  -1.9982e-08
  -1.9981e-08
  -1.9979e-08
  -1.9977e-08
  -1.9982e-08
  -1.9980e-08
  -1.9978e-08
  -1.9976e-08
  -1.9982e-08
  -1.9980e-08
  -1.9978e-08
  -1.9976e-08
  -1.9982e-08
  -1.9980e-08
  -1.9978e-08
  -1.9976e-08
  -1.9981e-08
  -1.9980e-08
  -1.9978e-08
  -1.9976e-08
  -1.9981e-08
  -1.9979e-08
  -1.9977e-08
  -1.9976e-08
  -1.9981e-08
  -1.9979e-08
  -1.9977e-08
  -1.9975e-08
  -1.9981e-08
  -1.9979e-08
  -1.9977e-08
  -1.9975e-08
  -1.9980e-08
  -1.9979e-08
  -1.9977e-08
  -1.9975e-08
  -1.9980e-08
  -1.9978e-08
  -1.9977e-08
  -1.9975e-08
  -1.9980e-08
  -1.9978e-08
  -1.9976e-08
  -1.9974e-08
  -1.9980e-08
  -1.9978e-08
  -1.9976e-08
  -1.9974e-08
  -1.9979e-08
  -1.9978e-08
  -1.9976e-08
  -1.9974e-08
  -1.9979e-08
  -1.9977e-08
  -1.9976e-08
  -1.9974e-08
  -1.9979e-08
  -1.9977e-08
  -1.9975e-08
  -1.9973e-08
  -1.9979e-08
  -1.9977e-08
  -1.9975e-08
  -1.9973e-08
  -1.9978e-08
  -1.9977e-08
  -1.9975e-08
  -1.9973e-08
  -1.9978e-08
  -1.9976e-08
  -1.9975e-08
  -1.9973e-08
  -1.9978e-08
  -1.9976e-08
  -1.9974e-08
  -1.9973e-08
  -1.9978e-08
  -1.9976e-08
  -1.9974e-08
  -1.9972e-08
  -1.9977e-08
  -1.9976e-08
  -1.9974e-08
  -1.9972e-08
  -1.9977e-08
  -1.9975e-08
  -1.9974e-08
  -1.9972e-08
  -1.9977e-08
  -1.9975e-08
  -1.9973e-08
  -1.9972e-08
  -1.9977e-08
  -1.9975e-08
  -1.9973e-08
  -1.9971e-08
  -1.9976e-08
  -1.9975e-08
  -1.9973e-08
  -1.9971e-08
  -1.9976e-08
  -1.9975e-08
  -1.9973e-08
  -1.9971e-08
  -1.9976e-08
  -1.9974e-08
  -1.9973e-08
  -1.9971e-08
  -1.9976e-08
  -1.9974e-08
  -1.9972e-08
  -1.9970e-08
  -1.9975e-08
  -1.9974e-08
  -1.9972e-08
  -1.9970e-08
  -1.9975e-08
  -1.9974e-08
  -1.9972e-08
  -1.9970e-08
  -1.9975e-08
  -1.9973e-08
  -1.9972e-08
  -1.9970e-08
  -1.9975e-08
  -1.9973e-08
  -1.9971e-08
  -1.9970e-08
  -1.9975e-08
  -1.9973e-08
  -1.9971e-08
  -1.9969e-08
  -1.9974e-08
  -1.9973e-08
  -1.9971e-08
  -1.9969e-08
  -1.9974e-08
  -1.9972e-08
  -1.9971e-08
  -1.9969e-08
  -1.9974e-08
  -1.9972e-08
  -1.9970e-08
  -1.9969e-08
  -1.9973e-08
  -1.9972e-08
  -1.9970e-08
  -1.9968e-08
  -1.9973e-08
  -1.9972e-08
  -1.9970e-08
  -1.9968e-08
  -1.9973e-08
  -1.9971e-08
  -1.9970e-08
  -1.9968e-08
  -1.9973e-08
  -1.9971e-08
  -1.9969e-08
  -1.9968e-08
  -1.9972e-08
  -1.9971e-08
  -1.9969e-08
  -1.9968e-08
  -1.9972e-08
  -1.9971e-08
  -1.9969e-08
  -1.9967e-08
  -1.9972e-08
  -1.9970e-08
  -1.9969e-08
  -1.9967e-08
  -1.9972e-08
  -1.9970e-08
  -1.9969e-08
  -1.9967e-08
  -1.9971e-08
  -1.9970e-08
  -1.9968e-08
  -1.9967e-08
  -1.9971e-08
  -1.9970e-08
  -1.9968e-08
  -1.9966e-08
  -1.9971e-08
  -1.9969e-08
  -1.9968e-08
  -1.9966e-08
  -1.9971e-08
  -1.9969e-08
  -1.9968e-08
  -1.9966e-08
  -1.9971e-08
  -1.9969e-08
  -1.9967e-08
  -1.9966e-08
  -1.9970e-08
  -1.9969e-08
  -1.9967e-08
  -1.9966e-08
  -1.9970e-08
  -1.9969e-08
  -1.9967e-08
  -1.9965e-08
  -1.9970e-08
  -1.9968e-08
  -1.9967e-08
  -1.9965e-08
  -1.9970e-08
  -1.9968e-08
  -1.9967e-08
  -1.9965e-08
  -1.9969e-08
  -1.9968e-08
  -1.9966e-08
  -1.9965e-08
  -1.9969e-08
  -1.9968e-08
  -1.9966e-08
  -1.9964e-08
  -1.9969e-08
  -1.9967e-08
  -1.9966e-08
  -1.9964e-08
  -1.9969e-08
  -1.9967e-08
  -1.9966e-08
  -1.9964e-08
  -1.9968e-08
  -1.9967e-08
  -1.9965e-08
  -1.9964e-08
  -1.9968e-08
  -1.9967e-08
  -1.9965e-08
  -1.9964e-08
  -1.9968e-08
  -1.9966e-08
  -1.9965e-08
  -1.9963e-08
  -1.9968e-08
  -1.9966e-08
  -1.9965e-08
  -1.9963e-08
  -1.9967e-08
  -1.9966e-08
  -1.9964e-08
  -1.9963e-08
  -1.9967e-08
  -1.9966e-08
  -1.9964e-08
  -1.9963e-08
  -1.9967e-08
  -1.9965e-08
  -1.9964e-08
  -1.9962e-08
  -1.9967e-08
  -1.9965e-08
  -1.9964e-08
  -1.9962e-08
  -1.9966e-08
  -1.9965e-08
  -1.9963e-08
  -1.9962e-08
  -1.9966e-08
  -1.9965e-08
  -1.9963e-08
  -1.9962e-08
  -1.9966e-08
  -1.9964e-08
  -1.9963e-08
  -1.9962e-08
  -1.9966e-08
  -1.9964e-08
  -1.9963e-08
  -1.9961e-08
  -1.9965e-08
  -1.9964e-08
  -1.9963e-08
  -1.9961e-08
  -1.9965e-08
  -1.9964e-08
  -1.9962e-08
  -1.9961e-08
  -1.9965e-08
  -1.9963e-08
  -1.9962e-08
  -1.9961e-08
  -1.9965e-08
  -1.9963e-08
  -1.9962e-08
  -1.9960e-08
  -1.9964e-08
  -1.9963e-08
  -1.9962e-08
  -1.9960e-08
  -1.9964e-08
  -1.9963e-08
  -1.9961e-08
  -1.9960e-08
  -1.9964e-08
  -1.9963e-08
  -1.9961e-08
  -1.9960e-08
  -1.9964e-08
  -1.9962e-08
  -1.9961e-08
  -1.9960e-08
  -1.9963e-08
  -1.9962e-08
  -1.9961e-08
  -1.9959e-08
  -1.9963e-08
  -1.9962e-08
  -1.9961e-08
  -1.9959e-08
  -1.9963e-08
  -1.9962e-08
  -1.9960e-08
  -1.9959e-08
  -1.9963e-08
  -1.9961e-08
  -1.9960e-08
  -1.9959e-08
  -1.9962e-08
  -1.9961e-08
  -1.9960e-08
  -1.9959e-08
  -1.9962e-08
  -1.9961e-08
  -1.9960e-08
  -1.9958e-08
  -1.9962e-08
  -1.9961e-08
  -1.9959e-08
  -1.9958e-08
  -1.9962e-08
  -1.9960e-08
  -1.9959e-08
  -1.9958e-08
  -1.9961e-08
  -1.9960e-08
  -1.9959e-08
  -1.9958e-08
  -1.9961e-08
  -1.9960e-08
  -1.9959e-08
  -1.9957e-08
  -1.9961e-08
  -1.9960e-08
  -1.9958e-08
  -1.9957e-08
  -1.9961e-08
  -1.9959e-08
  -1.9958e-08
  -1.9957e-08
  -1.9960e-08
  -1.9959e-08
  -1.9958e-08
  -1.9957e-08
  -1.9960e-08
  -1.9959e-08
  -1.9958e-08
  -1.9957e-08
  -1.9960e-08
  -1.9959e-08
  -1.9958e-08
  -1.9956e-08
  -1.9960e-08
  -1.9958e-08
  -1.9957e-08
  -1.9956e-08
  -1.9959e-08
  -1.9958e-08
  -1.9957e-08
  -1.9956e-08
  -1.9959e-08
  -1.9958e-08
  -1.9957e-08
  -1.9956e-08
  -1.9959e-08
  -1.9958e-08
  -1.9957e-08
  -1.9955e-08
  -1.9959e-08
  -1.9958e-08
  -1.9956e-08
  -1.9955e-08
  -1.9958e-08
  -1.9957e-08
  -1.9956e-08
  -1.9955e-08
  -1.9958e-08
  -1.9957e-08
  -1.9956e-08
  -1.9955e-08
  -1.9958e-08
  -1.9957e-08
  -1.9956e-08
  -1.9955e-08
  -1.9958e-08
  -1.9957e-08
  -1.9956e-08
  -1.9954e-08
  -1.9957e-08
  -1.9956e-08
  -1.9955e-08
  -1.9954e-08
  -1.9957e-08
  -1.9956e-08
  -1.9955e-08
  -1.9954e-08
  -1.9957e-08
  -1.9956e-08
  -1.9955e-08
  -1.9954e-08
  -1.9957e-08
  -1.9956e-08
  -1.9955e-08
  -1.9954e-08
  -1.9956e-08
  -1.9955e-08
  -1.9954e-08
  -1.9953e-08
  -1.9956e-08
  -1.9955e-08
  -1.9954e-08
  -1.9953e-08
  -1.9956e-08
  -1.9955e-08
  -1.9954e-08
  -1.9953e-08
  -1.9956e-08
  -1.9955e-08
  -1.9954e-08
  -1.9953e-08
  -1.9955e-08
  -1.9955e-08
  -1.9953e-08
  -1.9952e-08
  -1.9955e-08
  -1.9954e-08
  -1.9953e-08
  -1.9952e-08
  -1.9955e-08
  -1.9954e-08
  -1.9953e-08
  -1.9952e-08
  -1.9955e-08
  -1.9954e-08
  -1.9953e-08
  -1.9952e-08
  -1.9954e-08
  -1.9954e-08
  -1.9953e-08
  -1.9952e-08
  -1.9954e-08
  -1.9953e-08
  -1.9952e-08
  -1.9951e-08
  -1.9954e-08
  -1.9953e-08
  -1.9952e-08
  -1.9951e-08
  -1.9954e-08
  -1.9953e-08
  -1.9952e-08
  -1.9951e-08
  -1.9953e-08
  -1.9953e-08
  -1.9952e-08
  -1.9951e-08
  -1.9953e-08
  -1.9952e-08
  -1.9951e-08
  -1.9950e-08
  -1.9953e-08
  -1.9952e-08
  -1.9951e-08
  -1.9950e-08
  -1.9953e-08
  -1.9952e-08
  -1.9951e-08
  -1.9950e-08
  -1.9953e-08
  -1.9952e-08
  -1.9951e-08
  -1.9950e-08
  -1.9952e-08
  -1.9951e-08
  -1.9951e-08
  -1.9950e-08
  -1.9952e-08
  -1.9951e-08
  -1.9950e-08
  -1.9949e-08
  -1.9952e-08
  -1.9951e-08
  -1.9950e-08
  -1.9949e-08
  -1.9952e-08
  -1.9951e-08
  -1.9950e-08
  -1.9949e-08
  -1.9951e-08
  -1.9950e-08
  -1.9950e-08
  -1.9949e-08
  -1.9951e-08
  -1.9950e-08
  -1.9949e-08
  -1.9949e-08
  -1.9951e-08
  -1.9950e-08
  -1.9949e-08
  -1.9948e-08
  -1.9951e-08
  -1.9950e-08
  -1.9949e-08
  -1.9948e-08
  -1.9950e-08
  -1.9950e-08
  -1.9949e-08
  -1.9948e-08
  -1.9950e-08
  -1.9949e-08
  -1.9949e-08
  -1.9948e-08
  -1.9950e-08
  -1.9949e-08
  -1.9948e-08
  -1.9947e-08
  -1.9950e-08
  -1.9949e-08
  -1.9948e-08
  -1.9947e-08
  -1.9949e-08
  -1.9949e-08
  -1.9948e-08
  -1.9947e-08
  -1.9949e-08
  -1.9948e-08
  -1.9948e-08
  -1.9947e-08
  -1.9949e-08
  -1.9948e-08
  -1.9947e-08
  -1.9947e-08
  -1.9949e-08
  -1.9948e-08
  -1.9947e-08
  -1.9946e-08
  -1.9948e-08
  -1.9948e-08
  -1.9947e-08
  -1.9946e-08
  -1.9948e-08
  -1.9947e-08
  -1.9947e-08
  -1.9946e-08
  -1.9948e-08
  -1.9947e-08
  -1.9946e-08
  -1.9946e-08
  -1.9948e-08
  -1.9947e-08
  -1.9946e-08
  -1.9946e-08
  -1.9947e-08
  -1.9947e-08
  -1.9946e-08
  -1.9945e-08
  -1.9947e-08
  -1.9947e-08
  -1.9946e-08
  -1.9945e-08
  -1.9947e-08
  -1.9946e-08
  -1.9946e-08
  -1.9945e-08
  -1.9947e-08
  -1.9946e-08
  -1.9945e-08
  -1.9945e-08
  -1.9946e-08
  -1.9946e-08
  -1.9945e-08
  -1.9944e-08
  -1.9946e-08
  -1.9946e-08
  -1.9945e-08
  -1.9944e-08
  -1.9946e-08
  -1.9945e-08
  -1.9945e-08
  -1.9944e-08
  -1.9946e-08
  -1.9945e-08
  -1.9944e-08
  -1.9944e-08
  -1.9945e-08
  -1.9945e-08
  -1.9944e-08
  -1.9944e-08
  -1.9945e-08
  -1.9945e-08
  -1.9944e-08
  -1.9943e-08
  -1.9945e-08
  -1.9944e-08
  -1.9944e-08
  -1.9943e-08
  -1.9945e-08
  -1.9944e-08
  -1.9944e-08
  -1.9943e-08
  -1.9945e-08
  -1.9944e-08
  -1.9943e-08
  -1.9943e-08
  -1.9944e-08
  -1.9944e-08
  -1.9943e-08
  -1.9943e-08
  -1.9944e-08
  -1.9944e-08
  -1.9943e-08
  -1.9942e-08
  -1.9944e-08
  -1.9943e-08
  -1.9943e-08
  -1.9942e-08
  -1.9944e-08
  -1.9943e-08
  -1.9943e-08
  -1.9942e-08
  -1.9943e-08
  -1.9943e-08
  -1.9942e-08
  -1.9942e-08
  -1.9943e-08
  -1.9943e-08
  -1.9942e-08
  -1.9941e-08
  -1.9943e-08
  -1.9942e-08
  -1.9942e-08
  -1.9941e-08
  -1.9943e-08
  -1.9942e-08
  -1.9942e-08
  -1.9941e-08
  -1.9942e-08
  -1.9942e-08
  -1.9941e-08
  -1.9941e-08
  -1.9942e-08
  -1.9942e-08
  -1.9941e-08
  -1.9941e-08
  -1.9942e-08
  -1.9941e-08
  -1.9941e-08
  -1.9940e-08
  -1.9942e-08
  -1.9941e-08
  -1.9941e-08
  -1.9940e-08
  -1.9941e-08
  -1.9941e-08
  -1.9940e-08
  -1.9940e-08
  -1.9941e-08
  -1.9941e-08
  -1.9940e-08
  -1.9940e-08
  -1.9941e-08
  -1.9940e-08
  -1.9940e-08
  -1.9940e-08
  -1.9941e-08
  -1.9940e-08
  -1.9940e-08
  -1.9939e-08
  -1.9940e-08
  -1.9940e-08
  -1.9940e-08
  -1.9939e-08
  -1.9940e-08
  -1.9940e-08
  -1.9939e-08
  -1.9939e-08
  -1.9940e-08
  -1.9940e-08
  -1.9939e-08
  -1.9939e-08
  -1.9940e-08
  -1.9939e-08
  -1.9939e-08
  -1.9938e-08
  -1.9939e-08
  -1.9939e-08
  -1.9939e-08
  -1.9938e-08
  -1.9939e-08
  -1.9939e-08
  -1.9938e-08
  -1.9938e-08
  -1.9939e-08
  -1.9939e-08
  -1.9938e-08
  -1.9938e-08
  -1.9939e-08
  -1.9938e-08
  -1.9938e-08
  -1.9938e-08
  -1.9938e-08
  -1.9938e-08
  -1.9938e-08
  -1.9937e-08
  -1.9938e-08
  -1.9938e-08
  -1.9938e-08
  -1.9937e-08
  -1.9938e-08
  -1.9938e-08
  -1.9937e-08
  -1.9937e-08
  -1.9938e-08
  -1.9937e-08
  -1.9937e-08
  -1.9937e-08
  -1.9937e-08
  -1.9937e-08
  -1.9937e-08
  -1.9937e-08
  -1.9937e-08
  -1.9937e-08
  -1.9937e-08
  -1.9936e-08
  -1.9937e-08
  -1.9937e-08
  -1.9936e-08
  -1.9936e-08
  -1.9937e-08
  -1.9937e-08
  -1.9936e-08
  -1.9936e-08
  -1.9936e-08
  -1.9936e-08
  -1.9936e-08
  -1.9936e-08
  -1.9936e-08
  -1.9936e-08
  -1.9936e-08
  -1.9935e-08
  -1.9936e-08
  -1.9936e-08
  -1.9936e-08
  -1.9935e-08
  -1.9936e-08
  -1.9936e-08
  -1.9935e-08
  -1.9935e-08
  -1.9935e-08
  -1.9935e-08
  -1.9935e-08
  -1.9935e-08
  -1.9935e-08
  -1.9935e-08
  -1.9935e-08
  -1.9935e-08
  -1.9935e-08
  -1.9935e-08
  -1.9935e-08
  -1.9934e-08
  -1.9935e-08
  -1.9935e-08
  -1.9934e-08
  -1.9934e-08
  -1.9935e-08
  -1.9934e-08
  -1.9934e-08
  -1.9934e-08
  -1.9934e-08
  -1.9934e-08
  -1.9934e-08
  -1.9934e-08
  -1.9934e-08
  -1.9934e-08
  -1.9934e-08
  -1.9934e-08
  -1.9934e-08
  -1.9934e-08
  -1.9934e-08
  -1.9933e-08
  -1.9934e-08
  -1.9933e-08
  -1.9933e-08
  -1.9933e-08
  -1.9933e-08
  -1.9933e-08
  -1.9933e-08
  -1.9933e-08
  -1.9933e-08
  -1.9933e-08
  -1.9933e-08
  -1.9933e-08
  -1.9933e-08
  -1.9933e-08
  -1.9933e-08
  -1.9933e-08
  -1.9933e-08
  -1.9933e-08
  -1.9932e-08
  -1.9932e-08
  -1.9932e-08
  -1.9932e-08
  -1.9932e-08
  -1.9932e-08
  -1.9932e-08
  -1.9932e-08
  -1.9932e-08
  -1.9932e-08
  -1.9932e-08
  -1.9932e-08
  -1.9932e-08
  -1.9932e-08
  -1.9932e-08
  -1.9932e-08
  -1.9932e-08
  -1.9931e-08
  -1.9931e-08
  -1.9931e-08
  -1.9931e-08
  -1.9931e-08
  -1.9931e-08
  -1.9931e-08
  -1.9931e-08
  -1.9931e-08
  -1.9931e-08
  -1.9931e-08
  -1.9931e-08
  -1.9931e-08
  -1.9931e-08
  -1.9931e-08
  -1.9931e-08
  -1.9931e-08
  -1.9930e-08
  -1.9930e-08
  -1.9930e-08
  -1.9930e-08
  -1.9930e-08
  -1.9930e-08
  -1.9930e-08
  -1.9930e-08
  -1.9930e-08
  -1.9930e-08
  -1.9930e-08
  -1.9930e-08
  -1.9930e-08
  -1.9930e-08
  -1.9930e-08
  -1.9930e-08
  -1.9929e-08
  -1.9930e-08
  -1.9930e-08
  -1.9930e-08
  -1.9929e-08
  -1.9929e-08
  -1.9929e-08
  -1.9929e-08
  -1.9929e-08
  -1.9929e-08
  -1.9929e-08
  -1.9929e-08
  -1.9929e-08
  -1.9929e-08
  -1.9929e-08
  -1.9929e-08
  -1.9928e-08
  -1.9929e-08
  -1.9929e-08
  -1.9929e-08
  -1.9928e-08
  -1.9928e-08
  -1.9928e-08
  -1.9928e-08
  -1.9928e-08
  -1.9928e-08
  -1.9928e-08
  -1.9928e-08
  -1.9928e-08
  -1.9928e-08
  -1.9928e-08
  -1.9928e-08
  -1.9928e-08
  -1.9928e-08
  -1.9928e-08
  -1.9928e-08
  -1.9927e-08
  -1.9927e-08
  -1.9928e-08
  -1.9928e-08
  -1.9927e-08
  -1.9927e-08
  -1.9927e-08
  -1.9927e-08
  -1.9927e-08
  -1.9927e-08
  -1.9927e-08
  -1.9927e-08
  -1.9927e-08
  -1.9927e-08
  -1.9927e-08
  -1.9927e-08
  -1.9926e-08
  -1.9927e-08
  -1.9927e-08
  -1.9927e-08
  -1.9926e-08
  -1.9926e-08
  -1.9926e-08
  -1.9927e-08
  -1.9926e-08
  -1.9926e-08
  -1.9926e-08
  -1.9926e-08
  -1.9926e-08
  -1.9926e-08
  -1.9926e-08
  -1.9926e-08
  -1.9925e-08
  -1.9926e-08
  -1.9926e-08
  -1.9926e-08
  -1.9925e-08
  -1.9925e-08
  -1.9926e-08
  -1.9926e-08
  -1.9925e-08
  -1.9925e-08
  -1.9925e-08
  -1.9926e-08
  -1.9925e-08
  -1.9925e-08
  -1.9925e-08
  -1.9925e-08
  -1.9924e-08
  -1.9925e-08
  -1.9925e-08
  -1.9925e-08
  -1.9924e-08
  -1.9924e-08
  -1.9925e-08
  -1.9925e-08
  -1.9924e-08
  -1.9924e-08
  -1.9924e-08
  -1.9925e-08
  -1.9924e-08
  -1.9924e-08
  -1.9924e-08
  -1.9924e-08
  -1.9923e-08
  -1.9924e-08
  -1.9924e-08
  -1.9924e-08
  -1.9923e-08
  -1.9924e-08
  -1.9924e-08
  -1.9924e-08
  -1.9923e-08
  -1.9923e-08
  -1.9924e-08
  -1.9924e-08
  -1.9923e-08
  -1.9923e-08
  -1.9923e-08
  -1.9924e-08
  -1.9922e-08
  -1.9923e-08
  -1.9923e-08
  -1.9923e-08
  -1.9922e-08
  -1.9923e-08
  -1.9923e-08
  -1.9923e-08
  -1.9922e-08
  -1.9922e-08
  -1.9923e-08
  -1.9923e-08
  -1.9922e-08
  -1.9922e-08
  -1.9922e-08
  -1.9923e-08
  -1.9922e-08
  -1.9922e-08
  -1.9922e-08
  -1.9923e-08
  -1.9921e-08
  -1.9922e-08
  -1.9922e-08
  -1.9922e-08
  -1.9921e-08
  -1.9921e-08
  -1.9922e-08
  -1.9922e-08
  -1.9921e-08
  -1.9921e-08
  -1.9922e-08
  -1.9922e-08
  -1.9921e-08
  -1.9921e-08
  -1.9921e-08
  -1.9922e-08
  -1.9920e-08
  -1.9921e-08
  -1.9921e-08
  -1.9921e-08
  -1.9920e-08
  -1.9921e-08
  -1.9921e-08
  -1.9921e-08
  -1.9920e-08
  -1.9920e-08
  -1.9921e-08
  -1.9921e-08
  -1.9920e-08
  -1.9920e-08
  -1.9921e-08
  -1.9921e-08
  -1.9919e-08
  -1.9920e-08
  -1.9920e-08
  -1.9921e-08
  -1.9919e-08
  -1.9920e-08
  -1.9920e-08
  -1.9920e-08
  -1.9919e-08
  -1.9919e-08
  -1.9920e-08
  -1.9920e-08
  -1.9919e-08
  -1.9919e-08
  -1.9920e-08
  -1.9920e-08
  -1.9918e-08
  -1.9919e-08
  -1.9919e-08
  -1.9920e-08
  -1.9918e-08
  -1.9919e-08
  -1.9919e-08
  -1.9920e-08
  -1.9918e-08
  -1.9918e-08
  -1.9919e-08
  -1.9919e-08
  -1.9918e-08
  -1.9918e-08
  -1.9919e-08
  -1.9919e-08
  -1.9917e-08
  -1.9918e-08
  -1.9918e-08
  -1.9919e-08
  -1.9917e-08
  -1.9918e-08
  -1.9918e-08
  -1.9919e-08
  -1.9917e-08
  -1.9917e-08
  -1.9918e-08
  -1.9918e-08
  -1.9917e-08
  -1.9917e-08
  -1.9918e-08
  -1.9918e-08
  -1.9916e-08
  -1.9917e-08
  -1.9918e-08
  -1.9918e-08
  -1.9916e-08
  -1.9917e-08
  -1.9917e-08
  -1.9918e-08
  -1.9916e-08
  -1.9917e-08
  -1.9917e-08
  -1.9918e-08
  -1.9916e-08
  -1.9916e-08
  -1.9917e-08
  -1.9917e-08
  -1.9915e-08
  -1.9916e-08
  -1.9917e-08
  -1.9917e-08
  -1.9915e-08
  -1.9916e-08
  -1.9916e-08
  -1.9917e-08
  -1.9915e-08
  -1.9916e-08
  -1.9916e-08
  -1.9917e-08
  -1.9915e-08
  -1.9915e-08
  -1.9916e-08
  -1.9917e-08
  -1.9914e-08
  -1.9915e-08
  -1.9916e-08
  -1.9916e-08
  -1.9914e-08
  -1.9915e-08
  -1.9916e-08
  -1.9916e-08
  -1.9914e-08
  -1.9915e-08
  -1.9915e-08
  -1.9916e-08
  -1.9914e-08
  -1.9914e-08
  -1.9915e-08
  -1.9916e-08
  -1.9914e-08
  -1.9914e-08
  -1.9915e-08
  -1.9916e-08
  -1.9913e-08
  -1.9914e-08
  -1.9915e-08
  -1.9915e-08
  -1.9913e-08
  -1.9914e-08
  -1.9914e-08
  -1.9915e-08
  -1.9913e-08
  -1.9914e-08
  -1.9914e-08
  -1.9915e-08
  -1.9913e-08
  -1.9913e-08
  -1.9914e-08
  -1.9915e-08
  -1.9912e-08
  -1.9913e-08
  -1.9914e-08
  -1.9914e-08
  -1.9912e-08
  -1.9913e-08
  -1.9914e-08
  -1.9914e-08
  -1.9912e-08
  -1.9913e-08
  -1.9913e-08
  -1.9914e-08
  -1.9912e-08
  -1.9912e-08
  -1.9913e-08
  -1.9914e-08
  -1.9911e-08
  -1.9912e-08
  -1.9913e-08
  -1.9914e-08
  -1.9911e-08
  -1.9912e-08
  -1.9913e-08
  -1.9913e-08
  -1.9911e-08
  -1.9912e-08
  -1.9912e-08
  -1.9913e-08
  -1.9911e-08
  -1.9911e-08
  -1.9912e-08
  -1.9913e-08
  -1.9910e-08
  -1.9911e-08
  -1.9912e-08
  -1.9913e-08
  -1.9910e-08
  -1.9911e-08
  -1.9912e-08
  -1.9912e-08
  -1.9910e-08
  -1.9911e-08
  -1.9912e-08
  -1.9912e-08
  -1.9910e-08
  -1.9910e-08
  -1.9911e-08
  -1.9912e-08
  -1.9909e-08
  -1.9910e-08
  -1.9911e-08
  -1.9912e-08
  -1.9909e-08
  -1.9910e-08
  -1.9911e-08
  -1.9912e-08
  -1.9909e-08
  -1.9910e-08
  -1.9911e-08
  -1.9911e-08
  -1.9909e-08
  -1.9910e-08
  -1.9910e-08
  -1.9911e-08
  -1.9908e-08
  -1.9909e-08
  -1.9910e-08
  -1.9911e-08
  -1.9908e-08
  -1.9909e-08
  -1.9910e-08
  -1.9911e-08
  -1.9908e-08
  -1.9909e-08
  -1.9910e-08
  -1.9911e-08
  -1.9908e-08
  -1.9909e-08
  -1.9910e-08
  -1.9910e-08
  -1.9907e-08
  -1.9908e-08
  -1.9909e-08
  -1.9910e-08
  -1.9907e-08
  -1.9908e-08
  -1.9909e-08
  -1.9910e-08
  -1.9907e-08
  -1.9908e-08
  -1.9909e-08
  -1.9910e-08
  -1.9907e-08
  -1.9908e-08
  -1.9909e-08
  -1.9909e-08
  -1.9906e-08
  -1.9907e-08
  -1.9908e-08
  -1.9909e-08
  -1.9906e-08
  -1.9907e-08
  -1.9908e-08
  -1.9909e-08
  -1.9906e-08
  -1.9907e-08
  -1.9908e-08
  -1.9909e-08
  -1.9906e-08
  -1.9907e-08
  -1.9908e-08
  -1.9909e-08
  -1.9905e-08
  -1.9906e-08
  -1.9907e-08
  -1.9908e-08
  -1.9905e-08
  -1.9906e-08
  -1.9907e-08
  -1.9908e-08
  -1.9905e-08
  -1.9906e-08
  -1.9907e-08
  -1.9908e-08
  -1.9905e-08
  -1.9906e-08
  -1.9907e-08
  -1.9908e-08
  -1.9904e-08
  -1.9906e-08
  -1.9907e-08
  -1.9908e-08
  -1.9904e-08
  -1.9905e-08
  -1.9906e-08
  -1.9907e-08
  -1.9904e-08
  -1.9905e-08
  -1.9906e-08
  -1.9907e-08
  -1.9904e-08
  -1.9905e-08
  -1.9906e-08
  -1.9907e-08
  -1.9904e-08
  -1.9905e-08
  -1.9906e-08
  -1.9907e-08
  -1.9903e-08
  -1.9904e-08
  -1.9905e-08
  -1.9906e-08
  -1.9903e-08
  -1.9904e-08
  -1.9905e-08
  -1.9906e-08
  -1.9903e-08
  -1.9904e-08
  -1.9905e-08
  -1.9906e-08
  -1.9903e-08
  -1.9904e-08
  -1.9905e-08
  -1.9906e-08
  -1.9902e-08
  -1.9903e-08
  -1.9905e-08
  -1.9906e-08
  -1.9902e-08
  -1.9903e-08
  -1.9904e-08
  -1.9905e-08
  -1.9902e-08
  -1.9903e-08
  -1.9904e-08
  -1.9905e-08
  -1.9902e-08
  -1.9903e-08
  -1.9904e-08
  -1.9905e-08
  -1.9901e-08
  -1.9903e-08
  -1.9904e-08
  -1.9905e-08
  -1.9901e-08
  -1.9902e-08
  -1.9903e-08
  -1.9905e-08
  -1.9901e-08
  -1.9902e-08
  -1.9903e-08
  -1.9904e-08
  -1.9901e-08
  -1.9902e-08
  -1.9903e-08
  -1.9904e-08
  -1.9900e-08
  -1.9902e-08
  -1.9903e-08
  -1.9904e-08
  -1.9900e-08
  -1.9901e-08
  -1.9902e-08
  -1.9904e-08
  -1.9900e-08
  -1.9901e-08
  -1.9902e-08
  -1.9903e-08
  -1.9900e-08
  -1.9901e-08
  -1.9902e-08
  -1.9903e-08
  -1.9899e-08
  -1.9901e-08
  -1.9902e-08
  -1.9903e-08
  -1.9899e-08
  -1.9900e-08
  -1.9902e-08
  -1.9903e-08
  -1.9899e-08
  -1.9900e-08
  -1.9901e-08
  -1.9903e-08
  -1.9899e-08
  -1.9900e-08
  -1.9901e-08
  -1.9902e-08
  -1.9898e-08
  -1.9900e-08
  -1.9901e-08
  -1.9902e-08
  -1.9898e-08
  -1.9899e-08
  -1.9901e-08
  -1.9902e-08
  -1.9898e-08
  -1.9899e-08
  -1.9900e-08
  -1.9902e-08
  -1.9898e-08
  -1.9899e-08
  -1.9900e-08
  -1.9901e-08
  -1.9897e-08
  -1.9899e-08
  -1.9900e-08
  -1.9901e-08
  -1.9897e-08
  -1.9899e-08
  -1.9900e-08
  -1.9901e-08
  -1.9897e-08
  -1.9898e-08
  -1.9900e-08
  -1.9901e-08
  -1.9897e-08
  -1.9898e-08
  -1.9899e-08
  -1.9901e-08
  -1.9896e-08
  -1.9898e-08
  -1.9899e-08
  -1.9900e-08
  -1.9896e-08
  -1.9898e-08
  -1.9899e-08
  -1.9900e-08
  -1.9896e-08
  -1.9897e-08
  -1.9899e-08
  -1.9900e-08
  -1.9896e-08
  -1.9897e-08
  -1.9898e-08
  -1.9900e-08
  -1.9896e-08
  -1.9897e-08
  -1.9898e-08
  -1.9900e-08
  -1.9895e-08
  -1.9897e-08
  -1.9898e-08
  -1.9899e-08
  -1.9895e-08
  -1.9896e-08
  -1.9898e-08
  -1.9899e-08
  -1.9895e-08
  -1.9896e-08
  -1.9898e-08
  -1.9899e-08
  -1.9895e-08
  -1.9896e-08
  -1.9897e-08
  -1.9899e-08
  -1.9894e-08
  -1.9896e-08
  -1.9897e-08
  -1.9898e-08
  -1.9894e-08
  -1.9895e-08
  -1.9897e-08
  -1.9898e-08
  -1.9894e-08
  -1.9895e-08
  -1.9897e-08
  -1.9898e-08
  -1.9894e-08
  -1.9895e-08
  -1.9896e-08
  -1.9898e-08
  -1.9893e-08
  -1.9895e-08
  -1.9896e-08
  -1.9897e-08
  -1.9893e-08
  -1.9895e-08
  -1.9896e-08
  -1.9897e-08
  -1.9893e-08
  -1.9894e-08
  -1.9896e-08
  -1.9897e-08
  -1.9893e-08
  -1.9894e-08
  -1.9895e-08
  -1.9897e-08
  -1.9892e-08
  -1.9894e-08
  -1.9895e-08
  -1.9897e-08
  -1.9892e-08
  -1.9894e-08
  -1.9895e-08
  -1.9896e-08
  -1.9892e-08
  -1.9893e-08
  -1.9895e-08
  -1.9896e-08
  -1.9892e-08
  -1.9893e-08
  -1.9895e-08
  -1.9896e-08
  -1.9891e-08
  -1.9893e-08
  -1.9894e-08
  -1.9896e-08
  -1.9891e-08
  -1.9893e-08
  -1.9894e-08
  -1.9896e-08
  -1.9891e-08
  -1.9892e-08
  -1.9894e-08
  -1.9895e-08
  -1.9891e-08
  -1.9892e-08
  -1.9894e-08
  -1.9895e-08
  -1.9890e-08
  -1.9892e-08
  -1.9893e-08
  -1.9895e-08
  -1.9890e-08
  -1.9892e-08
  -1.9893e-08
  -1.9895e-08
  -1.9890e-08
  -1.9891e-08
  -1.9893e-08
  -1.9894e-08
  -1.9890e-08
  -1.9891e-08
  -1.9893e-08
  -1.9894e-08
  -1.9889e-08
  -1.9891e-08
  -1.9893e-08
  -1.9894e-08
  -1.9889e-08
  -1.9891e-08
  -1.9892e-08
  -1.9894e-08
  -1.9889e-08
  -1.9891e-08
  -1.9892e-08
  -1.9894e-08
  -1.9889e-08
  -1.9890e-08
  -1.9892e-08
  -1.9893e-08
  -1.9888e-08
  -1.9890e-08
  -1.9892e-08
  -1.9893e-08
  -1.9888e-08
  -1.9890e-08
  -1.9891e-08
  -1.9893e-08
  -1.9888e-08
  -1.9890e-08
  -1.9891e-08
  -1.9893e-08
  -1.9888e-08
  -1.9889e-08
  -1.9891e-08
  -1.9892e-08
  -1.9887e-08
  -1.9889e-08
  -1.9891e-08
  -1.9892e-08
  -1.9887e-08
  -1.9889e-08
  -1.9890e-08
  -1.9892e-08
  -1.9887e-08
  -1.9889e-08
  -1.9890e-08
  -1.9892e-08
  -1.9887e-08
  -1.9888e-08
  -1.9890e-08
  -1.9891e-08
  -1.9886e-08
  -1.9888e-08
  -1.9890e-08
  -1.9891e-08
  -1.9886e-08
  -1.9888e-08
  -1.9889e-08
  -1.9891e-08
  -1.9886e-08
  -1.9888e-08
  -1.9889e-08
  -1.9891e-08
  -1.9886e-08
  -1.9887e-08
  -1.9889e-08
  -1.9891e-08
  -1.9885e-08
  -1.9887e-08
  -1.9889e-08
  -1.9890e-08
  -1.9885e-08
  -1.9887e-08
  -1.9889e-08
  -1.9890e-08
  -1.9885e-08
  -1.9887e-08
  -1.9888e-08
  -1.9890e-08
  -1.9885e-08
  -1.9886e-08
  -1.9888e-08
  -1.9890e-08
  -1.9884e-08
  -1.9886e-08
  -1.9888e-08
  -1.9889e-08
  -1.9884e-08
  -1.9886e-08
  -1.9888e-08
  -1.9889e-08
  -1.9884e-08
  -1.9886e-08
  -1.9887e-08
  -1.9889e-08
  -1.9884e-08
  -1.9885e-08
  -1.9887e-08
  -1.9889e-08
  -1.9883e-08
  -1.9885e-08
  -1.9887e-08
  -1.9889e-08
  -1.9883e-08
  -1.9885e-08
  -1.9887e-08
  -1.9888e-08
  -1.9883e-08
  -1.9885e-08
  -1.9886e-08
  -1.9888e-08
  -1.9883e-08
  -1.9885e-08
  -1.9886e-08
  -1.9888e-08
  -1.9883e-08
  -1.9884e-08
  -1.9886e-08
  -1.9888e-08
  -1.9882e-08
  -1.9884e-08
  -1.9886e-08
  -1.9887e-08
  -1.9882e-08
  -1.9884e-08
  -1.9886e-08
  -1.9887e-08
  -1.9882e-08
  -1.9884e-08
  -1.9885e-08
  -1.9887e-08
  -1.9881e-08
  -1.9883e-08
  -1.9885e-08
  -1.9887e-08
  -1.9881e-08
  -1.9883e-08
  -1.9885e-08
  -1.9887e-08
  -1.9881e-08
  -1.9883e-08
  -1.9885e-08
  -1.9886e-08
  -1.9881e-08
  -1.9883e-08
  -1.9884e-08
  -1.9886e-08
  -1.9881e-08
  -1.9882e-08
  -1.9884e-08
  -1.9886e-08
  -1.9880e-08
  -1.9882e-08
  -1.9884e-08
  -1.9886e-08
  -1.9880e-08
  -1.9882e-08
  -1.9884e-08
  -1.9885e-08
  -1.9880e-08
  -1.9882e-08
  -1.9883e-08
  -1.9885e-08
  -1.9880e-08
  -1.9881e-08
  -1.9883e-08
  -1.9885e-08
  -1.9879e-08
  -1.9881e-08
  -1.9883e-08
  -1.9885e-08
  -1.9879e-08
  -1.9881e-08
  -1.9883e-08
  -1.9884e-08
  -1.9879e-08
  -1.9881e-08
  -1.9883e-08
  -1.9884e-08
  -1.9879e-08
  -1.9880e-08
  -1.9882e-08
  -1.9884e-08
  -1.9878e-08
  -1.9880e-08
  -1.9882e-08
  -1.9884e-08
  -1.9878e-08
  -1.9880e-08
  -1.9882e-08
  -1.9884e-08
  -1.9878e-08
  -1.9880e-08
  -1.9882e-08
  -1.9883e-08
  -1.9878e-08
  -1.9880e-08
  -1.9881e-08
  -1.9883e-08
  -1.9877e-08
  -1.9879e-08
  -1.9881e-08
  -1.9883e-08
  -1.9877e-08
  -1.9879e-08
  -1.9881e-08
  -1.9883e-08
  -1.9877e-08
  -1.9879e-08
  -1.9881e-08
  -1.9882e-08
  -1.9877e-08
  -1.9879e-08
  -1.9880e-08
  -1.9882e-08
  -1.9876e-08
  -1.9878e-08
  -1.9880e-08
  -1.9882e-08
  -1.9876e-08
  -1.9878e-08
  -1.9880e-08
  -1.9882e-08
  -1.9876e-08
  -1.9878e-08
  -1.9880e-08
  -1.9882e-08
  -1.9876e-08
  -1.9878e-08
  -1.9879e-08
  -1.9881e-08
  -1.9875e-08
  -1.9877e-08
  -1.9879e-08
  -1.9881e-08
  -1.9875e-08
  -1.9877e-08
  -1.9879e-08
  -1.9881e-08
  -1.9875e-08
  -1.9877e-08
  -1.9879e-08
  -1.9881e-08
  -1.9875e-08
  -1.9877e-08
  -1.9879e-08
  -1.9880e-08
  -1.9874e-08
  -1.9876e-08
  -1.9878e-08
  -1.9880e-08
  -1.9874e-08
  -1.9876e-08
  -1.9878e-08
  -1.9880e-08
  -1.9874e-08
  -1.9876e-08
  -1.9878e-08
  -1.9880e-08
  -1.9874e-08
  -1.9876e-08
  -1.9878e-08
  -1.9879e-08
  -1.9873e-08
  -1.9875e-08
  -1.9877e-08
  -1.9879e-08
  -1.9873e-08
  -1.9875e-08
  -1.9877e-08
  -1.9879e-08
  -1.9873e-08
  -1.9875e-08
  -1.9877e-08
  -1.9879e-08
  -1.9873e-08
  -1.9875e-08
  -1.9877e-08
  -1.9879e-08
  -1.9872e-08
  -1.9874e-08
  -1.9876e-08
  -1.9878e-08
  -1.9872e-08
  -1.9874e-08
  -1.9876e-08
  -1.9878e-08
  -1.9872e-08
  -1.9874e-08
  -1.9876e-08
  -1.9878e-08
  -1.9872e-08
  -1.9874e-08
  -1.9876e-08
  -1.9878e-08
  -1.9871e-08
  -1.9873e-08
  -1.9875e-08
  -1.9877e-08
  -1.9871e-08
  -1.9873e-08
  -1.9875e-08
  -1.9877e-08
  -1.9871e-08
  -1.9873e-08
  -1.9875e-08
  -1.9877e-08
  -1.9871e-08
  -1.9873e-08
  -1.9875e-08
  -1.9877e-08
  -1.9870e-08
  -1.9873e-08
  -1.9875e-08
  -1.9876e-08
  -1.9870e-08
  -1.9872e-08
  -1.9874e-08
  -1.9876e-08
  -1.9870e-08
  -1.9872e-08
  -1.9874e-08
  -1.9876e-08
  -1.9870e-08
  -1.9872e-08
  -1.9874e-08
  -1.9876e-08
  -1.9869e-08
  -1.9872e-08
  -1.9874e-08
  -1.9876e-08
  -1.9869e-08
  -1.9871e-08
  -1.9873e-08
  -1.9875e-08
  -1.9869e-08
  -1.9871e-08
  -1.9873e-08
  -1.9875e-08
  -1.9869e-08
  -1.9871e-08
  -1.9873e-08
  -1.9875e-08
  -1.9868e-08
  -1.9871e-08
  -1.9873e-08
  -1.9875e-08
  -1.9868e-08
  -1.9870e-08
  -1.9872e-08
  -1.9874e-08
  -1.9868e-08
  -1.9870e-08
  -1.9872e-08
  -1.9874e-08
  -1.9868e-08
  -1.9870e-08
  -1.9872e-08
  -1.9874e-08
  -1.9867e-08
  -1.9870e-08
  -1.9872e-08
  -1.9874e-08
  -1.9867e-08
  -1.9869e-08
  -1.9871e-08
  -1.9873e-08
  -1.9867e-08
  -1.9869e-08
  -1.9871e-08
  -1.9873e-08
  -1.9867e-08
  -1.9869e-08
  -1.9871e-08
  -1.9873e-08
  -1.9866e-08
  -1.9869e-08
  -1.9871e-08
  -1.9873e-08
  -1.9866e-08
  -1.9868e-08
  -1.9870e-08
  -1.9872e-08
  -1.9866e-08
  -1.9868e-08
  -1.9870e-08
  -1.9872e-08
  -1.9866e-08
  -1.9868e-08
  -1.9870e-08
  -1.9872e-08
  -1.9865e-08
  -1.9868e-08
  -1.9870e-08
  -1.9872e-08
  -1.9865e-08
  -1.9867e-08
  -1.9869e-08
  -1.9872e-08
  -1.9865e-08
  -1.9867e-08
  -1.9869e-08
  -1.9871e-08
  -1.9865e-08
  -1.9867e-08
  -1.9869e-08
  -1.9871e-08
  -1.9865e-08
  -1.9867e-08
  -1.9869e-08
  -1.9871e-08
  -1.9864e-08
  -1.9866e-08
  -1.9869e-08
  -1.9871e-08
  -1.9864e-08
  -1.9866e-08
  -1.9868e-08
  -1.9870e-08
  -1.9864e-08
  -1.9866e-08
  -1.9868e-08
  -1.9870e-08
  -1.9864e-08
  -1.9866e-08
  -1.9868e-08
  -1.9870e-08
  -1.9863e-08
  -1.9865e-08
  -1.9868e-08
  -1.9870e-08
  -1.9863e-08
  -1.9865e-08
  -1.9867e-08
  -1.9869e-08
  -1.9863e-08
  -1.9865e-08
  -1.9867e-08
  -1.9869e-08
  -1.9863e-08
  -1.9865e-08
  -1.9867e-08
  -1.9869e-08
  -1.9862e-08
  -1.9864e-08
  -1.9867e-08
  -1.9869e-08
  -1.9862e-08
  -1.9864e-08
  -1.9866e-08
  -1.9868e-08
  -1.9862e-08
  -1.9864e-08
  -1.9866e-08
  -1.9868e-08
  -1.9862e-08
  -1.9864e-08
  -1.9866e-08
  -1.9868e-08
  -1.9861e-08
  -1.9864e-08
  -1.9866e-08
  -1.9868e-08
  -1.9861e-08
  -1.9863e-08
  -1.9865e-08
  -1.9867e-08
  -1.9861e-08
  -1.9863e-08
  -1.9865e-08
  -1.9867e-08
  -1.9861e-08
  -1.9863e-08
  -1.9865e-08
  -1.9867e-08
  -1.9860e-08
  -1.9863e-08
  -1.9865e-08
  -1.9867e-08
  -1.9860e-08
  -1.9862e-08
  -1.9864e-08
  -1.9867e-08
  -1.9860e-08
  -1.9862e-08
  -1.9864e-08
  -1.9866e-08
  -1.9860e-08
  -1.9862e-08
  -1.9864e-08
  -1.9866e-08
  -1.9859e-08
  -1.9862e-08
  -1.9864e-08
  -1.9866e-08
  -1.9859e-08
  -1.9861e-08
  -1.9863e-08
  -1.9866e-08
  -1.9859e-08
  -1.9861e-08
  -1.9863e-08
  -1.9865e-08
  -1.9859e-08
  -1.9861e-08
  -1.9863e-08
  -1.9865e-08
  -1.9858e-08
  -1.9861e-08
  -1.9863e-08
  -1.9865e-08
  -1.9858e-08
  -1.9860e-08
  -1.9863e-08
  -1.9865e-08
  -1.9858e-08
  -1.9860e-08
  -1.9862e-08
  -1.9864e-08
  -1.9858e-08
  -1.9860e-08
  -1.9862e-08
  -1.9864e-08
  -1.9857e-08
  -1.9860e-08
  -1.9862e-08
  -1.9864e-08
  -1.9857e-08
  -1.9859e-08
  -1.9862e-08
  -1.9864e-08
  -1.9857e-08
  -1.9859e-08
  -1.9861e-08
  -1.9863e-08
  -1.9857e-08
  -1.9859e-08
  -1.9861e-08
  -1.9863e-08
  -1.9856e-08
  -1.9859e-08
  -1.9861e-08
  -1.9863e-08
  -1.9856e-08
  -1.9858e-08
  -1.9861e-08
  -1.9863e-08
  -1.9856e-08
  -1.9858e-08
  -1.9860e-08
  -1.9862e-08
  -1.9856e-08
  -1.9858e-08
  -1.9860e-08
  -1.9862e-08
  -1.9855e-08
  -1.9858e-08
  -1.9860e-08
  -1.9862e-08
  -1.9855e-08
  -1.9857e-08
  -1.9860e-08
  -1.9862e-08
  -1.9855e-08
  -1.9857e-08
  -1.9859e-08
  -1.9861e-08
  -1.9855e-08
  -1.9857e-08
  -1.9859e-08
  -1.9861e-08
  -1.9854e-08
  -1.9857e-08
  -1.9859e-08
  -1.9861e-08
  -1.9854e-08
  -1.9856e-08
  -1.9859e-08
  -1.9861e-08
  -1.9854e-08
  -1.9856e-08
  -1.9858e-08
  -1.9860e-08
  -1.9854e-08
  -1.9856e-08
  -1.9858e-08
  -1.9860e-08
  -1.9853e-08
  -1.9856e-08
  -1.9858e-08
  -1.9860e-08
  -1.9853e-08
  -1.9855e-08
  -1.9858e-08
  -1.9860e-08
  -1.9853e-08
  -1.9855e-08
  -1.9857e-08
  -1.9860e-08
  -1.9853e-08
  -1.9855e-08
  -1.9857e-08
  -1.9859e-08
  -1.9852e-08
  -1.9855e-08
  -1.9857e-08
  -1.9859e-08
  -1.9852e-08
  -1.9854e-08
  -1.9857e-08
  -1.9859e-08
  -1.9852e-08
  -1.9854e-08
  -1.9856e-08
  -1.9859e-08
  -1.9852e-08
  -1.9854e-08
  -1.9856e-08
  -1.9858e-08
  -1.9851e-08
  -1.9854e-08
  -1.9856e-08
  -1.9858e-08
  -1.9851e-08
  -1.9853e-08
  -1.9856e-08
  -1.9858e-08
  -1.9851e-08
  -1.9853e-08
  -1.9855e-08
  -1.9858e-08
  -1.9851e-08
  -1.9853e-08
  -1.9855e-08
  -1.9857e-08
  -1.9850e-08
  -1.9853e-08
  -1.9855e-08
  -1.9857e-08
  -1.9850e-08
  -1.9852e-08
  -1.9855e-08
  -1.9857e-08
  -1.9850e-08
  -1.9852e-08
  -1.9854e-08
  -1.9857e-08
  -1.9850e-08
  -1.9852e-08
  -1.9854e-08
  -1.9856e-08
  -1.9849e-08
  -1.9852e-08
  -1.9854e-08
  -1.9856e-08
  -1.9849e-08
  -1.9851e-08
  -1.9854e-08
  -1.9856e-08
  -1.9849e-08
  -1.9851e-08
  -1.9853e-08
  -1.9856e-08
  -1.9849e-08
  -1.9851e-08
  -1.9853e-08
  -1.9855e-08
  -1.9848e-08
  -1.9851e-08
  -1.9853e-08
  -1.9855e-08
  -1.9848e-08
  -1.9850e-08
  -1.9853e-08
  -1.9855e-08
  -1.9848e-08
  -1.9850e-08
  -1.9852e-08
  -1.9855e-08
  -1.9848e-08
  -1.9850e-08
  -1.9852e-08
  -1.9854e-08
  -1.9847e-08
  -1.9850e-08
  -1.9852e-08
  -1.9854e-08
  -1.9847e-08
  -1.9849e-08
  -1.9852e-08
  -1.9854e-08
  -1.9847e-08
  -1.9849e-08
  -1.9851e-08
  -1.9854e-08
  -1.9847e-08
  -1.9849e-08
  -1.9851e-08
  -1.9853e-08
  -1.9846e-08
  -1.9849e-08
  -1.9851e-08
  -1.9853e-08
  -1.9846e-08
  -1.9849e-08
  -1.9851e-08
  -1.9853e-08
  -1.9846e-08
  -1.9848e-08
  -1.9850e-08
  -1.9853e-08
  -1.9846e-08
  -1.9848e-08
  -1.9850e-08
  -1.9852e-08
  -1.9846e-08
  -1.9848e-08
  -1.9850e-08
  -1.9852e-08
  -1.9845e-08
  -1.9848e-08
  -1.9850e-08
  -1.9852e-08
  -1.9845e-08
  -1.9847e-08
  -1.9849e-08
  -1.9852e-08
  -1.9845e-08
  -1.9847e-08
  -1.9849e-08
  -1.9851e-08
  -1.9845e-08
  -1.9847e-08
  -1.9849e-08
  -1.9851e-08
  -1.9844e-08
  -1.9847e-08
  -1.9849e-08
  -1.9851e-08
  -1.9844e-08
  -1.9846e-08
  -1.9848e-08
  -1.9851e-08
  -1.9844e-08
  -1.9846e-08
  -1.9848e-08
  -1.9850e-08
  -1.9844e-08
  -1.9846e-08
  -1.9848e-08
  -1.9850e-08
  -1.9843e-08
  -1.9846e-08
  -1.9848e-08
  -1.9850e-08
  -1.9843e-08
  -1.9845e-08
  -1.9847e-08
  -1.9850e-08
  -1.9843e-08
  -1.9845e-08
  -1.9847e-08
  -1.9849e-08
  -1.9843e-08
  -1.9845e-08
  -1.9847e-08
  -1.9849e-08
  -1.9842e-08
  -1.9845e-08
  -1.9847e-08
  -1.9849e-08
  -1.9842e-08
  -1.9844e-08
  -1.9846e-08
  -1.9849e-08
  -1.9842e-08
  -1.9844e-08
  -1.9846e-08
  -1.9848e-08
  -1.9842e-08
  -1.9844e-08
  -1.9846e-08
  -1.9848e-08
  -1.9841e-08
  -1.9844e-08
  -1.9846e-08
  -1.9848e-08
  -1.9841e-08
  -1.9843e-08
  -1.9845e-08
  -1.9848e-08
  -1.9841e-08
  -1.9843e-08
  -1.9845e-08
  -1.9847e-08
  -1.9841e-08
  -1.9843e-08
  -1.9845e-08
  -1.9847e-08
  -1.9840e-08
  -1.9843e-08
  -1.9845e-08
  -1.9847e-08
  -1.9840e-08
  -1.9842e-08
  -1.9844e-08
  -1.9847e-08
  -1.9840e-08
  -1.9842e-08
  -1.9844e-08
  -1.9846e-08
  -1.9840e-08
  -1.9842e-08
  -1.9844e-08
  -1.9846e-08
  -1.9839e-08
  -1.9842e-08
  -1.9844e-08
  -1.9846e-08
  -1.9839e-08
  -1.9841e-08
  -1.9843e-08
  -1.9846e-08
  -1.9839e-08
  -1.9841e-08
  -1.9843e-08
  -1.9845e-08
  -1.9839e-08
  -1.9841e-08
  -1.9843e-08
  -1.9845e-08
  -1.9838e-08
  -1.9841e-08
  -1.9843e-08
  -1.9845e-08
  -1.9838e-08
  -1.9840e-08
  -1.9842e-08
  -1.9845e-08
  -1.9838e-08
  -1.9840e-08
  -1.9842e-08
  -1.9844e-08
  -1.9838e-08
  -1.9840e-08
  -1.9842e-08
  -1.9844e-08
  -1.9837e-08
  -1.9840e-08
  -1.9842e-08
  -1.9844e-08
  -1.9837e-08
  -1.9839e-08
  -1.9841e-08
  -1.9844e-08
  -1.9837e-08
  -1.9839e-08
  -1.9841e-08
  -1.9843e-08
  -1.9837e-08
  -1.9839e-08
  -1.9841e-08
  -1.9843e-08
  -1.9836e-08
  -1.9839e-08
  -1.9841e-08
  -1.9843e-08
  -1.9836e-08
  -1.9838e-08
  -1.9840e-08
  -1.9843e-08
  -1.9836e-08
  -1.9838e-08
  -1.9840e-08
  -1.9842e-08
  -1.9836e-08
  -1.9838e-08
  -1.9840e-08
  -1.9842e-08
  -1.9835e-08
  -1.9838e-08
  -1.9840e-08
  -1.9842e-08
  -1.9835e-08
  -1.9837e-08
  -1.9839e-08
  -1.9841e-08
  -1.9835e-08
  -1.9837e-08
  -1.9839e-08
  -1.9841e-08
  -1.9835e-08
  -1.9837e-08
  -1.9839e-08
  -1.9841e-08
  -1.9834e-08
  -1.9837e-08
  -1.9839e-08
  -1.9841e-08
  -1.9834e-08
  -1.9836e-08
  -1.9838e-08
  -1.9840e-08
  -1.9834e-08
  -1.9836e-08
  -1.9838e-08
  -1.9840e-08
  -1.9834e-08
  -1.9836e-08
  -1.9838e-08
  -1.9840e-08
  -1.9833e-08
  -1.9836e-08
  -1.9838e-08
  -1.9840e-08
  -1.9833e-08
  -1.9835e-08
  -1.9837e-08
  -1.9839e-08
  -1.9833e-08
  -1.9835e-08
  -1.9837e-08
  -1.9839e-08
  -1.9833e-08
  -1.9835e-08
  -1.9837e-08
  -1.9839e-08
  -1.9832e-08
  -1.9835e-08
  -1.9837e-08
  -1.9839e-08
  -1.9832e-08
  -1.9834e-08
  -1.9836e-08
  -1.9838e-08
  -1.9832e-08
  -1.9834e-08
  -1.9836e-08
  -1.9838e-08
  -1.9832e-08
  -1.9834e-08
  -1.9836e-08
  -1.9838e-08
  -1.9831e-08
  -1.9834e-08
  -1.9836e-08
  -1.9838e-08
  -1.9831e-08
  -1.9833e-08
  -1.9835e-08
  -1.9837e-08
  -1.9831e-08
  -1.9833e-08
  -1.9835e-08
  -1.9837e-08
  -1.9831e-08
  -1.9833e-08
  -1.9835e-08
  -1.9837e-08
  -1.9830e-08
  -1.9833e-08
  -1.9835e-08
  -1.9837e-08
  -1.9830e-08
  -1.9832e-08
  -1.9834e-08
  -1.9836e-08
  -1.9830e-08
  -1.9832e-08
  -1.9834e-08
  -1.9836e-08
  -1.9830e-08
  -1.9832e-08
  -1.9834e-08
  -1.9836e-08
  -1.9829e-08
  -1.9832e-08
  -1.9834e-08
  -1.9836e-08
  -1.9829e-08
  -1.9831e-08
  -1.9833e-08
  -1.9835e-08
  -1.9829e-08
  -1.9831e-08
  -1.9833e-08
  -1.9835e-08
  -1.9829e-08
  -1.9831e-08
  -1.9833e-08
  -1.9835e-08
  -1.9828e-08
  -1.9831e-08
  -1.9833e-08
  -1.9835e-08
  -1.9828e-08
  -1.9830e-08
  -1.9832e-08
  -1.9834e-08
  -1.9828e-08
  -1.9830e-08
  -1.9832e-08
  -1.9834e-08
  -1.9828e-08
  -1.9830e-08
  -1.9832e-08
  -1.9834e-08
  -1.9828e-08
  -1.9830e-08
  -1.9832e-08
  -1.9833e-08
  -1.9827e-08
  -1.9829e-08
  -1.9831e-08
  -1.9833e-08
  -1.9827e-08
  -1.9829e-08
  -1.9831e-08
  -1.9833e-08
  -1.9827e-08
  -1.9829e-08
  -1.9831e-08
  -1.9833e-08
  -1.9827e-08
  -1.9829e-08
  -1.9831e-08
  -1.9832e-08
  -1.9826e-08
  -1.9828e-08
  -1.9830e-08
  -1.9832e-08
  -1.9826e-08
  -1.9828e-08
  -1.9830e-08
  -1.9832e-08
  -1.9826e-08
  -1.9828e-08
  -1.9830e-08
  -1.9832e-08
  -1.9826e-08
  -1.9828e-08
  -1.9830e-08
  -1.9831e-08
  -1.9825e-08
  -1.9827e-08
  -1.9829e-08
  -1.9831e-08
  -1.9825e-08
  -1.9827e-08
  -1.9829e-08
  -1.9831e-08
  -1.9825e-08
  -1.9827e-08
  -1.9829e-08
  -1.9831e-08
  -1.9825e-08
  -1.9827e-08
  -1.9828e-08
  -1.9830e-08
  -1.9824e-08
  -1.9826e-08
  -1.9828e-08
  -1.9830e-08
  -1.9824e-08
  -1.9826e-08
  -1.9828e-08
  -1.9830e-08
  -1.9824e-08
  -1.9826e-08
  -1.9828e-08
  -1.9830e-08
  -1.9824e-08
  -1.9826e-08
  -1.9827e-08
  -1.9829e-08
  -1.9823e-08
  -1.9825e-08
  -1.9827e-08
  -1.9829e-08
  -1.9823e-08
  -1.9825e-08
  -1.9827e-08
  -1.9829e-08
  -1.9823e-08
  -1.9825e-08
  -1.9827e-08
  -1.9828e-08
  -1.9823e-08
  -1.9825e-08
  -1.9826e-08
  -1.9828e-08
  -1.9822e-08
  -1.9824e-08
  -1.9826e-08
  -1.9828e-08
  -1.9822e-08
  -1.9824e-08
  -1.9826e-08
  -1.9828e-08
  -1.9822e-08
  -1.9824e-08
  -1.9826e-08
  -1.9827e-08
  -1.9822e-08
  -1.9824e-08
  -1.9825e-08
  -1.9827e-08
  -1.9821e-08
  -1.9823e-08
  -1.9825e-08
  -1.9827e-08
  -1.9821e-08
  -1.9823e-08
  -1.9825e-08
  -1.9827e-08
  -1.9821e-08
  -1.9823e-08
  -1.9825e-08
  -1.9826e-08
  -1.9821e-08
  -1.9823e-08
  -1.9824e-08
  -1.9826e-08
  -1.9820e-08
  -1.9822e-08
  -1.9824e-08
  -1.9826e-08
  -1.9820e-08
  -1.9822e-08
  -1.9824e-08
  -1.9826e-08
  -1.9820e-08
  -1.9822e-08
  -1.9824e-08
  -1.9825e-08
  -1.9820e-08
  -1.9822e-08
  -1.9823e-08
  -1.9825e-08
  -1.9819e-08
  -1.9821e-08
  -1.9823e-08
  -1.9825e-08
  -1.9819e-08
  -1.9821e-08
  -1.9823e-08
  -1.9824e-08
  -1.9819e-08
  -1.9821e-08
  -1.9823e-08
  -1.9824e-08
  -1.9819e-08
  -1.9821e-08
  -1.9822e-08
  -1.9824e-08
  -1.9818e-08
  -1.9820e-08
  -1.9822e-08
  -1.9824e-08
  -1.9818e-08
  -1.9820e-08
  -1.9822e-08
  -1.9823e-08
  -1.9818e-08
  -1.9820e-08
  -1.9822e-08
  -1.9823e-08
  -1.9818e-08
  -1.9820e-08
  -1.9821e-08
  -1.9823e-08
  -1.9818e-08
  -1.9819e-08
  -1.9821e-08
  -1.9823e-08
  -1.9817e-08
  -1.9819e-08
  -1.9821e-08
  -1.9822e-08
  -1.9817e-08
  -1.9819e-08
  -1.9820e-08
  -1.9822e-08
  -1.9817e-08
  -1.9819e-08
  -1.9820e-08
  -1.9822e-08
  -1.9817e-08
  -1.9818e-08
  -1.9820e-08
  -1.9822e-08
  -1.9816e-08
  -1.9818e-08
  -1.9820e-08
  -1.9821e-08
  -1.9816e-08
  -1.9818e-08
  -1.9819e-08
  -1.9821e-08
  -1.9816e-08
  -1.9818e-08
  -1.9819e-08
  -1.9821e-08
  -1.9816e-08
  -1.9817e-08
  -1.9819e-08
  -1.9821e-08
  -1.9815e-08
  -1.9817e-08
  -1.9819e-08
  -1.9820e-08
  -1.9815e-08
  -1.9817e-08
  -1.9818e-08
  -1.9820e-08
  -1.9815e-08
  -1.9817e-08
  -1.9818e-08
  -1.9820e-08
  -1.9815e-08
  -1.9816e-08
  -1.9818e-08
  -1.9819e-08
  -1.9815e-08
  -1.9816e-08
  -1.9818e-08
  -1.9819e-08
  -1.9814e-08
  -1.9816e-08
  -1.9817e-08
  -1.9819e-08
  -1.9814e-08
  -1.9816e-08
  -1.9817e-08
  -1.9819e-08
  -1.9814e-08
  -1.9815e-08
  -1.9817e-08
  -1.9818e-08
  -1.9814e-08
  -1.9815e-08
  -1.9817e-08
  -1.9818e-08
  -1.9813e-08
  -1.9815e-08
  -1.9816e-08
  -1.9818e-08
  -1.9813e-08
  -1.9815e-08
  -1.9816e-08
  -1.9818e-08
  -1.9813e-08
  -1.9814e-08
  -1.9816e-08
  -1.9817e-08
  -1.9813e-08
  -1.9814e-08
  -1.9816e-08
  -1.9817e-08
  -1.9812e-08
  -1.9814e-08
  -1.9815e-08
  -1.9817e-08
  -1.9812e-08
  -1.9814e-08
  -1.9815e-08
  -1.9816e-08
  -1.9812e-08
  -1.9813e-08
  -1.9815e-08
  -1.9816e-08
  -1.9812e-08
  -1.9813e-08
  -1.9815e-08
  -1.9816e-08
  -1.9811e-08
  -1.9813e-08
  -1.9814e-08
  -1.9816e-08
  -1.9811e-08
  -1.9813e-08
  -1.9814e-08
  -1.9815e-08
  -1.9811e-08
  -1.9812e-08
  -1.9814e-08
  -1.9815e-08
  -1.9811e-08
  -1.9812e-08
  -1.9814e-08
  -1.9815e-08
  -1.9810e-08
  -1.9812e-08
  -1.9813e-08
  -1.9815e-08
  -1.9810e-08
  -1.9812e-08
  -1.9813e-08
  -1.9814e-08
  -1.9810e-08
  -1.9811e-08
  -1.9813e-08
  -1.9814e-08
  -1.9810e-08
  -1.9811e-08
  -1.9812e-08
  -1.9814e-08
  -1.9809e-08
  -1.9811e-08
  -1.9812e-08
  -1.9814e-08
  -1.9809e-08
  -1.9811e-08
  -1.9812e-08
  -1.9813e-08
  -1.9809e-08
  -1.9810e-08
  -1.9812e-08
  -1.9813e-08
  -1.9809e-08
  -1.9810e-08
  -1.9811e-08
  -1.9813e-08
  -1.9809e-08
  -1.9810e-08
  -1.9811e-08
  -1.9812e-08
  -1.9808e-08
  -1.9810e-08
  -1.9811e-08
  -1.9812e-08
  -1.9808e-08
  -1.9809e-08
  -1.9811e-08
  -1.9812e-08
  -1.9808e-08
  -1.9809e-08
  -1.9810e-08
  -1.9812e-08
  -1.9807e-08
  -1.9809e-08
  -1.9810e-08
  -1.9811e-08
  -1.9807e-08
  -1.9809e-08
  -1.9810e-08
  -1.9811e-08
  -1.9807e-08
  -1.9808e-08
  -1.9810e-08
  -1.9811e-08
  -1.9807e-08
  -1.9808e-08
  -1.9809e-08
  -1.9811e-08
  -1.9807e-08
  -1.9808e-08
  -1.9809e-08
  -1.9810e-08
  -1.9806e-08
  -1.9808e-08
  -1.9809e-08
  -1.9810e-08
  -1.9806e-08
  -1.9807e-08
  -1.9809e-08
  -1.9810e-08
  -1.9806e-08
  -1.9807e-08
  -1.9808e-08
  -1.9809e-08
  -1.9806e-08
  -1.9807e-08
  -1.9808e-08
  -1.9809e-08
  -1.9805e-08
  -1.9807e-08
  -1.9808e-08
  -1.9809e-08
  -1.9805e-08
  -1.9806e-08
  -1.9807e-08
  -1.9809e-08
  -1.9805e-08
  -1.9806e-08
  -1.9807e-08
  -1.9808e-08
  -1.9805e-08
  -1.9806e-08
  -1.9807e-08
  -1.9808e-08
  -1.9804e-08
  -1.9806e-08
  -1.9807e-08
  -1.9808e-08
  -1.9804e-08
  -1.9805e-08
  -1.9806e-08
  -1.9808e-08
  -1.9804e-08
  -1.9805e-08
  -1.9806e-08
  -1.9807e-08
  -1.9804e-08
  -1.9805e-08
  -1.9806e-08
  -1.9807e-08
  -1.9803e-08
  -1.9805e-08
  -1.9806e-08
  -1.9807e-08
  -1.9803e-08
  -1.9804e-08
  -1.9805e-08
  -1.9806e-08
  -1.9803e-08
  -1.9804e-08
  -1.9805e-08
  -1.9806e-08
  -1.9803e-08
  -1.9804e-08
  -1.9805e-08
  -1.9806e-08
  -1.9803e-08
  -1.9804e-08
  -1.9805e-08
  -1.9806e-08
  -1.9802e-08
  -1.9803e-08
  -1.9804e-08
  -1.9805e-08
  -1.9802e-08
  -1.9803e-08
  -1.9804e-08
  -1.9805e-08
  -1.9802e-08
  -1.9803e-08
  -1.9804e-08
  -1.9805e-08
  -1.9802e-08
  -1.9803e-08
  -1.9804e-08
  -1.9805e-08
  -1.9801e-08
  -1.9802e-08
  -1.9803e-08
  -1.9804e-08
  -1.9801e-08
  -1.9802e-08
  -1.9803e-08
  -1.9804e-08
  -1.9801e-08
  -1.9802e-08
  -1.9803e-08
  -1.9804e-08
  -1.9801e-08
  -1.9802e-08
  -1.9803e-08
  -1.9803e-08
  -1.9800e-08
  -1.9801e-08
  -1.9802e-08
  -1.9803e-08
  -1.9800e-08
  -1.9801e-08
  -1.9802e-08
  -1.9803e-08
  -1.9800e-08
  -1.9801e-08
  -1.9802e-08
  -1.9803e-08
  -1.9800e-08
  -1.9801e-08
  -1.9801e-08
  -1.9802e-08
  -1.9799e-08
  -1.9800e-08
  -1.9801e-08
  -1.9802e-08
  -1.9799e-08
  -1.9800e-08
  -1.9801e-08
  -1.9802e-08
  -1.9799e-08
  -1.9800e-08
  -1.9801e-08
  -1.9801e-08
  -1.9799e-08
  -1.9800e-08
  -1.9800e-08
  -1.9801e-08
  -1.9798e-08
  -1.9799e-08
  -1.9800e-08
  -1.9801e-08
  -1.9798e-08
  -1.9799e-08
  -1.9800e-08
  -1.9801e-08
  -1.9798e-08
  -1.9799e-08
  -1.9800e-08
  -1.9800e-08
  -1.9798e-08
  -1.9799e-08
  -1.9799e-08
  -1.9800e-08
  -1.9798e-08
  -1.9798e-08
  -1.9799e-08
  -1.9800e-08
  -1.9797e-08
  -1.9798e-08
  -1.9799e-08
  -1.9800e-08
  -1.9797e-08
  -1.9798e-08
  -1.9799e-08
  -1.9799e-08
  -1.9797e-08
  -1.9798e-08
  -1.9798e-08
  -1.9799e-08
  -1.9797e-08
  -1.9797e-08
  -1.9798e-08
  -1.9799e-08
  -1.9796e-08
  -1.9797e-08
  -1.9798e-08
  -1.9799e-08
  -1.9796e-08
  -1.9797e-08
  -1.9798e-08
  -1.9798e-08
  -1.9796e-08
  -1.9797e-08
  -1.9797e-08
  -1.9798e-08
  -1.9796e-08
  -1.9796e-08
  -1.9797e-08
  -1.9798e-08
  -1.9795e-08
  -1.9796e-08
  -1.9797e-08
  -1.9797e-08
  -1.9795e-08
  -1.9796e-08
  -1.9797e-08
  -1.9797e-08
  -1.9795e-08
  -1.9796e-08
  -1.9796e-08
  -1.9797e-08
  -1.9795e-08
  -1.9795e-08
  -1.9796e-08
  -1.9797e-08
  -1.9795e-08
  -1.9795e-08
  -1.9796e-08
  -1.9796e-08
  -1.9794e-08
  -1.9795e-08
  -1.9795e-08
  -1.9796e-08
  -1.9794e-08
  -1.9795e-08
  -1.9795e-08
  -1.9796e-08
  -1.9794e-08
  -1.9794e-08
  -1.9795e-08
  -1.9795e-08
  -1.9794e-08
  -1.9794e-08
  -1.9795e-08
  -1.9795e-08
  -1.9793e-08
  -1.9794e-08
  -1.9794e-08
  -1.9795e-08
  -1.9793e-08
  -1.9794e-08
  -1.9794e-08
  -1.9795e-08
  -1.9793e-08
  -1.9793e-08
  -1.9794e-08
  -1.9794e-08
  -1.9793e-08
  -1.9793e-08
  -1.9794e-08
  -1.9794e-08
  -1.9792e-08
  -1.9793e-08
  -1.9793e-08
  -1.9794e-08
  -1.9792e-08
  -1.9793e-08
  -1.9793e-08
  -1.9794e-08
  -1.9792e-08
  -1.9792e-08
  -1.9793e-08
  -1.9793e-08
  -1.9792e-08
  -1.9792e-08
  -1.9793e-08
  -1.9793e-08
  -1.9791e-08
  -1.9792e-08
  -1.9792e-08
  -1.9793e-08
  -1.9791e-08
  -1.9792e-08
  -1.9792e-08
  -1.9792e-08
  -1.9791e-08
  -1.9791e-08
  -1.9792e-08
  -1.9792e-08
  -1.9791e-08
  -1.9791e-08
  -1.9792e-08
  -1.9792e-08
  -1.9791e-08
  -1.9791e-08
  -1.9791e-08
  -1.9792e-08
  -1.9790e-08
  -1.9791e-08
  -1.9791e-08
  -1.9791e-08
  -1.9790e-08
  -1.9790e-08
  -1.9791e-08
  -1.9791e-08
  -1.9790e-08
  -1.9790e-08
  -1.9791e-08
  -1.9791e-08
  -1.9790e-08
  -1.9790e-08
  -1.9790e-08
  -1.9790e-08
  -1.9789e-08
  -1.9790e-08
  -1.9790e-08
  -1.9790e-08
  -1.9789e-08
  -1.9789e-08
  -1.9790e-08
  -1.9790e-08
  -1.9789e-08
  -1.9789e-08
  -1.9789e-08
  -1.9790e-08
  -1.9789e-08
  -1.9789e-08
  -1.9789e-08
  -1.9789e-08
  -1.9788e-08
  -1.9789e-08
  -1.9789e-08
  -1.9789e-08
  -1.9788e-08
  -1.9788e-08
  -1.9789e-08
  -1.9789e-08
  -1.9788e-08
  -1.9788e-08
  -1.9788e-08
  -1.9789e-08
  -1.9788e-08
  -1.9788e-08
  -1.9788e-08
  -1.9788e-08
  -1.9787e-08
  -1.9788e-08
  -1.9788e-08
  -1.9788e-08
  -1.9787e-08
  -1.9787e-08
  -1.9788e-08
  -1.9788e-08
  -1.9787e-08
  -1.9787e-08
  -1.9787e-08
  -1.9787e-08
  -1.9787e-08
  -1.9787e-08
  -1.9787e-08
  -1.9787e-08
  -1.9787e-08
  -1.9787e-08
  -1.9787e-08
  -1.9787e-08
  -1.9786e-08
  -1.9786e-08
  -1.9787e-08
  -1.9787e-08
  -1.9786e-08
  -1.9786e-08
  -1.9786e-08
  -1.9786e-08
  -1.9786e-08
  -1.9786e-08
  -1.9786e-08
  -1.9786e-08
  -1.9786e-08
  -1.9786e-08
  -1.9786e-08
  -1.9786e-08
  -1.9785e-08
  -1.9786e-08
  -1.9786e-08
  -1.9786e-08
  -1.9785e-08
  -1.9785e-08
  -1.9785e-08
  -1.9785e-08
  -1.9785e-08
  -1.9785e-08
  -1.9785e-08
  -1.9785e-08
  -1.9785e-08
  -1.9785e-08
  -1.9785e-08
  -1.9785e-08
  -1.9784e-08
  -1.9785e-08
  -1.9785e-08
  -1.9784e-08
  -1.9784e-08
  -1.9784e-08
  -1.9784e-08
  -1.9784e-08
  -1.9784e-08
  -1.9784e-08
  -1.9784e-08
  -1.9784e-08
  -1.9784e-08
  -1.9784e-08
  -1.9784e-08
  -1.9784e-08
  -1.9784e-08
  -1.9784e-08
  -1.9783e-08
  -1.9783e-08
  -1.9783e-08
  -1.9783e-08
  -1.9783e-08
  -1.9783e-08
  -1.9783e-08
  -1.9783e-08
  -1.9783e-08
  -1.9783e-08
  -1.9783e-08
  -1.9783e-08
  -1.9783e-08
  -1.9782e-08
  -1.9783e-08
  -1.9783e-08
  -1.9782e-08
  -1.9782e-08
  -1.9782e-08
  -1.9782e-08
  -1.9782e-08
  -1.9782e-08
  -1.9782e-08
  -1.9782e-08
  -1.9782e-08
  -1.9782e-08
  -1.9782e-08
  -1.9782e-08
  -1.9782e-08
  -1.9781e-08
  -1.9782e-08
  -1.9782e-08
  -1.9781e-08
  -1.9781e-08
  -1.9781e-08
  -1.9781e-08
  -1.9781e-08
  -1.9781e-08
  -1.9781e-08
  -1.9781e-08
  -1.9781e-08
  -1.9781e-08
  -1.9781e-08
  -1.9781e-08
  -1.9781e-08
  -1.9780e-08
  -1.9781e-08
  -1.9781e-08
  -1.9780e-08
  -1.9780e-08
  -1.9780e-08
  -1.9780e-08
  -1.9780e-08
  -1.9780e-08
  -1.9780e-08
  -1.9780e-08
  -1.9780e-08
  -1.9779e-08
  -1.9780e-08
  -1.9780e-08
  -1.9780e-08
  -1.9779e-08
  -1.9780e-08
  -1.9780e-08
  -1.9779e-08
  -1.9779e-08
  -1.9780e-08
  -1.9779e-08
  -1.9779e-08
  -1.9779e-08
  -1.9779e-08
  -1.9779e-08
  -1.9779e-08
  -1.9778e-08
  -1.9779e-08
  -1.9779e-08
  -1.9779e-08
  -1.9778e-08
  -1.9779e-08
  -1.9779e-08
  -1.9778e-08
  -1.9778e-08
  -1.9779e-08
  -1.9778e-08
  -1.9778e-08
  -1.9778e-08
  -1.9778e-08
  -1.9778e-08
  -1.9778e-08
  -1.9777e-08
  -1.9778e-08
  -1.9778e-08
  -1.9777e-08
  -1.9777e-08
  -1.9778e-08
  -1.9778e-08
  -1.9777e-08
  -1.9777e-08
  -1.9778e-08
  -1.9777e-08
  -1.9777e-08
  -1.9776e-08
  -1.9777e-08
  -1.9777e-08
  -1.9777e-08
  -1.9776e-08
  -1.9777e-08
  -1.9777e-08
  -1.9776e-08
  -1.9776e-08
  -1.9777e-08
  -1.9777e-08
  -1.9776e-08
  -1.9776e-08
  -1.9777e-08
  -1.9776e-08
  -1.9776e-08
  -1.9775e-08
  -1.9776e-08
  -1.9776e-08
  -1.9776e-08
  -1.9775e-08
  -1.9776e-08
  -1.9776e-08
  -1.9775e-08
  -1.9775e-08
  -1.9776e-08
  -1.9776e-08
  -1.9775e-08
  -1.9774e-08
  -1.9776e-08
  -1.9775e-08
  -1.9775e-08
  -1.9774e-08
  -1.9776e-08
  -1.9775e-08
  -1.9775e-08
  -1.9774e-08
  -1.9775e-08
  -1.9775e-08
  -1.9774e-08
  -1.9774e-08
  -1.9775e-08
  -1.9775e-08
  -1.9774e-08
  -1.9773e-08
  -1.9775e-08
  -1.9774e-08
  -1.9774e-08
  -1.9773e-08
  -1.9775e-08
  -1.9774e-08
  -1.9773e-08
  -1.9773e-08
  -1.9774e-08
  -1.9774e-08
  -1.9773e-08
  -1.9773e-08
  -1.9774e-08
  -1.9774e-08
  -1.9773e-08
  -1.9772e-08
  -1.9774e-08
  -1.9773e-08
  -1.9773e-08
  -1.9772e-08
  -1.9774e-08
  -1.9773e-08
  -1.9772e-08
  -1.9772e-08
  -1.9773e-08
  -1.9773e-08
  -1.9772e-08
  -1.9771e-08
  -1.9773e-08
  -1.9773e-08
  -1.9772e-08
  -1.9771e-08
  -1.9773e-08
  -1.9772e-08
  -1.9772e-08
  -1.9771e-08
  -1.9773e-08
  -1.9772e-08
  -1.9771e-08
  -1.9771e-08
  -1.9772e-08
  -1.9772e-08
  -1.9771e-08
  -1.9770e-08
  -1.9772e-08
  -1.9772e-08
  -1.9771e-08
  -1.9770e-08
  -1.9772e-08
  -1.9771e-08
  -1.9771e-08
  -1.9770e-08
  -1.9772e-08
  -1.9771e-08
  -1.9770e-08
  -1.9770e-08
  -1.9772e-08
  -1.9771e-08
  -1.9770e-08
  -1.9769e-08
  -1.9771e-08
  -1.9771e-08
  -1.9770e-08
  -1.9769e-08
  -1.9771e-08
  -1.9770e-08
  -1.9770e-08
  -1.9769e-08
  -1.9771e-08
  -1.9770e-08
  -1.9769e-08
  -1.9768e-08
  -1.9771e-08
  -1.9770e-08
  -1.9769e-08
  -1.9768e-08
  -1.9770e-08
  -1.9770e-08
  -1.9769e-08
  -1.9768e-08
  -1.9770e-08
  -1.9769e-08
  -1.9769e-08
  -1.9768e-08
  -1.9770e-08
  -1.9769e-08
  -1.9768e-08
  -1.9767e-08
  -1.9770e-08
  -1.9769e-08
  -1.9768e-08
  -1.9767e-08
  -1.9769e-08
  -1.9769e-08
  -1.9768e-08
  -1.9767e-08
  -1.9769e-08
  -1.9768e-08
  -1.9767e-08
  -1.9766e-08
  -1.9769e-08
  -1.9768e-08
  -1.9767e-08
  -1.9766e-08
  -1.9769e-08
  -1.9768e-08
  -1.9767e-08
  -1.9766e-08
  -1.9769e-08
  -1.9768e-08
  -1.9767e-08
  -1.9766e-08
  -1.9768e-08
  -1.9767e-08
  -1.9766e-08
  -1.9765e-08
  -1.9768e-08
  -1.9767e-08
  -1.9766e-08
  -1.9765e-08
  -1.9768e-08
  -1.9767e-08
  -1.9766e-08
  -1.9765e-08
  -1.9768e-08
  -1.9767e-08
  -1.9766e-08
  -1.9765e-08
  -1.9767e-08
  -1.9766e-08
  -1.9765e-08
  -1.9764e-08
  -1.9767e-08
  -1.9766e-08
  -1.9765e-08
  -1.9764e-08
  -1.9767e-08
  -1.9766e-08
  -1.9765e-08
  -1.9764e-08
  -1.9767e-08
  -1.9766e-08
  -1.9765e-08
  -1.9764e-08
  -1.9766e-08
  -1.9765e-08
  -1.9764e-08
  -1.9763e-08
  -1.9766e-08
  -1.9765e-08
  -1.9764e-08
  -1.9763e-08
  -1.9766e-08
  -1.9765e-08
  -1.9764e-08
  -1.9763e-08
  -1.9766e-08
  -1.9765e-08
  -1.9764e-08
  -1.9762e-08
  -1.9766e-08
  -1.9764e-08
  -1.9763e-08
  -1.9762e-08
  -1.9765e-08
  -1.9764e-08
  -1.9763e-08
  -1.9762e-08
  -1.9765e-08
  -1.9764e-08
  -1.9763e-08
  -1.9762e-08
  -1.9765e-08
  -1.9764e-08
  -1.9763e-08
  -1.9761e-08
  -1.9765e-08
  -1.9763e-08
  -1.9762e-08
  -1.9761e-08
  -1.9764e-08
  -1.9763e-08
  -1.9762e-08
  -1.9761e-08
  -1.9764e-08
  -1.9763e-08
  -1.9762e-08
  -1.9760e-08
  -1.9764e-08
  -1.9763e-08
  -1.9762e-08
  -1.9760e-08
  -1.9764e-08
  -1.9762e-08
  -1.9761e-08
  -1.9760e-08
  -1.9763e-08
  -1.9762e-08
  -1.9761e-08
  -1.9760e-08
  -1.9763e-08
  -1.9762e-08
  -1.9761e-08
  -1.9759e-08
  -1.9763e-08
  -1.9762e-08
  -1.9760e-08
  -1.9759e-08
  -1.9763e-08
  -1.9762e-08
  -1.9760e-08
  -1.9759e-08
  -1.9762e-08
  -1.9761e-08
  -1.9760e-08
  -1.9759e-08
  -1.9762e-08
  -1.9761e-08
  -1.9760e-08
  -1.9758e-08
  -1.9762e-08
  -1.9761e-08
  -1.9759e-08
  -1.9758e-08
  -1.9762e-08
  -1.9761e-08
  -1.9759e-08
  -1.9758e-08
  -1.9762e-08
  -1.9760e-08
  -1.9759e-08
  -1.9758e-08
  -1.9761e-08
  -1.9760e-08
  -1.9759e-08
  -1.9757e-08
  -1.9761e-08
  -1.9760e-08
  -1.9758e-08
  -1.9757e-08
  -1.9761e-08
  -1.9760e-08
  -1.9758e-08
  -1.9757e-08
  -1.9761e-08
  -1.9759e-08
  -1.9758e-08
  -1.9756e-08
  -1.9760e-08
  -1.9759e-08
  -1.9758e-08
  -1.9756e-08
  -1.9760e-08
  -1.9759e-08
  -1.9757e-08
  -1.9756e-08
  -1.9760e-08
  -1.9759e-08
  -1.9757e-08
  -1.9756e-08
  -1.9760e-08
  -1.9758e-08
  -1.9757e-08
  -1.9755e-08
  -1.9759e-08
  -1.9758e-08
  -1.9757e-08
  -1.9755e-08
  -1.9759e-08
  -1.9758e-08
  -1.9756e-08
  -1.9755e-08
  -1.9759e-08
  -1.9758e-08
  -1.9756e-08
  -1.9755e-08
  -1.9759e-08
  -1.9757e-08
  -1.9756e-08
  -1.9754e-08
  -1.9758e-08
  -1.9757e-08
  -1.9756e-08
  -1.9754e-08
  -1.9758e-08
  -1.9757e-08
  -1.9755e-08
  -1.9754e-08
  -1.9758e-08
  -1.9757e-08
  -1.9755e-08
  -1.9753e-08
  -1.9758e-08
  -1.9756e-08
  -1.9755e-08
  -1.9753e-08
  -1.9757e-08
  -1.9756e-08
  -1.9754e-08
  -1.9753e-08
  -1.9757e-08
  -1.9756e-08
  -1.9754e-08
  -1.9753e-08
  -1.9757e-08
  -1.9756e-08
  -1.9754e-08
  -1.9752e-08
  -1.9757e-08
  -1.9755e-08
  -1.9754e-08
  -1.9752e-08
  -1.9757e-08
  -1.9755e-08
  -1.9753e-08
  -1.9752e-08
  -1.9756e-08
  -1.9755e-08
  -1.9753e-08
  -1.9752e-08
  -1.9756e-08
  -1.9755e-08
  -1.9753e-08
  -1.9751e-08
  -1.9756e-08
  -1.9754e-08
  -1.9753e-08
  -1.9751e-08
  -1.9756e-08
  -1.9754e-08
  -1.9752e-08
  -1.9751e-08
  -1.9755e-08
  -1.9754e-08
  -1.9752e-08
  -1.9751e-08
  -1.9755e-08
  -1.9754e-08
  -1.9752e-08
  -1.9750e-08
  -1.9755e-08
  -1.9753e-08
  -1.9752e-08
  -1.9750e-08
  -1.9755e-08
  -1.9753e-08
  -1.9751e-08
  -1.9750e-08
  -1.9754e-08
  -1.9753e-08
  -1.9751e-08
  -1.9749e-08
  -1.9754e-08
  -1.9753e-08
  -1.9751e-08
  -1.9749e-08
  -1.9754e-08
  -1.9752e-08
  -1.9751e-08
  -1.9749e-08
  -1.9754e-08
  -1.9752e-08
  -1.9750e-08
  -1.9749e-08
  -1.9753e-08
  -1.9752e-08
  -1.9750e-08
  -1.9748e-08
  -1.9753e-08
  -1.9752e-08
  -1.9750e-08
  -1.9748e-08
  -1.9753e-08
  -1.9751e-08
  -1.9750e-08
  -1.9748e-08
  -1.9753e-08
  -1.9751e-08
  -1.9749e-08
  -1.9748e-08
  -1.9753e-08
  -1.9751e-08
  -1.9749e-08
  -1.9747e-08
  -1.9752e-08
  -1.9751e-08
  -1.9749e-08
  -1.9747e-08
  -1.9752e-08
  -1.9750e-08
  -1.9749e-08
  -1.9747e-08
  -1.9752e-08
  -1.9750e-08
  -1.9748e-08
  -1.9746e-08
  -1.9752e-08
  -1.9750e-08
  -1.9748e-08
  -1.9746e-08
  -1.9751e-08
  -1.9750e-08
  -1.9748e-08
  -1.9746e-08
  -1.9751e-08
  -1.9749e-08
  -1.9748e-08
  -1.9746e-08
  -1.9751e-08
  -1.9749e-08
  -1.9747e-08
  -1.9745e-08
  -1.9751e-08
  -1.9749e-08
  -1.9747e-08
  -1.9745e-08
  -1.9750e-08
  -1.9749e-08
  -1.9747e-08
  -1.9745e-08
  -1.9750e-08
  -1.9748e-08
  -1.9747e-08
  -1.9745e-08
  -1.9750e-08
  -1.9748e-08
  -1.9746e-08
  -1.9744e-08
  -1.9750e-08
  -1.9748e-08
  -1.9746e-08
  -1.9744e-08
  -1.9750e-08
  -1.9748e-08
  -1.9746e-08
  -1.9744e-08
  -1.9749e-08
  -1.9747e-08
  -1.9746e-08
  -1.9744e-08
  -1.9749e-08
  -1.9747e-08
  -1.9745e-08
  -1.9743e-08
  -1.9749e-08
  -1.9747e-08
  -1.9745e-08
  -1.9743e-08
  -1.9749e-08
  -1.9747e-08
  -1.9745e-08
  -1.9743e-08
  -1.9748e-08
  -1.9746e-08
  -1.9744e-08
  -1.9742e-08
  -1.9748e-08
  -1.9746e-08
  -1.9744e-08
  -1.9742e-08
  -1.9748e-08
  -1.9746e-08
  -1.9744e-08
  -1.9742e-08
  -1.9748e-08
  -1.9746e-08
  -1.9744e-08
  -1.9742e-08
  -1.9747e-08
  -1.9745e-08
  -1.9743e-08
  -1.9741e-08
  -1.9747e-08
  -1.9745e-08
  -1.9743e-08
  -1.9741e-08
  -1.9747e-08
  -1.9745e-08
  -1.9743e-08
  -1.9741e-08
  -1.9747e-08
  -1.9745e-08
  -1.9743e-08
  -1.9741e-08
  -1.9746e-08
  -1.9744e-08
  -1.9742e-08
  -1.9740e-08
  -1.9746e-08
  -1.9744e-08
  -1.9742e-08
  -1.9740e-08
  -1.9746e-08
  -1.9744e-08
  -1.9742e-08
  -1.9740e-08
  -1.9746e-08
  -1.9744e-08
  -1.9742e-08
  -1.9740e-08
  -1.9745e-08
  -1.9743e-08
  -1.9741e-08
  -1.9739e-08
  -1.9745e-08
  -1.9743e-08
  -1.9741e-08
  -1.9739e-08
  -1.9745e-08
  -1.9743e-08
  -1.9741e-08
  -1.9739e-08
  -1.9745e-08
  -1.9743e-08
  -1.9741e-08
  -1.9739e-08
  -1.9744e-08
  -1.9742e-08
  -1.9740e-08
  -1.9738e-08
  -1.9744e-08
  -1.9742e-08
  -1.9740e-08
  -1.9738e-08
  -1.9744e-08
  -1.9742e-08
  -1.9740e-08
  -1.9738e-08
  -1.9744e-08
  -1.9742e-08
  -1.9740e-08
  -1.9738e-08
  -1.9744e-08
  -1.9742e-08
  -1.9739e-08
  -1.9737e-08
  -1.9743e-08
  -1.9741e-08
  -1.9739e-08
  -1.9737e-08
  -1.9743e-08
  -1.9741e-08
  -1.9739e-08
  -1.9737e-08
  -1.9743e-08
  -1.9741e-08
  -1.9739e-08
  -1.9736e-08
  -1.9743e-08
  -1.9740e-08
  -1.9738e-08
  -1.9736e-08
  -1.9742e-08
  -1.9740e-08
  -1.9738e-08
  -1.9736e-08
  -1.9742e-08
  -1.9740e-08
  -1.9738e-08
  -1.9736e-08
  -1.9742e-08
  -1.9740e-08
  -1.9738e-08
  -1.9735e-08
  -1.9742e-08
  -1.9739e-08
  -1.9737e-08
  -1.9735e-08
  -1.9741e-08
  -1.9739e-08
  -1.9737e-08
  -1.9735e-08
  -1.9741e-08
  -1.9739e-08
  -1.9737e-08
  -1.9735e-08
  -1.9741e-08
  -1.9739e-08
  -1.9737e-08
  -1.9734e-08
  -1.9741e-08
  -1.9739e-08
  -1.9736e-08
  -1.9734e-08
  -1.9740e-08
  -1.9738e-08
  -1.9736e-08
  -1.9734e-08
  -1.9740e-08
  -1.9738e-08
  -1.9736e-08
  -1.9734e-08
  -1.9740e-08
  -1.9738e-08
  -1.9736e-08
  -1.9733e-08
  -1.9740e-08
  -1.9738e-08
  -1.9735e-08
  -1.9733e-08
  -1.9739e-08
  -1.9737e-08
  -1.9735e-08
  -1.9733e-08
  -1.9739e-08
  -1.9737e-08
  -1.9735e-08
  -1.9733e-08
  -1.9739e-08
  -1.9737e-08
  -1.9735e-08
  -1.9732e-08
  -1.9739e-08
  -1.9737e-08
  -1.9734e-08
  -1.9732e-08
  -1.9738e-08
  -1.9736e-08
  -1.9734e-08
  -1.9732e-08
  -1.9738e-08
  -1.9736e-08
  -1.9734e-08
  -1.9732e-08
  -1.9738e-08
  -1.9736e-08
  -1.9734e-08
  -1.9731e-08
  -1.9738e-08
  -1.9736e-08
  -1.9733e-08
  -1.9731e-08
  -1.9738e-08
  -1.9735e-08
  -1.9733e-08
  -1.9731e-08
  -1.9737e-08
  -1.9735e-08
  -1.9733e-08
  -1.9731e-08
  -1.9737e-08
  -1.9735e-08
  -1.9733e-08
  -1.9730e-08
  -1.9737e-08
  -1.9735e-08
  -1.9732e-08
  -1.9730e-08
  -1.9737e-08
  -1.9734e-08
  -1.9732e-08
  -1.9730e-08
  -1.9736e-08
  -1.9734e-08
  -1.9732e-08
  -1.9729e-08
  -1.9736e-08
  -1.9734e-08
  -1.9732e-08
  -1.9729e-08
  -1.9736e-08
  -1.9734e-08
  -1.9731e-08
  -1.9729e-08
  -1.9736e-08
  -1.9733e-08
  -1.9731e-08
  -1.9729e-08
  -1.9735e-08
  -1.9733e-08
  -1.9731e-08
  -1.9728e-08
  -1.9735e-08
  -1.9733e-08
  -1.9731e-08
  -1.9728e-08
  -1.9735e-08
  -1.9733e-08
  -1.9730e-08
  -1.9728e-08
  -1.9735e-08
  -1.9732e-08
  -1.9730e-08
  -1.9728e-08
  -1.9734e-08
  -1.9732e-08
  -1.9730e-08
  -1.9727e-08
  -1.9734e-08
  -1.9732e-08
  -1.9730e-08
  -1.9727e-08
  -1.9734e-08
  -1.9732e-08
  -1.9729e-08
  -1.9727e-08
  -1.9734e-08
  -1.9731e-08
  -1.9729e-08
  -1.9727e-08
  -1.9733e-08
  -1.9731e-08
  -1.9729e-08
  -1.9726e-08
  -1.9733e-08
  -1.9731e-08
  -1.9729e-08
  -1.9726e-08
  -1.9733e-08
  -1.9731e-08
  -1.9728e-08
  -1.9726e-08
  -1.9733e-08
  -1.9730e-08
  -1.9728e-08
  -1.9726e-08
  -1.9733e-08
  -1.9730e-08
  -1.9728e-08
  -1.9725e-08
  -1.9732e-08
  -1.9730e-08
  -1.9728e-08
  -1.9725e-08
  -1.9732e-08
  -1.9730e-08
  -1.9727e-08
  -1.9725e-08
  -1.9732e-08
  -1.9729e-08
  -1.9727e-08
  -1.9725e-08
  -1.9732e-08
  -1.9729e-08
  -1.9727e-08
  -1.9724e-08
  -1.9731e-08
  -1.9729e-08
  -1.9727e-08
  -1.9724e-08
  -1.9731e-08
  -1.9729e-08
  -1.9726e-08
  -1.9724e-08
  -1.9731e-08
  -1.9728e-08
  -1.9726e-08
  -1.9724e-08
  -1.9731e-08
  -1.9728e-08
  -1.9726e-08
  -1.9723e-08
  -1.9730e-08
  -1.9728e-08
  -1.9726e-08
  -1.9723e-08
  -1.9730e-08
  -1.9728e-08
  -1.9725e-08
  -1.9723e-08
  -1.9730e-08
  -1.9727e-08
  -1.9725e-08
  -1.9723e-08
  -1.9730e-08
  -1.9727e-08
  -1.9725e-08
  -1.9722e-08
  -1.9729e-08
  -1.9727e-08
  -1.9725e-08
  -1.9722e-08
  -1.9729e-08
  -1.9727e-08
  -1.9724e-08
  -1.9722e-08
  -1.9729e-08
  -1.9726e-08
  -1.9724e-08
  -1.9722e-08
  -1.9729e-08
  -1.9726e-08
  -1.9724e-08
  -1.9721e-08
  -1.9728e-08
  -1.9726e-08
  -1.9724e-08
  -1.9721e-08
  -1.9728e-08
  -1.9726e-08
  -1.9723e-08
  -1.9721e-08
  -1.9728e-08
  -1.9726e-08
  -1.9723e-08
  -1.9721e-08
  -1.9728e-08
  -1.9725e-08
  -1.9723e-08
  -1.9720e-08
  -1.9727e-08
  -1.9725e-08
  -1.9723e-08
  -1.9720e-08
  -1.9727e-08
  -1.9725e-08
  -1.9722e-08
  -1.9720e-08
  -1.9727e-08
  -1.9725e-08
  -1.9722e-08
  -1.9720e-08
  -1.9727e-08
  -1.9724e-08
  -1.9722e-08
  -1.9719e-08
  -1.9726e-08
  -1.9724e-08
  -1.9722e-08
  -1.9719e-08
  -1.9726e-08
  -1.9724e-08
  -1.9721e-08
  -1.9719e-08
  -1.9726e-08
  -1.9724e-08
  -1.9721e-08
  -1.9719e-08
  -1.9726e-08
  -1.9723e-08
  -1.9721e-08
  -1.9718e-08
  -1.9725e-08
  -1.9723e-08
  -1.9721e-08
  -1.9718e-08
  -1.9725e-08
  -1.9723e-08
  -1.9720e-08
  -1.9718e-08
  -1.9725e-08
  -1.9723e-08
  -1.9720e-08
  -1.9718e-08
  -1.9725e-08
  -1.9722e-08
  -1.9720e-08
  -1.9717e-08
  -1.9725e-08
  -1.9722e-08
  -1.9720e-08
  -1.9717e-08
  -1.9724e-08
  -1.9722e-08
  -1.9719e-08
  -1.9717e-08
  -1.9724e-08
  -1.9722e-08
  -1.9719e-08
  -1.9717e-08
  -1.9724e-08
  -1.9721e-08
  -1.9719e-08
  -1.9716e-08
  -1.9724e-08
  -1.9721e-08
  -1.9719e-08
  -1.9716e-08
  -1.9723e-08
  -1.9721e-08
  -1.9718e-08
  -1.9716e-08
  -1.9723e-08
  -1.9721e-08
  -1.9718e-08
  -1.9716e-08
  -1.9723e-08
  -1.9720e-08
  -1.9718e-08
  -1.9715e-08
  -1.9723e-08
  -1.9720e-08
  -1.9718e-08
  -1.9715e-08
  -1.9722e-08
  -1.9720e-08
  -1.9717e-08
  -1.9715e-08
  -1.9722e-08
  -1.9720e-08
  -1.9717e-08
  -1.9715e-08
  -1.9722e-08
  -1.9719e-08
  -1.9717e-08
  -1.9714e-08
  -1.9722e-08
  -1.9719e-08
  -1.9717e-08
  -1.9714e-08
  -1.9721e-08
  -1.9719e-08
  -1.9716e-08
  -1.9714e-08
  -1.9721e-08
  -1.9719e-08
  -1.9716e-08
  -1.9714e-08
  -1.9721e-08
  -1.9718e-08
  -1.9716e-08
  -1.9713e-08
  -1.9721e-08
  -1.9718e-08
  -1.9716e-08
  -1.9713e-08
  -1.9720e-08
  -1.9718e-08
  -1.9716e-08
  -1.9713e-08
  -1.9720e-08
  -1.9718e-08
  -1.9715e-08
  -1.9713e-08
  -1.9720e-08
  -1.9718e-08
  -1.9715e-08
  -1.9712e-08
  -1.9720e-08
  -1.9717e-08
  -1.9715e-08
  -1.9712e-08
  -1.9719e-08
  -1.9717e-08
  -1.9715e-08
  -1.9712e-08
  -1.9719e-08
  -1.9717e-08
  -1.9714e-08
  -1.9712e-08
  -1.9719e-08
  -1.9717e-08
  -1.9714e-08
  -1.9712e-08
  -1.9719e-08
  -1.9716e-08
  -1.9714e-08
  -1.9711e-08
  -1.9719e-08
  -1.9716e-08
  -1.9714e-08
  -1.9711e-08
  -1.9718e-08
  -1.9716e-08
  -1.9713e-08
  -1.9711e-08
  -1.9718e-08
  -1.9716e-08
  -1.9713e-08
  -1.9711e-08
  -1.9718e-08
  -1.9715e-08
  -1.9713e-08
  -1.9710e-08
  -1.9718e-08
  -1.9715e-08
  -1.9713e-08
  -1.9710e-08
  -1.9717e-08
  -1.9715e-08
  -1.9712e-08
  -1.9710e-08
  -1.9717e-08
  -1.9715e-08
  -1.9712e-08
  -1.9710e-08
  -1.9717e-08
  -1.9714e-08
  -1.9712e-08
  -1.9709e-08
  -1.9717e-08
  -1.9714e-08
  -1.9712e-08
  -1.9709e-08
  -1.9716e-08
  -1.9714e-08
  -1.9711e-08
  -1.9709e-08
  -1.9716e-08
  -1.9714e-08
  -1.9711e-08
  -1.9709e-08
  -1.9716e-08
  -1.9713e-08
  -1.9711e-08
  -1.9708e-08
  -1.9716e-08
  -1.9713e-08
  -1.9711e-08
  -1.9708e-08
  -1.9715e-08
  -1.9713e-08
  -1.9710e-08
  -1.9708e-08
  -1.9715e-08
  -1.9713e-08
  -1.9710e-08
  -1.9708e-08
  -1.9715e-08
  -1.9712e-08
  -1.9710e-08
  -1.9707e-08
  -1.9715e-08
  -1.9712e-08
  -1.9710e-08
  -1.9707e-08
  -1.9714e-08
  -1.9712e-08
  -1.9709e-08
  -1.9707e-08
  -1.9714e-08
  -1.9712e-08
  -1.9709e-08
  -1.9707e-08
  -1.9714e-08
  -1.9711e-08
  -1.9709e-08
  -1.9706e-08
  -1.9714e-08
  -1.9711e-08
  -1.9709e-08
  -1.9706e-08
  -1.9713e-08
  -1.9711e-08
  -1.9709e-08
  -1.9706e-08
  -1.9713e-08
  -1.9711e-08
  -1.9708e-08
  -1.9706e-08
  -1.9713e-08
  -1.9711e-08
  -1.9708e-08
  -1.9705e-08
  -1.9713e-08
  -1.9710e-08
  -1.9708e-08
  -1.9705e-08
  -1.9712e-08
  -1.9710e-08
  -1.9708e-08
  -1.9705e-08
  -1.9712e-08
  -1.9710e-08
  -1.9707e-08
  -1.9705e-08
  -1.9712e-08
  -1.9710e-08
  -1.9707e-08
  -1.9705e-08
  -1.9712e-08
  -1.9709e-08
  -1.9707e-08
  -1.9704e-08
  -1.9711e-08
  -1.9709e-08
  -1.9707e-08
  -1.9704e-08
  -1.9711e-08
  -1.9709e-08
  -1.9706e-08
  -1.9704e-08
  -1.9711e-08
  -1.9709e-08
  -1.9706e-08
  -1.9704e-08
  -1.9711e-08
  -1.9708e-08
  -1.9706e-08
  -1.9703e-08
  -1.9711e-08
  -1.9708e-08
  -1.9706e-08
  -1.9703e-08
  -1.9710e-08
  -1.9708e-08
  -1.9705e-08
  -1.9703e-08
  -1.9710e-08
  -1.9708e-08
  -1.9705e-08
  -1.9703e-08
  -1.9710e-08
  -1.9707e-08
  -1.9705e-08
  -1.9702e-08
  -1.9710e-08
  -1.9707e-08
  -1.9705e-08
  -1.9702e-08
  -1.9709e-08
  -1.9707e-08
  -1.9704e-08
  -1.9702e-08
  -1.9709e-08
  -1.9707e-08
  -1.9704e-08
  -1.9702e-08
  -1.9709e-08
  -1.9706e-08
  -1.9704e-08
  -1.9701e-08
  -1.9709e-08
  -1.9706e-08
  -1.9704e-08
  -1.9701e-08
  -1.9708e-08
  -1.9706e-08
  -1.9703e-08
  -1.9701e-08
  -1.9708e-08
  -1.9706e-08
  -1.9703e-08
  -1.9701e-08
  -1.9708e-08
  -1.9705e-08
  -1.9703e-08
  -1.9701e-08
  -1.9708e-08
  -1.9705e-08
  -1.9703e-08
  -1.9700e-08
  -1.9707e-08
  -1.9705e-08
  -1.9703e-08
  -1.9700e-08
  -1.9707e-08
  -1.9705e-08
  -1.9702e-08
  -1.9700e-08
  -1.9707e-08
  -1.9705e-08
  -1.9702e-08
  -1.9700e-08
  -1.9707e-08
  -1.9704e-08
  -1.9702e-08
  -1.9699e-08
  -1.9706e-08
  -1.9704e-08
  -1.9702e-08
  -1.9699e-08
  -1.9706e-08
  -1.9704e-08
  -1.9701e-08
  -1.9699e-08
  -1.9706e-08
  -1.9704e-08
  -1.9701e-08
  -1.9699e-08
  -1.9706e-08
  -1.9703e-08
  -1.9701e-08
  -1.9698e-08
  -1.9705e-08
  -1.9703e-08
  -1.9701e-08
  -1.9698e-08
  -1.9705e-08
  -1.9703e-08
  -1.9700e-08
  -1.9698e-08
  -1.9705e-08
  -1.9703e-08
  -1.9700e-08
  -1.9698e-08
  -1.9705e-08
  -1.9702e-08
  -1.9700e-08
  -1.9697e-08
