  -1.9989e-08
  -2.0020e-08
  -2.0010e-08
  -2.0000e-08
  -1.9989e-08
  -1.9867e-08
  -1.9837e-08
  -1.9795e-08
  -1.9747e-08
  -1.9745e-08
  -1.9735e-08
  -1.9725e-08
  -1.9714e-08
  -1.9750e-08
  -1.9741e-08
  -1.9731e-08
  -1.9720e-08
  -1.9756e-08
  -1.9747e-08
  -1.9737e-08
  -1.9726e-08
  -1.9761e-08
  -1.9752e-08
  -1.9742e-08
  -1.9732e-08
  -1.9767e-08
  -1.9758e-08
  -1.9748e-08
  -1.9737e-08
  -1.9772e-08
  -1.9763e-08
  -1.9754e-08
  -1.9743e-08
  -1.9778e-08
  -1.9769e-08
  -1.9759e-08
  -1.9749e-08
  -1.9783e-08
  -1.9774e-08
  -1.9765e-08
  -1.9754e-08
  -1.9789e-08
  -1.9780e-08
  -1.9770e-08
  -1.9760e-08
  -1.9794e-08
  -1.9785e-08
  -1.9776e-08
  -1.9765e-08
  -1.9799e-08
  -1.9790e-08
  -1.9781e-08
  -1.9771e-08
  -1.9804e-08
  -1.9795e-08
  -1.9786e-08
  -1.9776e-08
  -1.9809e-08
  -1.9801e-08
  -1.9792e-08
  -1.9782e-08
  -1.9814e-08
  -1.9806e-08
  -1.9797e-08
  -1.9787e-08
  -1.9819e-08
  -1.9811e-08
  -1.9802e-08
  -1.9793e-08
  -1.9824e-08
  -1.9816e-08
  -1.9807e-08
  -1.9798e-08
  -1.9829e-08
  -1.9821e-08
  -1.9813e-08
  -1.9804e-08
  -1.9834e-08
  -1.9826e-08
  -1.9818e-08
  -1.9809e-08
  -1.9838e-08
  -1.9831e-08
  -1.9823e-08
  -1.9814e-08
  -1.9843e-08
  -1.9836e-08
  -1.9828e-08
  -1.9820e-08
  -1.9848e-08
  -1.9841e-08
  -1.9833e-08
  -1.9825e-08
  -1.9853e-08
  -1.9846e-08
  -1.9838e-08
  -1.9830e-08
  -1.9858e-08
  -1.9851e-08
  -1.9843e-08
  -1.9835e-08
  -1.9862e-08
  -1.9856e-08
  -1.9848e-08
  -1.9840e-08
  -1.9867e-08
  -1.9861e-08
  -1.9854e-08
  -1.9846e-08
  -1.9872e-08
  -1.9865e-08
  -1.9859e-08
  -1.9851e-08
  -1.9876e-08
  -1.9870e-08
  -1.9864e-08
  -1.9856e-08
  -1.9881e-08
  -1.9875e-08
  -1.9869e-08
  -1.9861e-08
  -1.9886e-08
  -1.9880e-08
  -1.9874e-08
  -1.9866e-08
  -1.9890e-08
  -1.9885e-08
  -1.9878e-08
  -1.9871e-08
  -1.9895e-08
  -1.9889e-08
  -1.9883e-08
  -1.9876e-08
  -1.9899e-08
  -1.9894e-08
  -1.9888e-08
  -1.9881e-08
  -1.9904e-08
  -1.9899e-08
  -1.9893e-08
  -1.9886e-08
  -1.9908e-08
  -1.9903e-08
  -1.9898e-08
  -1.9891e-08
  -1.9912e-08
  -1.9908e-08
  -1.9902e-08
  -1.9896e-08
  -1.9917e-08
  -1.9912e-08
  -1.9907e-08
  -1.9901e-08
  -1.9921e-08
  -1.9917e-08
  -1.9912e-08
  -1.9906e-08
  -1.9925e-08
  -1.9921e-08
  -1.9916e-08
  -1.9911e-08
  -1.9930e-08
  -1.9926e-08
  -1.9921e-08
  -1.9916e-08
  -1.9934e-08
  -1.9930e-08
  -1.9926e-08
  -1.9921e-08
  -1.9938e-08
  -1.9935e-08
  -1.9930e-08
  -1.9926e-08
  -1.9942e-08
  -1.9939e-08
  -1.9935e-08
  -1.9930e-08
  -1.9947e-08
  -1.9944e-08
  -1.9940e-08
  -1.9935e-08
  -1.9951e-08
  -1.9948e-08
  -1.9944e-08
  -1.9940e-08
  -1.9955e-08
  -1.9952e-08
  -1.9949e-08
  -1.9945e-08
  -1.9959e-08
  -1.9957e-08
  -1.9954e-08
  -1.9950e-08
  -1.9964e-08
  -1.9961e-08
  -1.9958e-08
  -1.9954e-08
  -1.9968e-08
  -1.9966e-08
  -1.9963e-08
  -1.9959e-08
  -1.9972e-08
  -1.9970e-08
  -1.9967e-08
  -1.9964e-08
  -1.9976e-08
  -1.9974e-08
  -1.9972e-08
  -1.9969e-08
  -1.9980e-08
  -1.9979e-08
  -1.9977e-08
  -1.9974e-08
  -1.9984e-08
  -1.9983e-08
  -1.9981e-08
  -1.9978e-08
  -1.9989e-08
  -1.9987e-08
  -1.9986e-08
  -1.9983e-08
  -1.9993e-08
  -1.9992e-08
  -1.9990e-08
  -1.9988e-08
  -1.9997e-08
  -1.9996e-08
  -1.9995e-08
  -1.9993e-08
  -2.0001e-08
  -2.0000e-08
  -1.9999e-08
  -1.9997e-08
  -2.0005e-08
  -2.0005e-08
  -2.0004e-08
  -2.0002e-08
  -2.0009e-08
  -2.0009e-08
  -2.0009e-08
  -2.0007e-08
  -2.0013e-08
  -2.0014e-08
  -2.0013e-08
  -2.0012e-08
  -2.0018e-08
  -2.0018e-08
  -2.0018e-08
  -2.0016e-08
  -2.0022e-08
  -2.0022e-08
  -2.0022e-08
  -2.0021e-08
  -2.0026e-08
  -2.0026e-08
  -2.0026e-08
  -2.0026e-08
  -2.0030e-08
  -2.0031e-08
  -2.0031e-08
  -2.0030e-08
  -2.0034e-08
  -2.0035e-08
  -2.0035e-08
  -2.0035e-08
  -2.0038e-08
  -2.0039e-08
  -2.0040e-08
  -2.0040e-08
  -2.0042e-08
  -2.0043e-08
  -2.0044e-08
  -2.0045e-08
  -2.0046e-08
  -2.0048e-08
  -2.0049e-08
  -2.0049e-08
  -2.0050e-08
  -2.0052e-08
  -2.0053e-08
  -2.0054e-08
  -2.0054e-08
  -2.0056e-08
  -2.0058e-08
  -2.0059e-08
  -2.0058e-08
  -2.0060e-08
  -2.0062e-08
  -2.0063e-08
  -2.0062e-08
  -2.0065e-08
  -2.0067e-08
  -2.0068e-08
  -2.0066e-08
  -2.0069e-08
  -2.0071e-08
  -2.0073e-08
  -2.0070e-08
  -2.0073e-08
  -2.0076e-08
  -2.0078e-08
  -2.0074e-08
  -2.0078e-08
  -2.0080e-08
  -2.0082e-08
  -2.0078e-08
  -2.0082e-08
  -2.0085e-08
  -2.0087e-08
  -2.0082e-08
  -2.0086e-08
  -2.0089e-08
  -2.0092e-08
  -2.0086e-08
  -2.0090e-08
  -2.0094e-08
  -2.0097e-08
  -2.0090e-08
  -2.0095e-08
  -2.0098e-08
  -2.0101e-08
  -2.0095e-08
  -2.0099e-08
  -2.0103e-08
  -2.0106e-08
  -2.0099e-08
  -2.0103e-08
  -2.0107e-08
  -2.0111e-08
  -2.0103e-08
  -2.0108e-08
  -2.0112e-08
  -2.0116e-08
  -2.0107e-08
  -2.0112e-08
  -2.0117e-08
  -2.0121e-08
  -2.0111e-08
  -2.0117e-08
  -2.0121e-08
  -2.0125e-08
  -2.0115e-08
  -2.0121e-08
  -2.0126e-08
  -2.0130e-08
  -2.0119e-08
  -2.0125e-08
  -2.0131e-08
  -2.0135e-08
  -2.0124e-08
  -2.0130e-08
  -2.0135e-08
  -2.0140e-08
  -2.0128e-08
  -2.0134e-08
  -2.0140e-08
  -2.0145e-08
  -2.0132e-08
  -2.0139e-08
  -2.0145e-08
  -2.0150e-08
  -2.0137e-08
  -2.0143e-08
  -2.0150e-08
  -2.0155e-08
  -2.0141e-08
  -2.0148e-08
  -2.0154e-08
  -2.0160e-08
  -2.0145e-08
  -2.0152e-08
  -2.0159e-08
  -2.0165e-08
  -2.0149e-08
  -2.0157e-08
  -2.0164e-08
  -2.0170e-08
  -2.0154e-08
  -2.0161e-08
  -2.0168e-08
  -2.0175e-08
  -2.0158e-08
  -2.0166e-08
  -2.0173e-08
  -2.0180e-08
  -2.0162e-08
  -2.0170e-08
  -2.0178e-08
  -2.0185e-08
  -2.0167e-08
  -2.0175e-08
  -2.0183e-08
  -2.0190e-08
  -2.0171e-08
  -2.0180e-08
  -2.0188e-08
  -2.0195e-08
  -2.0175e-08
  -2.0184e-08
  -2.0193e-08
  -2.0200e-08
  -2.0180e-08
  -2.0189e-08
  -2.0197e-08
  -2.0205e-08
  -2.0184e-08
  -2.0194e-08
  -2.0202e-08
  -2.0210e-08
  -2.0189e-08
  -2.0198e-08
  -2.0207e-08
  -2.0215e-08
  -2.0193e-08
  -2.0203e-08
  -2.0212e-08
  -2.0221e-08
  -2.0198e-08
  -2.0208e-08
  -2.0217e-08
  -2.0226e-08
  -2.0202e-08
  -2.0213e-08
  -2.0222e-08
  -2.0231e-08
  -2.0207e-08
  -2.0217e-08
  -2.0227e-08
  -2.0236e-08
  -2.0212e-08
  -2.0222e-08
  -2.0232e-08
  -2.0242e-08
  -2.0216e-08
  -2.0227e-08
  -2.0237e-08
  -2.0247e-08
  -2.0221e-08
  -2.0232e-08
  -2.0243e-08
  -2.0252e-08
  -2.0226e-08
  -2.0237e-08
  -2.0248e-08
  -2.0258e-08
  -2.0230e-08
  -2.0242e-08
  -2.0253e-08
  -2.0263e-08
  -2.0235e-08
  -2.0247e-08
  -2.0258e-08
  -2.0269e-08
  -2.0240e-08
  -2.0252e-08
  -2.0264e-08
  -2.0274e-08
  -2.0245e-08
  -2.0257e-08
  -2.0269e-08
  -2.0280e-08
  -2.0250e-08
  -2.0262e-08
  -2.0274e-08
  -2.0285e-08
  -2.0255e-08
  -2.0268e-08
  -2.0280e-08
  -2.0291e-08
  -2.0260e-08
  -2.0273e-08
  -2.0285e-08
  -2.0297e-08
  -2.0265e-08
  -2.0278e-08
  -2.0291e-08
  -2.0303e-08
  -2.0270e-08
  -2.0284e-08
  -2.0296e-08
  -2.0308e-08
  -2.0275e-08
  -2.0289e-08
  -2.0302e-08
  -2.0314e-08
  -2.0281e-08
  -2.0295e-08
  -2.0308e-08
  -2.0320e-08
  -2.0286e-08
  -2.0300e-08
  -2.0313e-08
  -2.0326e-08
  -2.0291e-08
  -2.0305e-08
  -2.0319e-08
  -2.0332e-08
  -2.0297e-08
  -2.0311e-08
  -2.0325e-08
  -2.0338e-08
  -2.0302e-08
  -2.0317e-08
  -2.0331e-08
  -2.0344e-08
  -2.0307e-08
  -2.0322e-08
  -2.0337e-08
  -2.0350e-08
  -2.0313e-08
  -2.0328e-08
  -2.0342e-08
  -2.0356e-08
  -2.0319e-08
  -2.0334e-08
  -2.0348e-08
  -2.0362e-08
  -2.0324e-08
  -2.0340e-08
  -2.0355e-08
  -2.0368e-08
  -2.0330e-08
  -2.0346e-08
  -2.0361e-08
  -2.0375e-08
  -2.0336e-08
  -2.0352e-08
  -2.0367e-08
  -2.0381e-08
  -2.0342e-08
  -2.0358e-08
  -2.0373e-08
  -2.0387e-08
  -2.0347e-08
  -2.0364e-08
  -2.0379e-08
  -2.0394e-08
  -2.0353e-08
  -2.0370e-08
  -2.0386e-08
  -2.0400e-08
  -2.0359e-08
  -2.0376e-08
  -2.0392e-08
  -2.0407e-08
  -2.0365e-08
  -2.0382e-08
  -2.0398e-08
  -2.0414e-08
  -2.0372e-08
  -2.0389e-08
  -2.0405e-08
  -2.0420e-08
  -2.0378e-08
  -2.0395e-08
  -2.0411e-08
  -2.0427e-08
  -2.0384e-08
  -2.0402e-08
  -2.0418e-08
  -2.0434e-08
  -2.0390e-08
  -2.0408e-08
  -2.0425e-08
  -2.0441e-08
  -2.0397e-08
  -2.0415e-08
  -2.0432e-08
  -2.0448e-08
  -2.0403e-08
  -2.0421e-08
  -2.0439e-08
  -2.0455e-08
  -2.0410e-08
  -2.0428e-08
  -2.0445e-08
  -2.0462e-08
  -2.0417e-08
  -2.0435e-08
  -2.0453e-08
  -2.0469e-08
  -2.0423e-08
  -2.0442e-08
  -2.0460e-08
  -2.0476e-08
  -2.0430e-08
  -2.0449e-08
  -2.0467e-08
  -2.0484e-08
  -2.0437e-08
  -2.0456e-08
  -2.0474e-08
  -2.0491e-08
  -2.0445e-08
  -2.0464e-08
  -2.0482e-08
  -2.0499e-08
  -2.0452e-08
  -2.0471e-08
  -2.0489e-08
  -2.0506e-08
  -2.0459e-08
  -2.0478e-08
  -2.0496e-08
  -2.0514e-08
  -2.0466e-08
  -2.0486e-08
  -2.0504e-08
  -2.0521e-08
  -2.0474e-08
  -2.0493e-08
  -2.0512e-08
  -2.0529e-08
  -2.0481e-08
  -2.0501e-08
  -2.0520e-08
  -2.0537e-08
  -2.0489e-08
  -2.0509e-08
  -2.0527e-08
  -2.0545e-08
  -2.0497e-08
  -2.0517e-08
  -2.0535e-08
  -2.0553e-08
  -2.0505e-08
  -2.0525e-08
  -2.0544e-08
  -2.0561e-08
  -2.0513e-08
  -2.0533e-08
  -2.0552e-08
  -2.0570e-08
  -2.0521e-08
  -2.0541e-08
  -2.0560e-08
  -2.0578e-08
  -2.0529e-08
  -2.0549e-08
  -2.0568e-08
  -2.0586e-08
  -2.0537e-08
  -2.0558e-08
  -2.0577e-08
  -2.0595e-08
  -2.0546e-08
  -2.0566e-08
  -2.0585e-08
  -2.0604e-08
  -2.0554e-08
  -2.0575e-08
  -2.0594e-08
  -2.0612e-08
  -2.0563e-08
  -2.0584e-08
  -2.0603e-08
  -2.0621e-08
  -2.0572e-08
  -2.0592e-08
  -2.0612e-08
  -2.0630e-08
  -2.0581e-08
  -2.0601e-08
  -2.0621e-08
  -2.0639e-08
  -2.0590e-08
  -2.0610e-08
  -2.0630e-08
  -2.0648e-08
  -2.0599e-08
  -2.0620e-08
  -2.0639e-08
  -2.0657e-08
  -2.0608e-08
  -2.0629e-08
  -2.0648e-08
  -2.0667e-08
  -2.0618e-08
  -2.0638e-08
  -2.0658e-08
  -2.0676e-08
  -2.0627e-08
  -2.0648e-08
  -2.0667e-08
  -2.0686e-08
  -2.0637e-08
  -2.0657e-08
  -2.0677e-08
  -2.0695e-08
  -2.0646e-08
  -2.0667e-08
  -2.0687e-08
  -2.0705e-08
  -2.0656e-08
  -2.0677e-08
  -2.0697e-08
  -2.0715e-08
  -2.0666e-08
  -2.0687e-08
  -2.0707e-08
  -2.0725e-08
  -2.0677e-08
  -2.0697e-08
  -2.0717e-08
  -2.0735e-08
  -2.0687e-08
  -2.0708e-08
  -2.0727e-08
  -2.0745e-08
  -2.0698e-08
  -2.0718e-08
  -2.0737e-08
  -2.0755e-08
  -2.0708e-08
  -2.0729e-08
  -2.0748e-08
  -2.0766e-08
  -2.0719e-08
  -2.0739e-08
  -2.0758e-08
  -2.0776e-08
  -2.0730e-08
  -2.0750e-08
  -2.0769e-08
  -2.0787e-08
  -2.0741e-08
  -2.0761e-08
  -2.0780e-08
  -2.0798e-08
  -2.0752e-08
  -2.0772e-08
  -2.0791e-08
  -2.0808e-08
  -2.0763e-08
  -2.0783e-08
  -2.0802e-08
  -2.0819e-08
  -2.0775e-08
  -2.0795e-08
  -2.0813e-08
  -2.0830e-08
  -2.0787e-08
  -2.0806e-08
  -2.0825e-08
  -2.0842e-08
  -2.0798e-08
  -2.0818e-08
  -2.0836e-08
  -2.0853e-08
  -2.0810e-08
  -2.0830e-08
  -2.0848e-08
  -2.0864e-08
  -2.0822e-08
  -2.0842e-08
  -2.0860e-08
  -2.0876e-08
  -2.0835e-08
  -2.0854e-08
  -2.0871e-08
  -2.0888e-08
  -2.0847e-08
  -2.0866e-08
  -2.0883e-08
  -2.0899e-08
  -2.0860e-08
  -2.0878e-08
  -2.0896e-08
  -2.0911e-08
  -2.0872e-08
  -2.0891e-08
  -2.0908e-08
  -2.0923e-08
  -2.0885e-08
  -2.0903e-08
  -2.0920e-08
  -2.0935e-08
  -2.0898e-08
  -2.0916e-08
  -2.0933e-08
  -2.0948e-08
  -2.0911e-08
  -2.0929e-08
  -2.0945e-08
  -2.0960e-08
  -2.0924e-08
  -2.0942e-08
  -2.0958e-08
  -2.0972e-08
  -2.0938e-08
  -2.0955e-08
  -2.0971e-08
  -2.0985e-08
  -2.0951e-08
  -2.0968e-08
  -2.0984e-08
  -2.0998e-08
  -2.0986e-08
  -2.1004e-08
  -2.0986e-08
  -2.1004e-08
  -2.0986e-08
  -2.1004e-08
  -2.0986e-08
  -2.1004e-08
  -2.0987e-08
  -2.1004e-08
  -2.0986e-08
  -2.1004e-08
  -2.0987e-08
  -2.1004e-08
  -2.0987e-08
  -2.1004e-08
  -2.0987e-08
  -2.1004e-08
  -2.0987e-08
  -2.1004e-08
  -2.0988e-08
  -2.1004e-08
  -2.0987e-08
  -2.1004e-08
  -2.0988e-08
  -2.1004e-08
  -2.0988e-08
  -2.1004e-08
  -2.0988e-08
  -2.1004e-08
  -2.0988e-08
  -2.1004e-08
  -2.0989e-08
  -2.1004e-08
  -2.0989e-08
  -2.1004e-08
  -2.0989e-08
  -2.1004e-08
  -2.0989e-08
  -2.1004e-08
  -2.0989e-08
  -2.1004e-08
  -2.0989e-08
  -2.1004e-08
  -2.0990e-08
  -2.1004e-08
  -2.0990e-08
  -2.1004e-08
  -2.0990e-08
  -2.1004e-08
  -2.0990e-08
  -2.1004e-08
  -2.0991e-08
  -2.1004e-08
  -2.0991e-08
  -2.1004e-08
  -2.0991e-08
  -2.1004e-08
  -2.0991e-08
  -2.1004e-08
  -2.0992e-08
  -2.1004e-08
  -2.0992e-08
  -2.1004e-08
  -2.0992e-08
  -2.1004e-08
  -2.0992e-08
  -2.1004e-08
  -2.0993e-08
  -2.1004e-08
  -2.0993e-08
  -2.1004e-08
  -2.0994e-08
  -2.1004e-08
  -2.0993e-08
  -2.1004e-08
  -2.0994e-08
  -2.1004e-08
  -2.0994e-08
  -2.1004e-08
  -2.0995e-08
  -2.1004e-08
  -2.0995e-08
  -2.1004e-08
  -2.0995e-08
  -2.1005e-08
  -2.0995e-08
  -2.1004e-08
  -2.0996e-08
  -2.1005e-08
  -2.0996e-08
  -2.1004e-08
  -2.0997e-08
  -2.1005e-08
  -2.0996e-08
  -2.1004e-08
  -2.0997e-08
  -2.1005e-08
  -2.0997e-08
  -2.1004e-08
  -2.0998e-08
  -2.1005e-08
  -2.0998e-08
  -2.1004e-08
  -2.0998e-08
  -2.1005e-08
  -2.0998e-08
  -2.1004e-08
  -2.0999e-08
  -2.1005e-08
  -2.0999e-08
  -2.1004e-08
  -2.1000e-08
  -2.1005e-08
  -2.1000e-08
  -2.1004e-08
  -2.1001e-08
  -2.1005e-08
  -2.1000e-08
  -2.1004e-08
  -2.1001e-08
  -2.1005e-08
  -2.1001e-08
  -2.1004e-08
  -2.1002e-08
  -2.1005e-08
  -2.1002e-08
  -2.1004e-08
  -2.1003e-08
  -2.1005e-08
  -2.1002e-08
  -2.1004e-08
  -2.1003e-08
  -2.1005e-08
  -2.1003e-08
  -2.1005e-08
  -2.1004e-08
  -2.1005e-08
  -2.1004e-08
  -2.1005e-08
  -2.1005e-08
  -2.1005e-08
  -2.1005e-08
  -2.1005e-08
  -2.1005e-08
  -2.1005e-08
  -2.1005e-08
  -2.1005e-08
  -2.1006e-08
  -2.1005e-08
  -2.1006e-08
  -2.1004e-08
  -2.1007e-08
  -2.1005e-08
  -2.1006e-08
  -2.1004e-08
  -2.1007e-08
  -2.1005e-08
  -2.1007e-08
  -2.1004e-08
  -2.1008e-08
  -2.1005e-08
  -2.1008e-08
  -2.1004e-08
  -2.1008e-08
  -2.1005e-08
  -2.1008e-08
  -2.1004e-08
  -2.1009e-08
  -2.1005e-08
  -2.1009e-08
  -2.1004e-08
  -2.1010e-08
  -2.1005e-08
  -2.1010e-08
  -2.1004e-08
  -2.1010e-08
  -2.1005e-08
  -2.1010e-08
  -2.1004e-08
  -2.1011e-08
  -2.1005e-08
  -2.1011e-08
  -2.1004e-08
  -2.1012e-08
  -2.1005e-08
  -2.1011e-08
  -2.1004e-08
  -2.1012e-08
  -2.1005e-08
  -2.1012e-08
  -2.1004e-08
  -2.1013e-08
  -2.1005e-08
  -2.1013e-08
  -2.1004e-08
  -2.1013e-08
  -2.1005e-08
  -2.1013e-08
  -2.1004e-08
  -2.1014e-08
  -2.1005e-08
  -2.1014e-08
  -2.1004e-08
  -2.1015e-08
  -2.1005e-08
  -2.1014e-08
  -2.1004e-08
  -2.1015e-08
  -2.1005e-08
  -2.1015e-08
  -2.1004e-08
  -2.1016e-08
  -2.1005e-08
  -2.1016e-08
  -2.1004e-08
  -2.1016e-08
  -2.1005e-08
  -2.1016e-08
  -2.1004e-08
  -2.1017e-08
  -2.1005e-08
  -2.1017e-08
  -2.1004e-08
  -2.1017e-08
  -2.1005e-08
  -2.1017e-08
  -2.1004e-08
  -2.1018e-08
  -2.1005e-08
  -2.1018e-08
  -2.1004e-08
  -2.1018e-08
  -2.1005e-08
  -2.1018e-08
  -2.1004e-08
  -2.1019e-08
  -2.1005e-08
  -2.1019e-08
  -2.1004e-08
  -2.1019e-08
  -2.1005e-08
  -2.1019e-08
  -2.1004e-08
  -2.1020e-08
  -2.1005e-08
  -2.1020e-08
  -2.1004e-08
  -2.1020e-08
  -2.1005e-08
  -2.1020e-08
  -2.1004e-08
  -2.1021e-08
  -2.1005e-08
  -2.1021e-08
  -2.1004e-08
  -2.1021e-08
  -2.1005e-08
  -2.1021e-08
  -2.1005e-08
  -2.1022e-08
  -2.1005e-08
  -2.1022e-08
  -2.1004e-08
  -2.1022e-08
  -2.1005e-08
  -2.1022e-08
  -2.1004e-08
  -2.1022e-08
  -2.1005e-08
  -2.1022e-08
  -2.1004e-08
  -2.1023e-08
  -2.1005e-08
  -2.1022e-08
  -2.1004e-08
  -2.1023e-08
  -2.1005e-08
  -2.1023e-08
  -2.1004e-08
  -2.1023e-08
  -2.1004e-08
  -2.1023e-08
  -2.1004e-08
  -2.1023e-08
  -2.1004e-08
  -2.1023e-08
  -2.1004e-08
  -2.1024e-08
  -2.1004e-08
  -2.1024e-08
  -2.1004e-08
  -2.1024e-08
  -2.1004e-08
  -2.1024e-08
  -2.1004e-08
  -2.1024e-08
  -2.1004e-08
  -2.1024e-08
  -2.1004e-08
  -2.1074e-08
  -2.1052e-08
  -2.1029e-08
  -2.1004e-08
  -2.1086e-08
  -2.1064e-08
  -2.1041e-08
  -2.1016e-08
  -2.1098e-08
  -2.1076e-08
  -2.1053e-08
  -2.1027e-08
  -2.1110e-08
  -2.1088e-08
  -2.1064e-08
  -2.1039e-08
  -2.1122e-08
  -2.1100e-08
  -2.1076e-08
  -2.1050e-08
  -2.1134e-08
  -2.1111e-08
  -2.1087e-08
  -2.1061e-08
  -2.1145e-08
  -2.1122e-08
  -2.1098e-08
  -2.1072e-08
  -2.1156e-08
  -2.1133e-08
  -2.1109e-08
  -2.1083e-08
  -2.1167e-08
  -2.1144e-08
  -2.1120e-08
  -2.1094e-08
  -2.1178e-08
  -2.1155e-08
  -2.1130e-08
  -2.1104e-08
  -2.1189e-08
  -2.1165e-08
  -2.1141e-08
  -2.1115e-08
  -2.1199e-08
  -2.1176e-08
  -2.1151e-08
  -2.1125e-08
  -2.1209e-08
  -2.1186e-08
  -2.1161e-08
  -2.1135e-08
  -2.1219e-08
  -2.1195e-08
  -2.1171e-08
  -2.1145e-08
  -2.1228e-08
  -2.1205e-08
  -2.1180e-08
  -2.1154e-08
  -2.1238e-08
  -2.1215e-08
  -2.1190e-08
  -2.1164e-08
  -2.1247e-08
  -2.1224e-08
  -2.1199e-08
  -2.1174e-08
  -2.1256e-08
  -2.1233e-08
  -2.1209e-08
  -2.1183e-08
  -2.1265e-08
  -2.1242e-08
  -2.1218e-08
  -2.1192e-08
  -2.1274e-08
  -2.1251e-08
  -2.1227e-08
  -2.1201e-08
  -2.1283e-08
  -2.1260e-08
  -2.1235e-08
  -2.1210e-08
  -2.1291e-08
  -2.1268e-08
  -2.1244e-08
  -2.1219e-08
  -2.1299e-08
  -2.1276e-08
  -2.1252e-08
  -2.1227e-08
  -2.1307e-08
  -2.1285e-08
  -2.1261e-08
  -2.1236e-08
  -2.1315e-08
  -2.1293e-08
  -2.1269e-08
  -2.1244e-08
  -2.1323e-08
  -2.1300e-08
  -2.1277e-08
  -2.1252e-08
  -2.1330e-08
  -2.1308e-08
  -2.1285e-08
  -2.1260e-08
  -2.1338e-08
  -2.1316e-08
  -2.1293e-08
  -2.1268e-08
  -2.1345e-08
  -2.1323e-08
  -2.1300e-08
  -2.1276e-08
  -2.1352e-08
  -2.1331e-08
  -2.1308e-08
  -2.1284e-08
  -2.1359e-08
  -2.1338e-08
  -2.1315e-08
  -2.1291e-08
  -2.1366e-08
  -2.1345e-08
  -2.1322e-08
  -2.1299e-08
  -2.1373e-08
  -2.1352e-08
  -2.1330e-08
  -2.1306e-08
  -2.1379e-08
  -2.1359e-08
  -2.1337e-08
  -2.1314e-08
  -2.1386e-08
  -2.1365e-08
  -2.1344e-08
  -2.1321e-08
  -2.1392e-08
  -2.1372e-08
  -2.1351e-08
  -2.1328e-08
  -2.1399e-08
  -2.1379e-08
  -2.1357e-08
  -2.1335e-08
  -2.1405e-08
  -2.1385e-08
  -2.1364e-08
  -2.1342e-08
  -2.1411e-08
  -2.1391e-08
  -2.1371e-08
  -2.1349e-08
  -2.1417e-08
  -2.1398e-08
  -2.1377e-08
  -2.1356e-08
  -2.1423e-08
  -2.1404e-08
  -2.1384e-08
  -2.1363e-08
  -2.1428e-08
  -2.1410e-08
  -2.1390e-08
  -2.1369e-08
  -2.1434e-08
  -2.1416e-08
  -2.1396e-08
  -2.1376e-08
  -2.1440e-08
  -2.1422e-08
  -2.1403e-08
  -2.1383e-08
  -2.1445e-08
  -2.1427e-08
  -2.1409e-08
  -2.1389e-08
  -2.1451e-08
  -2.1433e-08
  -2.1415e-08
  -2.1395e-08
  -2.1456e-08
  -2.1439e-08
  -2.1421e-08
  -2.1402e-08
