  -1.9989e-08
  -1.9990e-08
  -1.9998e-08
  -2.0014e-08
  -2.0040e-08
  -2.0030e-08
  -2.0046e-08
  -1.9932e-08
  -1.9933e-08
  -1.9933e-08
  -1.9933e-08
  -1.9933e-08
  -1.9933e-08
  -1.9933e-08
  -1.9933e-08
  -1.9933e-08
  -1.9933e-08
  -1.9933e-08
  -1.9933e-08
  -1.9933e-08
  -1.9933e-08
  -1.9933e-08
  -1.9933e-08
  -1.9933e-08
  -1.9933e-08
  -1.9933e-08
  -1.9933e-08
  -1.9933e-08
  -1.9933e-08
  -1.9934e-08
  -1.9934e-08
  -1.9934e-08
  -1.9934e-08
  -1.9934e-08
  -1.9934e-08
  -1.9934e-08
  -1.9934e-08
  -1.9934e-08
  -1.9934e-08
  -1.9934e-08
  -1.9934e-08
  -1.9934e-08
  -1.9934e-08
  -1.9934e-08
  -1.9934e-08
  -1.9934e-08
  -1.9934e-08
  -1.9934e-08
  -1.9934e-08
  -1.9934e-08
  -1.9934e-08
  -1.9934e-08
  -1.9934e-08
  -1.9934e-08
  -1.9935e-08
  -1.9935e-08
  -1.9935e-08
  -1.9935e-08
  -1.9935e-08
  -1.9935e-08
  -1.9935e-08
  -1.9935e-08
  -1.9935e-08
  -1.9935e-08
  -1.9935e-08
  -1.9935e-08
  -1.9935e-08
  -1.9935e-08
  -1.9935e-08
  -1.9935e-08
  -1.9935e-08
  -1.9935e-08
  -1.9935e-08
  -1.9935e-08
  -1.9935e-08
  -1.9935e-08
  -1.9935e-08
  -1.9935e-08
  -1.9936e-08
  -1.9936e-08
  -1.9936e-08
  -1.9936e-08
  -1.9936e-08
  -1.9936e-08
  -1.9936e-08
  -1.9936e-08
  -1.9936e-08
  -1.9936e-08
  -1.9936e-08
  -1.9936e-08
  -1.9936e-08
  -1.9936e-08
  -1.9936e-08
  -1.9936e-08
  -1.9936e-08
  -1.9936e-08
  -1.9936e-08
  -1.9936e-08
  -1.9936e-08
  -1.9936e-08
  -1.9936e-08
  -1.9936e-08
  -1.9937e-08
  -1.9937e-08
  -1.9937e-08
  -1.9937e-08
  -1.9937e-08
  -1.9937e-08
  -1.9937e-08
  -1.9937e-08
  -1.9937e-08
  -1.9937e-08
  -1.9937e-08
  -1.9937e-08
  -1.9937e-08
  -1.9937e-08
  -1.9937e-08
  -1.9937e-08
  -1.9937e-08
  -1.9937e-08
  -1.9937e-08
  -1.9937e-08
  -1.9937e-08
  -1.9937e-08
  -1.9937e-08
  -1.9938e-08
  -1.9938e-08
  -1.9938e-08
  -1.9938e-08
  -1.9938e-08
  -1.9938e-08
  -1.9938e-08
  -1.9938e-08
  -1.9938e-08
  -1.9938e-08
  -1.9938e-08
  -1.9938e-08
  -1.9938e-08
  -1.9938e-08
  -1.9938e-08
  -1.9938e-08
  -1.9938e-08
  -1.9938e-08
  -1.9938e-08
  -1.9938e-08
  -1.9938e-08
  -1.9938e-08
  -1.9938e-08
  -1.9939e-08
  -1.9939e-08
  -1.9939e-08
  -1.9939e-08
  -1.9939e-08
  -1.9939e-08
  -1.9939e-08
  -1.9939e-08
  -1.9939e-08
  -1.9939e-08
  -1.9939e-08
  -1.9939e-08
  -1.9939e-08
  -1.9939e-08
  -1.9939e-08
  -1.9939e-08
  -1.9939e-08
  -1.9939e-08
  -1.9939e-08
  -1.9939e-08
  -1.9939e-08
  -1.9939e-08
  -1.9940e-08
  -1.9940e-08
  -1.9940e-08
  -1.9940e-08
  -1.9940e-08
  -1.9940e-08
  -1.9940e-08
  -1.9940e-08
  -1.9940e-08
  -1.9940e-08
  -1.9940e-08
  -1.9940e-08
  -1.9940e-08
  -1.9940e-08
  -1.9940e-08
  -1.9940e-08
  -1.9940e-08
  -1.9940e-08
  -1.9940e-08
  -1.9940e-08
  -1.9940e-08
  -1.9941e-08
  -1.9941e-08
  -1.9941e-08
  -1.9941e-08
  -1.9941e-08
  -1.9941e-08
  -1.9941e-08
  -1.9941e-08
  -1.9941e-08
  -1.9941e-08
  -1.9941e-08
  -1.9941e-08
  -1.9941e-08
  -1.9941e-08
  -1.9941e-08
  -1.9941e-08
  -1.9941e-08
  -1.9941e-08
  -1.9941e-08
  -1.9941e-08
  -1.9941e-08
  -1.9942e-08
  -1.9942e-08
  -1.9942e-08
  -1.9942e-08
  -1.9942e-08
  -1.9942e-08
  -1.9942e-08
  -1.9942e-08
  -1.9942e-08
  -1.9942e-08
  -1.9942e-08
  -1.9942e-08
  -1.9942e-08
  -1.9942e-08
  -1.9942e-08
  -1.9942e-08
  -1.9942e-08
  -1.9942e-08
  -1.9942e-08
  -1.9942e-08
  -1.9943e-08
  -1.9943e-08
  -1.9943e-08
  -1.9943e-08
  -1.9943e-08
  -1.9943e-08
  -1.9943e-08
  -1.9943e-08
  -1.9943e-08
  -1.9943e-08
  -1.9943e-08
  -1.9943e-08
  -1.9943e-08
  -1.9943e-08
  -1.9943e-08
  -1.9943e-08
  -1.9943e-08
  -1.9943e-08
  -1.9943e-08
  -1.9943e-08
  -1.9944e-08
  -1.9944e-08
  -1.9944e-08
  -1.9944e-08
  -1.9944e-08
  -1.9944e-08
  -1.9944e-08
  -1.9944e-08
  -1.9944e-08
  -1.9944e-08
  -1.9944e-08
  -1.9944e-08
  -1.9944e-08
  -1.9944e-08
  -1.9944e-08
  -1.9944e-08
  -1.9944e-08
  -1.9944e-08
  -1.9944e-08
  -1.9945e-08
  -1.9945e-08
  -1.9945e-08
  -1.9945e-08
  -1.9945e-08
  -1.9945e-08
  -1.9945e-08
  -1.9945e-08
  -1.9945e-08
  -1.9945e-08
  -1.9945e-08
  -1.9945e-08
  -1.9945e-08
  -1.9945e-08
  -1.9945e-08
  -1.9945e-08
  -1.9945e-08
  -1.9945e-08
  -1.9945e-08
  -1.9946e-08
  -1.9946e-08
  -1.9946e-08
  -1.9946e-08
  -1.9946e-08
  -1.9946e-08
  -1.9946e-08
  -1.9946e-08
  -1.9946e-08
  -1.9946e-08
  -1.9946e-08
  -1.9946e-08
  -1.9946e-08
  -1.9946e-08
  -1.9946e-08
  -1.9946e-08
  -1.9946e-08
  -1.9946e-08
  -1.9946e-08
  -1.9947e-08
  -1.9947e-08
