  -1.9989e-08
  -1.9990e-08
  -1.9988e-08
  -1.9986e-08
  -1.9986e-08
  -1.9986e-08
  -1.9986e-08
  -1.9988e-08
  -1.9988e-08
  -1.9986e-08
  -1.9985e-08
  -1.9985e-08
  -1.9986e-08
  -1.9987e-08
  -1.9990e-08
  -1.9989e-08
  -1.9987e-08
  -1.9987e-08
  -1.9986e-08
  -1.9986e-08
  -1.9987e-08
  -1.9989e-08
  -1.9987e-08
  -1.9985e-08
  -1.9985e-08
  -1.9985e-08
  -1.9985e-08
  -1.9987e-08
  -1.9989e-08
  -1.9987e-08
  -1.9987e-08
  -1.9987e-08
  -1.9987e-08
  -1.9988e-08
  -1.9989e-08
  -1.9989e-08
  -1.9986e-08
  -1.9985e-08
  -1.9985e-08
  -1.9985e-08
  -1.9986e-08
  -1.9988e-08
  -1.9987e-08
  -1.9985e-08
  -1.9985e-08
  -1.9986e-08
  -1.9986e-08
  -1.9988e-08
  -1.9990e-08
  -1.9988e-08
  -1.9987e-08
  -1.9986e-08
  -1.9986e-08
  -1.9986e-08
  -1.9988e-08
  -1.9988e-08
  -1.9986e-08
  -1.9985e-08
  -1.9985e-08
  -1.9985e-08
  -1.9986e-08
  -1.9989e-08
  -1.9989e-08
  -1.9987e-08
  -1.9987e-08
  -1.9987e-08
  -1.9987e-08
  -1.9987e-08
  -1.9989e-08
  -1.9987e-08
  -1.9985e-08
  -1.9985e-08
  -1.9985e-08
  -1.9985e-08
  -1.9986e-08
  -1.9989e-08
  -1.9986e-08
  -1.9986e-08
  -1.9986e-08
  -1.9986e-08
  -1.9987e-08
  -1.9989e-08
  -1.9990e-08
  -1.9988e-08
  -1.9986e-08
  -1.9986e-08
  -1.9986e-08
  -1.9986e-08
  -1.9988e-08
  -1.9987e-08
  -1.9985e-08
  -1.9985e-08
  -1.9985e-08
  -1.9985e-08
  -1.9987e-08
  -1.9990e-08
  -1.9988e-08
  -1.9987e-08
  -1.9987e-08
  -1.9987e-08
  -1.9987e-08
  -1.9988e-08
  -1.9989e-08
  -1.9986e-08
  -1.9985e-08
  -1.9985e-08
  -1.9985e-08
  -1.9986e-08
  -1.9988e-08
  -1.9988e-08
  -1.9987e-08
  -1.9986e-08
  -1.9987e-08
  -1.9987e-08
  -1.9988e-08
  -1.9990e-08
  -1.9989e-08
  -1.9986e-08
  -1.9986e-08
  -1.9985e-08
  -1.9985e-08
  -1.9986e-08
  -1.9988e-08
  -1.9986e-08
  -1.9985e-08
  -1.9985e-08
  -1.9986e-08
  -1.9986e-08
  -1.9988e-08
  -1.9990e-08
  -1.9988e-08
  -1.9987e-08
  -1.9987e-08
  -1.9987e-08
  -1.9987e-08
  -1.9989e-08
  -1.9988e-08
  -1.9986e-08
  -1.9985e-08
  -1.9985e-08
  -1.9985e-08
  -1.9986e-08
  -1.9989e-08
  -1.9988e-08
  -1.9987e-08
  -1.9987e-08
  -1.9987e-08
  -1.9987e-08
  -1.9988e-08
  -1.9990e-08
  -1.9987e-08
  -1.9986e-08
  -1.9985e-08
  -1.9985e-08
  -1.9985e-08
  -1.9987e-08
  -1.9988e-08
  -1.9986e-08
  -1.9986e-08
  -1.9986e-08
  -1.9987e-08
  -1.9988e-08
  -1.9990e-08
  -1.9990e-08
  -1.9988e-08
  -1.9987e-08
  -1.9986e-08
  -1.9986e-08
  -1.9987e-08
  -1.9989e-08
  -1.9987e-08
  -1.9985e-08
  -1.9985e-08
  -1.9985e-08
  -1.9986e-08
  -1.9987e-08
  -1.9990e-08
  -1.9988e-08
  -1.9987e-08
  -1.9987e-08
  -1.9987e-08
  -1.9987e-08
  -1.9989e-08
  -1.9989e-08
  -1.9987e-08
  -1.9986e-08
  -1.9985e-08
  -1.9985e-08
  -1.9986e-08
  -1.9989e-08
  -1.9988e-08
  -1.9986e-08
  -1.9986e-08
  -1.9987e-08
  -1.9987e-08
  -1.9988e-08
  -1.9991e-08
  -1.9988e-08
  -1.9987e-08
  -1.9986e-08
  -1.9986e-08
  -1.9986e-08
  -1.9987e-08
  -1.9989e-08
  -1.9986e-08
  -1.9985e-08
  -1.9985e-08
  -1.9986e-08
  -1.9987e-08
  -1.9989e-08
  -1.9990e-08
  -1.9988e-08
  -1.9987e-08
  -1.9987e-08
  -1.9987e-08
  -1.9988e-08
  -1.9990e-08
  -1.9988e-08
  -1.9986e-08
  -1.9985e-08
  -1.9985e-08
  -1.9985e-08
  -1.9987e-08
  -1.9989e-08
  -1.9987e-08
  -1.9986e-08
  -1.9987e-08
  -1.9987e-08
  -1.9987e-08
  -1.9989e-08
  -1.9990e-08
  -1.9987e-08
  -1.9986e-08
  -1.9986e-08
  -1.9986e-08
  -1.9986e-08
  -1.9988e-08
  -1.9988e-08
  -1.9986e-08
  -1.9986e-08
  -1.9986e-08
  -1.9987e-08
  -1.9988e-08
  -1.9991e-08
  -1.9989e-08
  -1.9988e-08
  -1.9987e-08
  -1.9987e-08
  -1.9986e-08
  -1.9987e-08
  -1.9989e-08
  -1.9986e-08
  -1.9985e-08
  -1.9985e-08
  -1.9985e-08
  -1.9986e-08
  -1.9988e-08
  -1.9989e-08
  -1.9987e-08
  -1.9987e-08
  -1.9987e-08
  -1.9987e-08
  -1.9988e-08
  -1.9990e-08
  -1.9989e-08
  -1.9987e-08
  -1.9986e-08
  -1.9985e-08
  -1.9985e-08
  -1.9986e-08
  -1.9989e-08
  -1.9987e-08
  -1.9986e-08
  -1.9986e-08
  -1.9986e-08
  -1.9987e-08
  -1.9989e-08
  -1.9990e-08
  -1.9988e-08
  -1.9987e-08
  -1.9986e-08
  -1.9986e-08
  -1.9986e-08
  -1.9988e-08
  -1.9988e-08
  -1.9986e-08
  -1.9985e-08
  -1.9985e-08
  -1.9986e-08
  -1.9987e-08
  -1.9989e-08
  -1.9989e-08
  -1.9987e-08
  -1.9987e-08
  -1.9987e-08
  -1.9987e-08
  -1.9988e-08
  -1.9990e-08
  -1.9987e-08
  -1.9986e-08
  -1.9985e-08
  -1.9985e-08
  -1.9985e-08
  -1.9987e-08
  -1.9989e-08
  -1.9986e-08
  -1.9986e-08
  -1.9986e-08
  -1.9987e-08
  -1.9987e-08
  -1.9990e-08
